Occ, a_min, a_mid, a_max, M_min, M_mid, M_max 
0.000366,0.06,0.061893650810810504,0.0638470668448424,0.07999999999999999,0.08452125887808527,0.08929804002920383
0.000387,0.06,0.061893650810810504,0.0638470668448424,0.08929804002920383,0.09434478448267444,0.09967674941321612
0.000404,0.06,0.061893650810810504,0.0638470668448424,0.09967674941321612,0.10531005426600588,0.11126172948852864
0.000416,0.06,0.061893650810810504,0.0638470668448424,0.11126172948852864,0.11754976801654278,0.12419317966981348
0.000368,0.06,0.061893650810810504,0.0638470668448424,0.12419317966981348,0.13121204862206076,0.13862759411886386
0.000366,0.06,0.061893650810810504,0.0638470668448424,0.13862759411886386,0.14646223462708277,0.15473965560973155
0.000423,0.06,0.061893650810810504,0.0638470668448424,0.15473965560973155,0.1634848811311985,0.1727243495092878
0.000398,0.06,0.061893650810810504,0.0638470668448424,0.1727243495092878,0.1824859932427924,0.1927993234562322
0.000393,0.06,0.061893650810810504,0.0638470668448424,0.1927993234562322,0.20369551911704872,0.21520752129497553
0.00034,0.06,0.061893650810810504,0.0638470668448424,0.21520752129497553,0.22737013274854592,0.24022012313980576
0.000388,0.06,0.061893650810810504,0.0638470668448424,0.24022012313980576,0.25379634019531294,0.26813982714948303
0.000376,0.06,0.061893650810810504,0.0638470668448424,0.26813982714948303,0.28329394682533116,0.2993045127277292
0.000397,0.06,0.061893650810810504,0.0638470668448424,0.2993045127277292,0.31621992754549455,0.3340913294810264
0.000344,0.06,0.061893650810810504,0.0638470668448424,0.3340913294810264,0.3529727468498688,0.37292126141758264
0.000401,0.06,0.061893650810810504,0.0638470668448424,0.37292126141758264,0.3939971809677202,0.41626422162260607
0.000401,0.06,0.061893650810810504,0.0638470668448424,0.41626422162260607,0.4397897004681118,0.46464473906476067
0.000349,0.06,0.061893650810810504,0.0638470668448424,0.46464473906476067,0.4909044784604127,0.5186483063545496
0.000379,0.06,0.061893650810810504,0.0638470668448424,0.5186483063545496,0.547960097100917,0.5789284652740918
0.000422,0.06,0.061893650810810504,0.0638470668448424,0.5789284652740918,0.6116470335665513,0.6462147158261423
0.000352,0.06,0.061893650810810504,0.0638470668448424,0.6462147158261423,0.6827360160896209,0.7213213445162929
0.000382,0.06,0.061893650810810504,0.0638470668448424,0.7213213445162929,0.7620873511768764,0.805157278706688
0.000329,0.06,0.061893650810810504,0.0638470668448424,0.805157278706688,0.8506613348892827,0.8987370862969332
0.000365,0.06,0.061893650810810504,0.0638470668448424,0.8987370862969332,0.9495298741779894,1.0031932538484196
0.000348,0.06,0.061893650810810504,0.0638470668448424,1.0031932538484196,1.0598894589158872,1.1197898917397926
0.000325,0.06,0.061893650810810504,0.0638470668448424,1.1197898917397926,1.183075641610026,1.249938032210973
0.00032,0.06,0.061893650810810504,0.0638470668448424,1.249938032210973,1.3205792000258516,1.3952127054299968
0.000332,0.06,0.061893650810810504,0.0638470668448424,1.3952127054299968,1.4740641783205308,1.5573720002342704
0.000327,0.06,0.061893650810810504,0.0638470668448424,1.5573720002342704,1.6453880250160273,1.7383783402160131
0.000334,0.06,0.061893650810810504,0.0638470668448424,1.7383783402160131,1.8366240715181728,1.9404222326313807
0.00053,0.06,0.061893650810810504,0.0638470668448424,1.9404222326313807,2.050086623212864,2.1659487775384263
0.000771,0.06,0.061893650810810504,0.0638470668448424,2.1659487775384263,2.2883589667874706,2.417687257972894
0.000686,0.06,0.061893650810810504,0.0638470668448424,2.417687257972894,2.5543246327171887,2.6986841692569943
0.000661,0.06,0.061893650810810504,0.0638470668448424,2.6986841692569943,2.851202291249511,3.0123400871561223
0.000698,0.06,0.061893650810810504,0.0638470668448424,3.0123400871561223,3.1825847041919566,3.3624508210555346
0.000653,0.06,0.061893650810810504,0.0638470668448424,3.3624508210555346,3.552482203890815,3.7532533501855805
0.000643,0.06,0.061893650810810504,0.0638470668448424,3.7532533501855805,3.9653712255759532,4.189477098807692
0.000609,0.06,0.061893650810810504,0.0638470668448424,4.189477098807692,4.42624848040168,4.676401170884524
0.000658,0.06,0.061893650810810504,0.0638470668448424,4.676401170884524,4.940691424776398,5.219918236878273
0.000664,0.06,0.061893650810810504,0.0638470668448424,5.219918236878273,5.514925757770336,5.82660584582409
0.000613,0.06,0.061893650810810504,0.0638470668448424,5.82660584582409,6.155900763443285,6.5038060256849075
0.000632,0.06,0.061893650810810504,0.0638470668448424,6.5038060256849075,6.871373409872062,7.25971413529735
0.000568,0.06,0.061893650810810504,0.0638470668448424,7.25971413529735,7.670002222629526,8.103478043179491
0.000606,0.06,0.061893650810810504,0.0638470668448424,8.103478043179491,8.561452068755672,9.045308833445212
0.000595,0.06,0.061893650810810504,0.0638470668448424,9.045308833445212,9.556511119298175,10.096604378568765
0.000587,0.06,0.061893650810810504,0.0638470668448424,10.096604378568765,10.66722140588275,11.27008727445586
0.00015,0.06,0.061893650810810504,0.0638470668448424,11.27008727445586,11.907024551286224,12.579958807087245
7.6e-05,0.06,0.061893650810810504,0.0638470668448424,12.579958807087245,13.290924437618376,14.042070814012659
6.9e-05,0.06,0.061893650810810504,0.0638470668448424,14.042070814012659,14.835668780694615,15.67411752053271
7.3e-05,0.06,0.061893650810810504,0.0638470668448424,15.67411752053271,16.55995180798096,17.49584967213718
6.2e-05,0.06,0.061893650810810504,0.0638470668448424,17.49584967213718,18.484640492884626,19.529313554592992
5.3e-05,0.06,0.061893650810810504,0.0638470668448424,19.529313554592992,20.63302708323817,21.799117794261466
5e-05,0.06,0.061893650810810504,0.0638470668448424,21.799117794261466,23.03111098003311,24.332731167416135
5.8e-05,0.06,0.061893650810810504,0.0638470668448424,24.332731167416135,25.707913377650407,27.160815022597262
5.3e-05,0.06,0.061893650810810504,0.0638470668448424,27.160815022597262,28.695828473309135,30.317594338921154
5e-05,0.06,0.061893650810810504,0.0638470668448424,30.317594338921154,32.03101549600908,33.84127191082679
4.1e-05,0.06,0.061893650810810504,0.0638470668448424,33.84127191082679,35.75383629923332,37.77449067165226
2.5e-05,0.06,0.061893650810810504,0.0638470668448424,37.77449067165226,39.909343813081726,42.1648497509999
2.5e-05,0.06,0.061893650810810504,0.0638470668448424,42.1648497509999,44.547827266997885,47.06548051112691
3.6e-05,0.06,0.061893650810810504,0.0638470668448424,47.06548051112691,49.72542078128044,52.535689533454075
2.2e-05,0.06,0.061893650810810504,0.0638470668448424,52.535689533454075,55.504782692447314,58.641676336502556
2.8e-05,0.06,0.061893650810810504,0.0638470668448424,58.641676336502556,61.955853833530256,65.45733451095779
2.1e-05,0.06,0.061893650810810504,0.0638470668448424,65.45733451095779,69.15670394587609,73.06514596705614
1.3e-05,0.06,0.061893650810810504,0.0638470668448424,73.06514596705614,77.19447646558302,81.55717911632256
5e-06,0.06,0.061893650810810504,0.0638470668448424,81.55717911632256,86.16644311821332,91.03620306747894
9e-06,0.06,0.061893650810810504,0.0638470668448424,91.03620306747894,96.18118108430411,101.61693132033079
7e-06,0.06,0.061893650810810504,0.0638470668448424,101.61693132033079,107.35988698152859,113.42741000859688
4e-06,0.06,0.061893650810810504,0.0638470668448424,113.42741000859688,119.83784356509167,126.61056749195744
6e-06,0.06,0.061893650810810504,0.0638470668448424,126.61056749195744,133.76605689611287,141.32594405021308
3e-06,0.06,0.061893650810810504,0.0638470668448424,141.32594405021308,149.31308379072314,157.7516226120118
1e-05,0.06,0.061893650810810504,0.0638470668448424,157.7516226120118,166.66707166534817,176.08638388349098
5e-06,0.06,0.061893650810810504,0.0638470668448424,176.08638388349098,186.0380354640305,196.55211195782155
5e-06,0.06,0.061893650810810504,0.0638470668448424,196.55211195782155,207.66039922276806,219.39647951792662
8e-06,0.06,0.061893650810810504,0.0638470668448424,219.39647951792662,231.79583302844003,244.8959451282275
6e-06,0.06,0.061893650810810504,0.0638470668448424,244.8959451282275,258.73641970470345,273.35909888812694
3e-06,0.06,0.061893650810810504,0.0638470668448424,273.35909888812694,288.8081895475435,305.13039693573796
3e-06,0.06,0.061893650810810504,0.0638470668448424,305.13039693573796,322.37506588723016,340.5943299961796
2e-06,0.06,0.061893650810810504,0.0638470668448424,340.5943299961796,359.843269225189,380.18007642148444
2e-06,0.06,0.061893650810810504,0.0638470668448424,380.18007642148444,401.66623324388144,424.3666960323934
1e-06,0.06,0.061893650810810504,0.0638470668448424,424.3666960323934,448.35009218239543,473.6889276170203
7e-06,0.06,0.061893650810810504,0.0638470668448424,473.6889276170203,500.45980598500944,528.7436602466912
3e-06,0.06,0.061893650810810504,0.0638470668448424,528.7436602466912,558.6259973482117,590.1971567237096
4e-06,0.06,0.061893650810810504,0.0638470668448424,590.1971567237096,623.5525834069318,658.7931165779523
5e-06,0.06,0.061893650810810504,0.0638470668448424,658.7931165779523,696.0252944173212,735.3616761892738
3e-06,0.06,0.061893650810810504,0.0638470668448424,735.3616761892738,776.9211825277038,820.8294549536521
4e-06,0.06,0.061893650810810504,0.0638470668448424,820.8294549536521,867.2192357111913,916.2307690700113
3e-06,0.06,0.061893650810810504,0.0638470668448424,916.2307690700113,968.0122253079195,1022.7201486550255
0.0,0.06,0.061893650810810504,0.0638470668448424,1022.7201486550255,1080.5199305538154,1141.5863096658716
1e-06,0.06,0.061893650810810504,0.0638470668448424,1141.5863096658716,1206.1039001368388,1274.2677497166753
2e-06,0.06,0.061893650810810504,0.0638470668448424,1274.2677497166753,1346.2839294224782,1422.370156526539
1e-06,0.06,0.061893650810810504,0.0638470668448424,1422.370156526539,1502.7564527530292,1587.68583967315
1e-06,0.06,0.061893650810810504,0.0638470668448424,1587.68583967315,1677.4150734010555,1772.2154208116622
2e-06,0.06,0.061893650810810504,0.0638470668448424,1772.2154208116622,1872.373479626966,1978.1920448501505
1e-06,0.06,0.061893650810810504,0.0638470668448424,1978.1920448501505,2089.991024166855,2208.1084050810155
0.0,0.06,0.061893650810810504,0.0638470668448424,2208.1084050810155,2332.9012767091076,2464.7469093218283
3e-06,0.06,0.061893650810810504,0.0638470668448424,2464.7469093218283,2604.0438948968845,2751.213352130962
0.0,0.06,0.061893650810810504,0.0638470668448424,2751.213352130962,2906.7001995538217,3070.9745005933823
0.0,0.06,0.061893650810810504,0.0638470668448424,3070.9745005933823,3244.5328846581474,3427.9000485331494
0.0,0.06,0.061893650810810504,0.0638470668448424,3427.9000485331494,3621.630342628391,3826.309446875285
1e-06,0.06,0.061893650810810504,0.0638470668448424,3826.309446875285,4042.556141337618,4271.024176889881
0.0,0.06,0.061893650810810504,0.0638470668448424,4271.024176889881,4512.404251618383,4767.426098920123
0.000364,0.0638470668448424,0.06586213434315254,0.06794079907816293,0.07999999999999999,0.08452125887808527,0.08929804002920383
0.000405,0.0638470668448424,0.06586213434315254,0.06794079907816293,0.08929804002920383,0.09434478448267444,0.09967674941321612
0.000387,0.0638470668448424,0.06586213434315254,0.06794079907816293,0.09967674941321612,0.10531005426600588,0.11126172948852864
0.000411,0.0638470668448424,0.06586213434315254,0.06794079907816293,0.11126172948852864,0.11754976801654278,0.12419317966981348
0.00038,0.0638470668448424,0.06586213434315254,0.06794079907816293,0.12419317966981348,0.13121204862206076,0.13862759411886386
0.000417,0.0638470668448424,0.06586213434315254,0.06794079907816293,0.13862759411886386,0.14646223462708277,0.15473965560973155
0.000376,0.0638470668448424,0.06586213434315254,0.06794079907816293,0.15473965560973155,0.1634848811311985,0.1727243495092878
0.000419,0.0638470668448424,0.06586213434315254,0.06794079907816293,0.1727243495092878,0.1824859932427924,0.1927993234562322
0.000417,0.0638470668448424,0.06586213434315254,0.06794079907816293,0.1927993234562322,0.20369551911704872,0.21520752129497553
0.000383,0.0638470668448424,0.06586213434315254,0.06794079907816293,0.21520752129497553,0.22737013274854592,0.24022012313980576
0.000412,0.0638470668448424,0.06586213434315254,0.06794079907816293,0.24022012313980576,0.25379634019531294,0.26813982714948303
0.000393,0.0638470668448424,0.06586213434315254,0.06794079907816293,0.26813982714948303,0.28329394682533116,0.2993045127277292
0.000357,0.0638470668448424,0.06586213434315254,0.06794079907816293,0.2993045127277292,0.31621992754549455,0.3340913294810264
0.00036,0.0638470668448424,0.06586213434315254,0.06794079907816293,0.3340913294810264,0.3529727468498688,0.37292126141758264
0.000339,0.0638470668448424,0.06586213434315254,0.06794079907816293,0.37292126141758264,0.3939971809677202,0.41626422162260607
0.000377,0.0638470668448424,0.06586213434315254,0.06794079907816293,0.41626422162260607,0.4397897004681118,0.46464473906476067
0.000376,0.0638470668448424,0.06586213434315254,0.06794079907816293,0.46464473906476067,0.4909044784604127,0.5186483063545496
0.000376,0.0638470668448424,0.06586213434315254,0.06794079907816293,0.5186483063545496,0.547960097100917,0.5789284652740918
0.000351,0.0638470668448424,0.06586213434315254,0.06794079907816293,0.5789284652740918,0.6116470335665513,0.6462147158261423
0.000352,0.0638470668448424,0.06586213434315254,0.06794079907816293,0.6462147158261423,0.6827360160896209,0.7213213445162929
0.00037,0.0638470668448424,0.06586213434315254,0.06794079907816293,0.7213213445162929,0.7620873511768764,0.805157278706688
0.000353,0.0638470668448424,0.06586213434315254,0.06794079907816293,0.805157278706688,0.8506613348892827,0.8987370862969332
0.000337,0.0638470668448424,0.06586213434315254,0.06794079907816293,0.8987370862969332,0.9495298741779894,1.0031932538484196
0.000357,0.0638470668448424,0.06586213434315254,0.06794079907816293,1.0031932538484196,1.0598894589158872,1.1197898917397926
0.000374,0.0638470668448424,0.06586213434315254,0.06794079907816293,1.1197898917397926,1.183075641610026,1.249938032210973
0.000329,0.0638470668448424,0.06586213434315254,0.06794079907816293,1.249938032210973,1.3205792000258516,1.3952127054299968
0.000322,0.0638470668448424,0.06586213434315254,0.06794079907816293,1.3952127054299968,1.4740641783205308,1.5573720002342704
0.000371,0.0638470668448424,0.06586213434315254,0.06794079907816293,1.5573720002342704,1.6453880250160273,1.7383783402160131
0.00036,0.0638470668448424,0.06586213434315254,0.06794079907816293,1.7383783402160131,1.8366240715181728,1.9404222326313807
0.000516,0.0638470668448424,0.06586213434315254,0.06794079907816293,1.9404222326313807,2.050086623212864,2.1659487775384263
0.000714,0.0638470668448424,0.06586213434315254,0.06794079907816293,2.1659487775384263,2.2883589667874706,2.417687257972894
0.000699,0.0638470668448424,0.06586213434315254,0.06794079907816293,2.417687257972894,2.5543246327171887,2.6986841692569943
0.000696,0.0638470668448424,0.06586213434315254,0.06794079907816293,2.6986841692569943,2.851202291249511,3.0123400871561223
0.000669,0.0638470668448424,0.06586213434315254,0.06794079907816293,3.0123400871561223,3.1825847041919566,3.3624508210555346
0.000655,0.0638470668448424,0.06586213434315254,0.06794079907816293,3.3624508210555346,3.552482203890815,3.7532533501855805
0.000699,0.0638470668448424,0.06586213434315254,0.06794079907816293,3.7532533501855805,3.9653712255759532,4.189477098807692
0.000646,0.0638470668448424,0.06586213434315254,0.06794079907816293,4.189477098807692,4.42624848040168,4.676401170884524
0.000643,0.0638470668448424,0.06586213434315254,0.06794079907816293,4.676401170884524,4.940691424776398,5.219918236878273
0.000668,0.0638470668448424,0.06586213434315254,0.06794079907816293,5.219918236878273,5.514925757770336,5.82660584582409
0.000609,0.0638470668448424,0.06586213434315254,0.06794079907816293,5.82660584582409,6.155900763443285,6.5038060256849075
0.000614,0.0638470668448424,0.06586213434315254,0.06794079907816293,6.5038060256849075,6.871373409872062,7.25971413529735
0.000623,0.0638470668448424,0.06586213434315254,0.06794079907816293,7.25971413529735,7.670002222629526,8.103478043179491
0.0006,0.0638470668448424,0.06586213434315254,0.06794079907816293,8.103478043179491,8.561452068755672,9.045308833445212
0.000633,0.0638470668448424,0.06586213434315254,0.06794079907816293,9.045308833445212,9.556511119298175,10.096604378568765
0.000563,0.0638470668448424,0.06586213434315254,0.06794079907816293,10.096604378568765,10.66722140588275,11.27008727445586
0.000139,0.0638470668448424,0.06586213434315254,0.06794079907816293,11.27008727445586,11.907024551286224,12.579958807087245
6.2e-05,0.0638470668448424,0.06586213434315254,0.06794079907816293,12.579958807087245,13.290924437618376,14.042070814012659
4.6e-05,0.0638470668448424,0.06586213434315254,0.06794079907816293,14.042070814012659,14.835668780694615,15.67411752053271
6e-05,0.0638470668448424,0.06586213434315254,0.06794079907816293,15.67411752053271,16.55995180798096,17.49584967213718
5.2e-05,0.0638470668448424,0.06586213434315254,0.06794079907816293,17.49584967213718,18.484640492884626,19.529313554592992
6.3e-05,0.0638470668448424,0.06586213434315254,0.06794079907816293,19.529313554592992,20.63302708323817,21.799117794261466
5.8e-05,0.0638470668448424,0.06586213434315254,0.06794079907816293,21.799117794261466,23.03111098003311,24.332731167416135
5.5e-05,0.0638470668448424,0.06586213434315254,0.06794079907816293,24.332731167416135,25.707913377650407,27.160815022597262
4.3e-05,0.0638470668448424,0.06586213434315254,0.06794079907816293,27.160815022597262,28.695828473309135,30.317594338921154
4.6e-05,0.0638470668448424,0.06586213434315254,0.06794079907816293,30.317594338921154,32.03101549600908,33.84127191082679
3.9e-05,0.0638470668448424,0.06586213434315254,0.06794079907816293,33.84127191082679,35.75383629923332,37.77449067165226
4.6e-05,0.0638470668448424,0.06586213434315254,0.06794079907816293,37.77449067165226,39.909343813081726,42.1648497509999
2e-05,0.0638470668448424,0.06586213434315254,0.06794079907816293,42.1648497509999,44.547827266997885,47.06548051112691
2.4e-05,0.0638470668448424,0.06586213434315254,0.06794079907816293,47.06548051112691,49.72542078128044,52.535689533454075
1.5e-05,0.0638470668448424,0.06586213434315254,0.06794079907816293,52.535689533454075,55.504782692447314,58.641676336502556
2e-05,0.0638470668448424,0.06586213434315254,0.06794079907816293,58.641676336502556,61.955853833530256,65.45733451095779
2.6e-05,0.0638470668448424,0.06586213434315254,0.06794079907816293,65.45733451095779,69.15670394587609,73.06514596705614
1.1e-05,0.0638470668448424,0.06586213434315254,0.06794079907816293,73.06514596705614,77.19447646558302,81.55717911632256
1.1e-05,0.0638470668448424,0.06586213434315254,0.06794079907816293,81.55717911632256,86.16644311821332,91.03620306747894
1e-05,0.0638470668448424,0.06586213434315254,0.06794079907816293,91.03620306747894,96.18118108430411,101.61693132033079
8e-06,0.0638470668448424,0.06586213434315254,0.06794079907816293,101.61693132033079,107.35988698152859,113.42741000859688
7e-06,0.0638470668448424,0.06586213434315254,0.06794079907816293,113.42741000859688,119.83784356509167,126.61056749195744
3e-06,0.0638470668448424,0.06586213434315254,0.06794079907816293,126.61056749195744,133.76605689611287,141.32594405021308
9e-06,0.0638470668448424,0.06586213434315254,0.06794079907816293,141.32594405021308,149.31308379072314,157.7516226120118
5e-06,0.0638470668448424,0.06586213434315254,0.06794079907816293,157.7516226120118,166.66707166534817,176.08638388349098
5e-06,0.0638470668448424,0.06586213434315254,0.06794079907816293,176.08638388349098,186.0380354640305,196.55211195782155
7e-06,0.0638470668448424,0.06586213434315254,0.06794079907816293,196.55211195782155,207.66039922276806,219.39647951792662
5e-06,0.0638470668448424,0.06586213434315254,0.06794079907816293,219.39647951792662,231.79583302844003,244.8959451282275
8e-06,0.0638470668448424,0.06586213434315254,0.06794079907816293,244.8959451282275,258.73641970470345,273.35909888812694
4e-06,0.0638470668448424,0.06586213434315254,0.06794079907816293,273.35909888812694,288.8081895475435,305.13039693573796
6e-06,0.0638470668448424,0.06586213434315254,0.06794079907816293,305.13039693573796,322.37506588723016,340.5943299961796
4e-06,0.0638470668448424,0.06586213434315254,0.06794079907816293,340.5943299961796,359.843269225189,380.18007642148444
3e-06,0.0638470668448424,0.06586213434315254,0.06794079907816293,380.18007642148444,401.66623324388144,424.3666960323934
4e-06,0.0638470668448424,0.06586213434315254,0.06794079907816293,424.3666960323934,448.35009218239543,473.6889276170203
3e-06,0.0638470668448424,0.06586213434315254,0.06794079907816293,473.6889276170203,500.45980598500944,528.7436602466912
3e-06,0.0638470668448424,0.06586213434315254,0.06794079907816293,528.7436602466912,558.6259973482117,590.1971567237096
6e-06,0.0638470668448424,0.06586213434315254,0.06794079907816293,590.1971567237096,623.5525834069318,658.7931165779523
3e-06,0.0638470668448424,0.06586213434315254,0.06794079907816293,658.7931165779523,696.0252944173212,735.3616761892738
5e-06,0.0638470668448424,0.06586213434315254,0.06794079907816293,735.3616761892738,776.9211825277038,820.8294549536521
5e-06,0.0638470668448424,0.06586213434315254,0.06794079907816293,820.8294549536521,867.2192357111913,916.2307690700113
1e-06,0.0638470668448424,0.06586213434315254,0.06794079907816293,916.2307690700113,968.0122253079195,1022.7201486550255
2e-06,0.0638470668448424,0.06586213434315254,0.06794079907816293,1022.7201486550255,1080.5199305538154,1141.5863096658716
0.0,0.0638470668448424,0.06586213434315254,0.06794079907816293,1141.5863096658716,1206.1039001368388,1274.2677497166753
3e-06,0.0638470668448424,0.06586213434315254,0.06794079907816293,1274.2677497166753,1346.2839294224782,1422.370156526539
0.0,0.0638470668448424,0.06586213434315254,0.06794079907816293,1422.370156526539,1502.7564527530292,1587.68583967315
1e-06,0.0638470668448424,0.06586213434315254,0.06794079907816293,1587.68583967315,1677.4150734010555,1772.2154208116622
1e-06,0.0638470668448424,0.06586213434315254,0.06794079907816293,1772.2154208116622,1872.373479626966,1978.1920448501505
5e-06,0.0638470668448424,0.06586213434315254,0.06794079907816293,1978.1920448501505,2089.991024166855,2208.1084050810155
1e-06,0.0638470668448424,0.06586213434315254,0.06794079907816293,2208.1084050810155,2332.9012767091076,2464.7469093218283
2e-06,0.0638470668448424,0.06586213434315254,0.06794079907816293,2464.7469093218283,2604.0438948968845,2751.213352130962
2e-06,0.0638470668448424,0.06586213434315254,0.06794079907816293,2751.213352130962,2906.7001995538217,3070.9745005933823
0.0,0.0638470668448424,0.06586213434315254,0.06794079907816293,3070.9745005933823,3244.5328846581474,3427.9000485331494
0.0,0.0638470668448424,0.06586213434315254,0.06794079907816293,3427.9000485331494,3621.630342628391,3826.309446875285
1e-06,0.0638470668448424,0.06586213434315254,0.06794079907816293,3826.309446875285,4042.556141337618,4271.024176889881
1e-06,0.0638470668448424,0.06586213434315254,0.06794079907816293,4271.024176889881,4512.404251618383,4767.426098920123
0.000402,0.06794079907816293,0.07008506823252088,0.07229701233725792,0.07999999999999999,0.08452125887808527,0.08929804002920383
0.000379,0.06794079907816293,0.07008506823252088,0.07229701233725792,0.08929804002920383,0.09434478448267444,0.09967674941321612
0.000414,0.06794079907816293,0.07008506823252088,0.07229701233725792,0.09967674941321612,0.10531005426600588,0.11126172948852864
0.000414,0.06794079907816293,0.07008506823252088,0.07229701233725792,0.11126172948852864,0.11754976801654278,0.12419317966981348
0.000429,0.06794079907816293,0.07008506823252088,0.07229701233725792,0.12419317966981348,0.13121204862206076,0.13862759411886386
0.000416,0.06794079907816293,0.07008506823252088,0.07229701233725792,0.13862759411886386,0.14646223462708277,0.15473965560973155
0.000369,0.06794079907816293,0.07008506823252088,0.07229701233725792,0.15473965560973155,0.1634848811311985,0.1727243495092878
0.000409,0.06794079907816293,0.07008506823252088,0.07229701233725792,0.1727243495092878,0.1824859932427924,0.1927993234562322
0.00039,0.06794079907816293,0.07008506823252088,0.07229701233725792,0.1927993234562322,0.20369551911704872,0.21520752129497553
0.000396,0.06794079907816293,0.07008506823252088,0.07229701233725792,0.21520752129497553,0.22737013274854592,0.24022012313980576
0.0004,0.06794079907816293,0.07008506823252088,0.07229701233725792,0.24022012313980576,0.25379634019531294,0.26813982714948303
0.000386,0.06794079907816293,0.07008506823252088,0.07229701233725792,0.26813982714948303,0.28329394682533116,0.2993045127277292
0.00035,0.06794079907816293,0.07008506823252088,0.07229701233725792,0.2993045127277292,0.31621992754549455,0.3340913294810264
0.000346,0.06794079907816293,0.07008506823252088,0.07229701233725792,0.3340913294810264,0.3529727468498688,0.37292126141758264
0.000327,0.06794079907816293,0.07008506823252088,0.07229701233725792,0.37292126141758264,0.3939971809677202,0.41626422162260607
0.000398,0.06794079907816293,0.07008506823252088,0.07229701233725792,0.41626422162260607,0.4397897004681118,0.46464473906476067
0.000346,0.06794079907816293,0.07008506823252088,0.07229701233725792,0.46464473906476067,0.4909044784604127,0.5186483063545496
0.000374,0.06794079907816293,0.07008506823252088,0.07229701233725792,0.5186483063545496,0.547960097100917,0.5789284652740918
0.000315,0.06794079907816293,0.07008506823252088,0.07229701233725792,0.5789284652740918,0.6116470335665513,0.6462147158261423
0.000392,0.06794079907816293,0.07008506823252088,0.07229701233725792,0.6462147158261423,0.6827360160896209,0.7213213445162929
0.000375,0.06794079907816293,0.07008506823252088,0.07229701233725792,0.7213213445162929,0.7620873511768764,0.805157278706688
0.000334,0.06794079907816293,0.07008506823252088,0.07229701233725792,0.805157278706688,0.8506613348892827,0.8987370862969332
0.000343,0.06794079907816293,0.07008506823252088,0.07229701233725792,0.8987370862969332,0.9495298741779894,1.0031932538484196
0.000375,0.06794079907816293,0.07008506823252088,0.07229701233725792,1.0031932538484196,1.0598894589158872,1.1197898917397926
0.000343,0.06794079907816293,0.07008506823252088,0.07229701233725792,1.1197898917397926,1.183075641610026,1.249938032210973
0.000316,0.06794079907816293,0.07008506823252088,0.07229701233725792,1.249938032210973,1.3205792000258516,1.3952127054299968
0.000347,0.06794079907816293,0.07008506823252088,0.07229701233725792,1.3952127054299968,1.4740641783205308,1.5573720002342704
0.00033,0.06794079907816293,0.07008506823252088,0.07229701233725792,1.5573720002342704,1.6453880250160273,1.7383783402160131
0.000375,0.06794079907816293,0.07008506823252088,0.07229701233725792,1.7383783402160131,1.8366240715181728,1.9404222326313807
0.000539,0.06794079907816293,0.07008506823252088,0.07229701233725792,1.9404222326313807,2.050086623212864,2.1659487775384263
0.000727,0.06794079907816293,0.07008506823252088,0.07229701233725792,2.1659487775384263,2.2883589667874706,2.417687257972894
0.000704,0.06794079907816293,0.07008506823252088,0.07229701233725792,2.417687257972894,2.5543246327171887,2.6986841692569943
0.000717,0.06794079907816293,0.07008506823252088,0.07229701233725792,2.6986841692569943,2.851202291249511,3.0123400871561223
0.000631,0.06794079907816293,0.07008506823252088,0.07229701233725792,3.0123400871561223,3.1825847041919566,3.3624508210555346
0.000688,0.06794079907816293,0.07008506823252088,0.07229701233725792,3.3624508210555346,3.552482203890815,3.7532533501855805
0.00066,0.06794079907816293,0.07008506823252088,0.07229701233725792,3.7532533501855805,3.9653712255759532,4.189477098807692
0.000654,0.06794079907816293,0.07008506823252088,0.07229701233725792,4.189477098807692,4.42624848040168,4.676401170884524
0.000636,0.06794079907816293,0.07008506823252088,0.07229701233725792,4.676401170884524,4.940691424776398,5.219918236878273
0.000635,0.06794079907816293,0.07008506823252088,0.07229701233725792,5.219918236878273,5.514925757770336,5.82660584582409
0.00065,0.06794079907816293,0.07008506823252088,0.07229701233725792,5.82660584582409,6.155900763443285,6.5038060256849075
0.000666,0.06794079907816293,0.07008506823252088,0.07229701233725792,6.5038060256849075,6.871373409872062,7.25971413529735
0.000578,0.06794079907816293,0.07008506823252088,0.07229701233725792,7.25971413529735,7.670002222629526,8.103478043179491
0.000588,0.06794079907816293,0.07008506823252088,0.07229701233725792,8.103478043179491,8.561452068755672,9.045308833445212
0.000601,0.06794079907816293,0.07008506823252088,0.07229701233725792,9.045308833445212,9.556511119298175,10.096604378568765
0.000584,0.06794079907816293,0.07008506823252088,0.07229701233725792,10.096604378568765,10.66722140588275,11.27008727445586
0.000164,0.06794079907816293,0.07008506823252088,0.07229701233725792,11.27008727445586,11.907024551286224,12.579958807087245
7.1e-05,0.06794079907816293,0.07008506823252088,0.07229701233725792,12.579958807087245,13.290924437618376,14.042070814012659
8.6e-05,0.06794079907816293,0.07008506823252088,0.07229701233725792,14.042070814012659,14.835668780694615,15.67411752053271
5.7e-05,0.06794079907816293,0.07008506823252088,0.07229701233725792,15.67411752053271,16.55995180798096,17.49584967213718
6e-05,0.06794079907816293,0.07008506823252088,0.07229701233725792,17.49584967213718,18.484640492884626,19.529313554592992
4.7e-05,0.06794079907816293,0.07008506823252088,0.07229701233725792,19.529313554592992,20.63302708323817,21.799117794261466
4.9e-05,0.06794079907816293,0.07008506823252088,0.07229701233725792,21.799117794261466,23.03111098003311,24.332731167416135
4e-05,0.06794079907816293,0.07008506823252088,0.07229701233725792,24.332731167416135,25.707913377650407,27.160815022597262
4.9e-05,0.06794079907816293,0.07008506823252088,0.07229701233725792,27.160815022597262,28.695828473309135,30.317594338921154
3.8e-05,0.06794079907816293,0.07008506823252088,0.07229701233725792,30.317594338921154,32.03101549600908,33.84127191082679
3.9e-05,0.06794079907816293,0.07008506823252088,0.07229701233725792,33.84127191082679,35.75383629923332,37.77449067165226
3e-05,0.06794079907816293,0.07008506823252088,0.07229701233725792,37.77449067165226,39.909343813081726,42.1648497509999
2.4e-05,0.06794079907816293,0.07008506823252088,0.07229701233725792,42.1648497509999,44.547827266997885,47.06548051112691
3.2e-05,0.06794079907816293,0.07008506823252088,0.07229701233725792,47.06548051112691,49.72542078128044,52.535689533454075
2.6e-05,0.06794079907816293,0.07008506823252088,0.07229701233725792,52.535689533454075,55.504782692447314,58.641676336502556
2e-05,0.06794079907816293,0.07008506823252088,0.07229701233725792,58.641676336502556,61.955853833530256,65.45733451095779
2.1e-05,0.06794079907816293,0.07008506823252088,0.07229701233725792,65.45733451095779,69.15670394587609,73.06514596705614
1e-05,0.06794079907816293,0.07008506823252088,0.07229701233725792,73.06514596705614,77.19447646558302,81.55717911632256
1e-05,0.06794079907816293,0.07008506823252088,0.07229701233725792,81.55717911632256,86.16644311821332,91.03620306747894
1e-05,0.06794079907816293,0.07008506823252088,0.07229701233725792,91.03620306747894,96.18118108430411,101.61693132033079
8e-06,0.06794079907816293,0.07008506823252088,0.07229701233725792,101.61693132033079,107.35988698152859,113.42741000859688
6e-06,0.06794079907816293,0.07008506823252088,0.07229701233725792,113.42741000859688,119.83784356509167,126.61056749195744
7e-06,0.06794079907816293,0.07008506823252088,0.07229701233725792,126.61056749195744,133.76605689611287,141.32594405021308
4e-06,0.06794079907816293,0.07008506823252088,0.07229701233725792,141.32594405021308,149.31308379072314,157.7516226120118
9e-06,0.06794079907816293,0.07008506823252088,0.07229701233725792,157.7516226120118,166.66707166534817,176.08638388349098
3e-06,0.06794079907816293,0.07008506823252088,0.07229701233725792,176.08638388349098,186.0380354640305,196.55211195782155
3e-06,0.06794079907816293,0.07008506823252088,0.07229701233725792,196.55211195782155,207.66039922276806,219.39647951792662
7e-06,0.06794079907816293,0.07008506823252088,0.07229701233725792,219.39647951792662,231.79583302844003,244.8959451282275
4e-06,0.06794079907816293,0.07008506823252088,0.07229701233725792,244.8959451282275,258.73641970470345,273.35909888812694
4e-06,0.06794079907816293,0.07008506823252088,0.07229701233725792,273.35909888812694,288.8081895475435,305.13039693573796
7e-06,0.06794079907816293,0.07008506823252088,0.07229701233725792,305.13039693573796,322.37506588723016,340.5943299961796
3e-06,0.06794079907816293,0.07008506823252088,0.07229701233725792,340.5943299961796,359.843269225189,380.18007642148444
2e-06,0.06794079907816293,0.07008506823252088,0.07229701233725792,380.18007642148444,401.66623324388144,424.3666960323934
6e-06,0.06794079907816293,0.07008506823252088,0.07229701233725792,424.3666960323934,448.35009218239543,473.6889276170203
7e-06,0.06794079907816293,0.07008506823252088,0.07229701233725792,473.6889276170203,500.45980598500944,528.7436602466912
1e-06,0.06794079907816293,0.07008506823252088,0.07229701233725792,528.7436602466912,558.6259973482117,590.1971567237096
2e-06,0.06794079907816293,0.07008506823252088,0.07229701233725792,590.1971567237096,623.5525834069318,658.7931165779523
2e-06,0.06794079907816293,0.07008506823252088,0.07229701233725792,658.7931165779523,696.0252944173212,735.3616761892738
6e-06,0.06794079907816293,0.07008506823252088,0.07229701233725792,735.3616761892738,776.9211825277038,820.8294549536521
2e-06,0.06794079907816293,0.07008506823252088,0.07229701233725792,820.8294549536521,867.2192357111913,916.2307690700113
4e-06,0.06794079907816293,0.07008506823252088,0.07229701233725792,916.2307690700113,968.0122253079195,1022.7201486550255
1e-06,0.06794079907816293,0.07008506823252088,0.07229701233725792,1022.7201486550255,1080.5199305538154,1141.5863096658716
1e-06,0.06794079907816293,0.07008506823252088,0.07229701233725792,1141.5863096658716,1206.1039001368388,1274.2677497166753
0.0,0.06794079907816293,0.07008506823252088,0.07229701233725792,1274.2677497166753,1346.2839294224782,1422.370156526539
2e-06,0.06794079907816293,0.07008506823252088,0.07229701233725792,1422.370156526539,1502.7564527530292,1587.68583967315
1e-06,0.06794079907816293,0.07008506823252088,0.07229701233725792,1587.68583967315,1677.4150734010555,1772.2154208116622
1e-06,0.06794079907816293,0.07008506823252088,0.07229701233725792,1772.2154208116622,1872.373479626966,1978.1920448501505
0.0,0.06794079907816293,0.07008506823252088,0.07229701233725792,1978.1920448501505,2089.991024166855,2208.1084050810155
0.0,0.06794079907816293,0.07008506823252088,0.07229701233725792,2208.1084050810155,2332.9012767091076,2464.7469093218283
1e-06,0.06794079907816293,0.07008506823252088,0.07229701233725792,2464.7469093218283,2604.0438948968845,2751.213352130962
0.0,0.06794079907816293,0.07008506823252088,0.07229701233725792,2751.213352130962,2906.7001995538217,3070.9745005933823
1e-06,0.06794079907816293,0.07008506823252088,0.07229701233725792,3070.9745005933823,3244.5328846581474,3427.9000485331494
1e-06,0.06794079907816293,0.07008506823252088,0.07229701233725792,3427.9000485331494,3621.630342628391,3826.309446875285
2e-06,0.06794079907816293,0.07008506823252088,0.07229701233725792,3826.309446875285,4042.556141337618,4271.024176889881
0.0,0.06794079907816293,0.07008506823252088,0.07229701233725792,4271.024176889881,4512.404251618383,4767.426098920123
0.000429,0.07229701233725792,0.07457876727111838,0.07693253632298841,0.07999999999999999,0.08452125887808527,0.08929804002920383
0.000368,0.07229701233725792,0.07457876727111838,0.07693253632298841,0.08929804002920383,0.09434478448267444,0.09967674941321612
0.000417,0.07229701233725792,0.07457876727111838,0.07693253632298841,0.09967674941321612,0.10531005426600588,0.11126172948852864
0.000434,0.07229701233725792,0.07457876727111838,0.07693253632298841,0.11126172948852864,0.11754976801654278,0.12419317966981348
0.000398,0.07229701233725792,0.07457876727111838,0.07693253632298841,0.12419317966981348,0.13121204862206076,0.13862759411886386
0.000407,0.07229701233725792,0.07457876727111838,0.07693253632298841,0.13862759411886386,0.14646223462708277,0.15473965560973155
0.000412,0.07229701233725792,0.07457876727111838,0.07693253632298841,0.15473965560973155,0.1634848811311985,0.1727243495092878
0.00039,0.07229701233725792,0.07457876727111838,0.07693253632298841,0.1727243495092878,0.1824859932427924,0.1927993234562322
0.000387,0.07229701233725792,0.07457876727111838,0.07693253632298841,0.1927993234562322,0.20369551911704872,0.21520752129497553
0.000431,0.07229701233725792,0.07457876727111838,0.07693253632298841,0.21520752129497553,0.22737013274854592,0.24022012313980576
0.000396,0.07229701233725792,0.07457876727111838,0.07693253632298841,0.24022012313980576,0.25379634019531294,0.26813982714948303
0.000387,0.07229701233725792,0.07457876727111838,0.07693253632298841,0.26813982714948303,0.28329394682533116,0.2993045127277292
0.00041,0.07229701233725792,0.07457876727111838,0.07693253632298841,0.2993045127277292,0.31621992754549455,0.3340913294810264
0.000364,0.07229701233725792,0.07457876727111838,0.07693253632298841,0.3340913294810264,0.3529727468498688,0.37292126141758264
0.000395,0.07229701233725792,0.07457876727111838,0.07693253632298841,0.37292126141758264,0.3939971809677202,0.41626422162260607
0.00036,0.07229701233725792,0.07457876727111838,0.07693253632298841,0.41626422162260607,0.4397897004681118,0.46464473906476067
0.000401,0.07229701233725792,0.07457876727111838,0.07693253632298841,0.46464473906476067,0.4909044784604127,0.5186483063545496
0.000381,0.07229701233725792,0.07457876727111838,0.07693253632298841,0.5186483063545496,0.547960097100917,0.5789284652740918
0.000332,0.07229701233725792,0.07457876727111838,0.07693253632298841,0.5789284652740918,0.6116470335665513,0.6462147158261423
0.000369,0.07229701233725792,0.07457876727111838,0.07693253632298841,0.6462147158261423,0.6827360160896209,0.7213213445162929
0.00036,0.07229701233725792,0.07457876727111838,0.07693253632298841,0.7213213445162929,0.7620873511768764,0.805157278706688
0.00037,0.07229701233725792,0.07457876727111838,0.07693253632298841,0.805157278706688,0.8506613348892827,0.8987370862969332
0.000383,0.07229701233725792,0.07457876727111838,0.07693253632298841,0.8987370862969332,0.9495298741779894,1.0031932538484196
0.000379,0.07229701233725792,0.07457876727111838,0.07693253632298841,1.0031932538484196,1.0598894589158872,1.1197898917397926
0.000358,0.07229701233725792,0.07457876727111838,0.07693253632298841,1.1197898917397926,1.183075641610026,1.249938032210973
0.000343,0.07229701233725792,0.07457876727111838,0.07693253632298841,1.249938032210973,1.3205792000258516,1.3952127054299968
0.000365,0.07229701233725792,0.07457876727111838,0.07693253632298841,1.3952127054299968,1.4740641783205308,1.5573720002342704
0.000336,0.07229701233725792,0.07457876727111838,0.07693253632298841,1.5573720002342704,1.6453880250160273,1.7383783402160131
0.000335,0.07229701233725792,0.07457876727111838,0.07693253632298841,1.7383783402160131,1.8366240715181728,1.9404222326313807
0.000574,0.07229701233725792,0.07457876727111838,0.07693253632298841,1.9404222326313807,2.050086623212864,2.1659487775384263
0.000709,0.07229701233725792,0.07457876727111838,0.07693253632298841,2.1659487775384263,2.2883589667874706,2.417687257972894
0.000735,0.07229701233725792,0.07457876727111838,0.07693253632298841,2.417687257972894,2.5543246327171887,2.6986841692569943
0.000688,0.07229701233725792,0.07457876727111838,0.07693253632298841,2.6986841692569943,2.851202291249511,3.0123400871561223
0.0007,0.07229701233725792,0.07457876727111838,0.07693253632298841,3.0123400871561223,3.1825847041919566,3.3624508210555346
0.000689,0.07229701233725792,0.07457876727111838,0.07693253632298841,3.3624508210555346,3.552482203890815,3.7532533501855805
0.000653,0.07229701233725792,0.07457876727111838,0.07693253632298841,3.7532533501855805,3.9653712255759532,4.189477098807692
0.000699,0.07229701233725792,0.07457876727111838,0.07693253632298841,4.189477098807692,4.42624848040168,4.676401170884524
0.000648,0.07229701233725792,0.07457876727111838,0.07693253632298841,4.676401170884524,4.940691424776398,5.219918236878273
0.000649,0.07229701233725792,0.07457876727111838,0.07693253632298841,5.219918236878273,5.514925757770336,5.82660584582409
0.000637,0.07229701233725792,0.07457876727111838,0.07693253632298841,5.82660584582409,6.155900763443285,6.5038060256849075
0.000623,0.07229701233725792,0.07457876727111838,0.07693253632298841,6.5038060256849075,6.871373409872062,7.25971413529735
0.000541,0.07229701233725792,0.07457876727111838,0.07693253632298841,7.25971413529735,7.670002222629526,8.103478043179491
0.000584,0.07229701233725792,0.07457876727111838,0.07693253632298841,8.103478043179491,8.561452068755672,9.045308833445212
0.000561,0.07229701233725792,0.07457876727111838,0.07693253632298841,9.045308833445212,9.556511119298175,10.096604378568765
0.000561,0.07229701233725792,0.07457876727111838,0.07693253632298841,10.096604378568765,10.66722140588275,11.27008727445586
0.000145,0.07229701233725792,0.07457876727111838,0.07693253632298841,11.27008727445586,11.907024551286224,12.579958807087245
7.2e-05,0.07229701233725792,0.07457876727111838,0.07693253632298841,12.579958807087245,13.290924437618376,14.042070814012659
7e-05,0.07229701233725792,0.07457876727111838,0.07693253632298841,14.042070814012659,14.835668780694615,15.67411752053271
7e-05,0.07229701233725792,0.07457876727111838,0.07693253632298841,15.67411752053271,16.55995180798096,17.49584967213718
6.9e-05,0.07229701233725792,0.07457876727111838,0.07693253632298841,17.49584967213718,18.484640492884626,19.529313554592992
5.2e-05,0.07229701233725792,0.07457876727111838,0.07693253632298841,19.529313554592992,20.63302708323817,21.799117794261466
6e-05,0.07229701233725792,0.07457876727111838,0.07693253632298841,21.799117794261466,23.03111098003311,24.332731167416135
5.2e-05,0.07229701233725792,0.07457876727111838,0.07693253632298841,24.332731167416135,25.707913377650407,27.160815022597262
4.1e-05,0.07229701233725792,0.07457876727111838,0.07693253632298841,27.160815022597262,28.695828473309135,30.317594338921154
3.2e-05,0.07229701233725792,0.07457876727111838,0.07693253632298841,30.317594338921154,32.03101549600908,33.84127191082679
4.4e-05,0.07229701233725792,0.07457876727111838,0.07693253632298841,33.84127191082679,35.75383629923332,37.77449067165226
3.1e-05,0.07229701233725792,0.07457876727111838,0.07693253632298841,37.77449067165226,39.909343813081726,42.1648497509999
3.7e-05,0.07229701233725792,0.07457876727111838,0.07693253632298841,42.1648497509999,44.547827266997885,47.06548051112691
2.7e-05,0.07229701233725792,0.07457876727111838,0.07693253632298841,47.06548051112691,49.72542078128044,52.535689533454075
3.3e-05,0.07229701233725792,0.07457876727111838,0.07693253632298841,52.535689533454075,55.504782692447314,58.641676336502556
2.5e-05,0.07229701233725792,0.07457876727111838,0.07693253632298841,58.641676336502556,61.955853833530256,65.45733451095779
2.2e-05,0.07229701233725792,0.07457876727111838,0.07693253632298841,65.45733451095779,69.15670394587609,73.06514596705614
1e-05,0.07229701233725792,0.07457876727111838,0.07693253632298841,73.06514596705614,77.19447646558302,81.55717911632256
1e-05,0.07229701233725792,0.07457876727111838,0.07693253632298841,81.55717911632256,86.16644311821332,91.03620306747894
7e-06,0.07229701233725792,0.07457876727111838,0.07693253632298841,91.03620306747894,96.18118108430411,101.61693132033079
9e-06,0.07229701233725792,0.07457876727111838,0.07693253632298841,101.61693132033079,107.35988698152859,113.42741000859688
1.6e-05,0.07229701233725792,0.07457876727111838,0.07693253632298841,113.42741000859688,119.83784356509167,126.61056749195744
1.4e-05,0.07229701233725792,0.07457876727111838,0.07693253632298841,126.61056749195744,133.76605689611287,141.32594405021308
1.2e-05,0.07229701233725792,0.07457876727111838,0.07693253632298841,141.32594405021308,149.31308379072314,157.7516226120118
6e-06,0.07229701233725792,0.07457876727111838,0.07693253632298841,157.7516226120118,166.66707166534817,176.08638388349098
4e-06,0.07229701233725792,0.07457876727111838,0.07693253632298841,176.08638388349098,186.0380354640305,196.55211195782155
6e-06,0.07229701233725792,0.07457876727111838,0.07693253632298841,196.55211195782155,207.66039922276806,219.39647951792662
8e-06,0.07229701233725792,0.07457876727111838,0.07693253632298841,219.39647951792662,231.79583302844003,244.8959451282275
8e-06,0.07229701233725792,0.07457876727111838,0.07693253632298841,244.8959451282275,258.73641970470345,273.35909888812694
6e-06,0.07229701233725792,0.07457876727111838,0.07693253632298841,273.35909888812694,288.8081895475435,305.13039693573796
7e-06,0.07229701233725792,0.07457876727111838,0.07693253632298841,305.13039693573796,322.37506588723016,340.5943299961796
4e-06,0.07229701233725792,0.07457876727111838,0.07693253632298841,340.5943299961796,359.843269225189,380.18007642148444
4e-06,0.07229701233725792,0.07457876727111838,0.07693253632298841,380.18007642148444,401.66623324388144,424.3666960323934
6e-06,0.07229701233725792,0.07457876727111838,0.07693253632298841,424.3666960323934,448.35009218239543,473.6889276170203
3e-06,0.07229701233725792,0.07457876727111838,0.07693253632298841,473.6889276170203,500.45980598500944,528.7436602466912
1e-06,0.07229701233725792,0.07457876727111838,0.07693253632298841,528.7436602466912,558.6259973482117,590.1971567237096
1e-06,0.07229701233725792,0.07457876727111838,0.07693253632298841,590.1971567237096,623.5525834069318,658.7931165779523
3e-06,0.07229701233725792,0.07457876727111838,0.07693253632298841,658.7931165779523,696.0252944173212,735.3616761892738
5e-06,0.07229701233725792,0.07457876727111838,0.07693253632298841,735.3616761892738,776.9211825277038,820.8294549536521
6e-06,0.07229701233725792,0.07457876727111838,0.07693253632298841,820.8294549536521,867.2192357111913,916.2307690700113
3e-06,0.07229701233725792,0.07457876727111838,0.07693253632298841,916.2307690700113,968.0122253079195,1022.7201486550255
3e-06,0.07229701233725792,0.07457876727111838,0.07693253632298841,1022.7201486550255,1080.5199305538154,1141.5863096658716
2e-06,0.07229701233725792,0.07457876727111838,0.07693253632298841,1141.5863096658716,1206.1039001368388,1274.2677497166753
3e-06,0.07229701233725792,0.07457876727111838,0.07693253632298841,1274.2677497166753,1346.2839294224782,1422.370156526539
3e-06,0.07229701233725792,0.07457876727111838,0.07693253632298841,1422.370156526539,1502.7564527530292,1587.68583967315
1e-06,0.07229701233725792,0.07457876727111838,0.07693253632298841,1587.68583967315,1677.4150734010555,1772.2154208116622
2e-06,0.07229701233725792,0.07457876727111838,0.07693253632298841,1772.2154208116622,1872.373479626966,1978.1920448501505
2e-06,0.07229701233725792,0.07457876727111838,0.07693253632298841,1978.1920448501505,2089.991024166855,2208.1084050810155
0.0,0.07229701233725792,0.07457876727111838,0.07693253632298841,2208.1084050810155,2332.9012767091076,2464.7469093218283
3e-06,0.07229701233725792,0.07457876727111838,0.07693253632298841,2464.7469093218283,2604.0438948968845,2751.213352130962
2e-06,0.07229701233725792,0.07457876727111838,0.07693253632298841,2751.213352130962,2906.7001995538217,3070.9745005933823
1e-06,0.07229701233725792,0.07457876727111838,0.07693253632298841,3070.9745005933823,3244.5328846581474,3427.9000485331494
0.0,0.07229701233725792,0.07457876727111838,0.07693253632298841,3427.9000485331494,3621.630342628391,3826.309446875285
0.0,0.07229701233725792,0.07457876727111838,0.07693253632298841,3826.309446875285,4042.556141337618,4271.024176889881
0.0,0.07229701233725792,0.07457876727111838,0.07693253632298841,4271.024176889881,4512.404251618383,4767.426098920123
0.000399,0.07693253632298841,0.07936059231941733,0.08186527981928511,0.07999999999999999,0.08452125887808527,0.08929804002920383
0.000419,0.07693253632298841,0.07936059231941733,0.08186527981928511,0.08929804002920383,0.09434478448267444,0.09967674941321612
0.000452,0.07693253632298841,0.07936059231941733,0.08186527981928511,0.09967674941321612,0.10531005426600588,0.11126172948852864
0.000398,0.07693253632298841,0.07936059231941733,0.08186527981928511,0.11126172948852864,0.11754976801654278,0.12419317966981348
0.000447,0.07693253632298841,0.07936059231941733,0.08186527981928511,0.12419317966981348,0.13121204862206076,0.13862759411886386
0.000437,0.07693253632298841,0.07936059231941733,0.08186527981928511,0.13862759411886386,0.14646223462708277,0.15473965560973155
0.000375,0.07693253632298841,0.07936059231941733,0.08186527981928511,0.15473965560973155,0.1634848811311985,0.1727243495092878
0.000397,0.07693253632298841,0.07936059231941733,0.08186527981928511,0.1727243495092878,0.1824859932427924,0.1927993234562322
0.000357,0.07693253632298841,0.07936059231941733,0.08186527981928511,0.1927993234562322,0.20369551911704872,0.21520752129497553
0.000409,0.07693253632298841,0.07936059231941733,0.08186527981928511,0.21520752129497553,0.22737013274854592,0.24022012313980576
0.000408,0.07693253632298841,0.07936059231941733,0.08186527981928511,0.24022012313980576,0.25379634019531294,0.26813982714948303
0.000426,0.07693253632298841,0.07936059231941733,0.08186527981928511,0.26813982714948303,0.28329394682533116,0.2993045127277292
0.000387,0.07693253632298841,0.07936059231941733,0.08186527981928511,0.2993045127277292,0.31621992754549455,0.3340913294810264
0.000402,0.07693253632298841,0.07936059231941733,0.08186527981928511,0.3340913294810264,0.3529727468498688,0.37292126141758264
0.000372,0.07693253632298841,0.07936059231941733,0.08186527981928511,0.37292126141758264,0.3939971809677202,0.41626422162260607
0.000362,0.07693253632298841,0.07936059231941733,0.08186527981928511,0.41626422162260607,0.4397897004681118,0.46464473906476067
0.00039,0.07693253632298841,0.07936059231941733,0.08186527981928511,0.46464473906476067,0.4909044784604127,0.5186483063545496
0.000382,0.07693253632298841,0.07936059231941733,0.08186527981928511,0.5186483063545496,0.547960097100917,0.5789284652740918
0.000408,0.07693253632298841,0.07936059231941733,0.08186527981928511,0.5789284652740918,0.6116470335665513,0.6462147158261423
0.000363,0.07693253632298841,0.07936059231941733,0.08186527981928511,0.6462147158261423,0.6827360160896209,0.7213213445162929
0.000361,0.07693253632298841,0.07936059231941733,0.08186527981928511,0.7213213445162929,0.7620873511768764,0.805157278706688
0.000355,0.07693253632298841,0.07936059231941733,0.08186527981928511,0.805157278706688,0.8506613348892827,0.8987370862969332
0.000354,0.07693253632298841,0.07936059231941733,0.08186527981928511,0.8987370862969332,0.9495298741779894,1.0031932538484196
0.000345,0.07693253632298841,0.07936059231941733,0.08186527981928511,1.0031932538484196,1.0598894589158872,1.1197898917397926
0.000336,0.07693253632298841,0.07936059231941733,0.08186527981928511,1.1197898917397926,1.183075641610026,1.249938032210973
0.000352,0.07693253632298841,0.07936059231941733,0.08186527981928511,1.249938032210973,1.3205792000258516,1.3952127054299968
0.00036,0.07693253632298841,0.07936059231941733,0.08186527981928511,1.3952127054299968,1.4740641783205308,1.5573720002342704
0.000354,0.07693253632298841,0.07936059231941733,0.08186527981928511,1.5573720002342704,1.6453880250160273,1.7383783402160131
0.000373,0.07693253632298841,0.07936059231941733,0.08186527981928511,1.7383783402160131,1.8366240715181728,1.9404222326313807
0.000579,0.07693253632298841,0.07936059231941733,0.08186527981928511,1.9404222326313807,2.050086623212864,2.1659487775384263
0.000708,0.07693253632298841,0.07936059231941733,0.08186527981928511,2.1659487775384263,2.2883589667874706,2.417687257972894
0.000666,0.07693253632298841,0.07936059231941733,0.08186527981928511,2.417687257972894,2.5543246327171887,2.6986841692569943
0.000721,0.07693253632298841,0.07936059231941733,0.08186527981928511,2.6986841692569943,2.851202291249511,3.0123400871561223
0.000683,0.07693253632298841,0.07936059231941733,0.08186527981928511,3.0123400871561223,3.1825847041919566,3.3624508210555346
0.000735,0.07693253632298841,0.07936059231941733,0.08186527981928511,3.3624508210555346,3.552482203890815,3.7532533501855805
0.000684,0.07693253632298841,0.07936059231941733,0.08186527981928511,3.7532533501855805,3.9653712255759532,4.189477098807692
0.000658,0.07693253632298841,0.07936059231941733,0.08186527981928511,4.189477098807692,4.42624848040168,4.676401170884524
0.000653,0.07693253632298841,0.07936059231941733,0.08186527981928511,4.676401170884524,4.940691424776398,5.219918236878273
0.000645,0.07693253632298841,0.07936059231941733,0.08186527981928511,5.219918236878273,5.514925757770336,5.82660584582409
0.000617,0.07693253632298841,0.07936059231941733,0.08186527981928511,5.82660584582409,6.155900763443285,6.5038060256849075
0.000648,0.07693253632298841,0.07936059231941733,0.08186527981928511,6.5038060256849075,6.871373409872062,7.25971413529735
0.000626,0.07693253632298841,0.07936059231941733,0.08186527981928511,7.25971413529735,7.670002222629526,8.103478043179491
0.000598,0.07693253632298841,0.07936059231941733,0.08186527981928511,8.103478043179491,8.561452068755672,9.045308833445212
0.000549,0.07693253632298841,0.07936059231941733,0.08186527981928511,9.045308833445212,9.556511119298175,10.096604378568765
0.000516,0.07693253632298841,0.07936059231941733,0.08186527981928511,10.096604378568765,10.66722140588275,11.27008727445586
0.000153,0.07693253632298841,0.07936059231941733,0.08186527981928511,11.27008727445586,11.907024551286224,12.579958807087245
7.4e-05,0.07693253632298841,0.07936059231941733,0.08186527981928511,12.579958807087245,13.290924437618376,14.042070814012659
7.6e-05,0.07693253632298841,0.07936059231941733,0.08186527981928511,14.042070814012659,14.835668780694615,15.67411752053271
7.3e-05,0.07693253632298841,0.07936059231941733,0.08186527981928511,15.67411752053271,16.55995180798096,17.49584967213718
6.7e-05,0.07693253632298841,0.07936059231941733,0.08186527981928511,17.49584967213718,18.484640492884626,19.529313554592992
5.5e-05,0.07693253632298841,0.07936059231941733,0.08186527981928511,19.529313554592992,20.63302708323817,21.799117794261466
5.2e-05,0.07693253632298841,0.07936059231941733,0.08186527981928511,21.799117794261466,23.03111098003311,24.332731167416135
5e-05,0.07693253632298841,0.07936059231941733,0.08186527981928511,24.332731167416135,25.707913377650407,27.160815022597262
5.7e-05,0.07693253632298841,0.07936059231941733,0.08186527981928511,27.160815022597262,28.695828473309135,30.317594338921154
4.6e-05,0.07693253632298841,0.07936059231941733,0.08186527981928511,30.317594338921154,32.03101549600908,33.84127191082679
4.5e-05,0.07693253632298841,0.07936059231941733,0.08186527981928511,33.84127191082679,35.75383629923332,37.77449067165226
4.4e-05,0.07693253632298841,0.07936059231941733,0.08186527981928511,37.77449067165226,39.909343813081726,42.1648497509999
2.5e-05,0.07693253632298841,0.07936059231941733,0.08186527981928511,42.1648497509999,44.547827266997885,47.06548051112691
3.4e-05,0.07693253632298841,0.07936059231941733,0.08186527981928511,47.06548051112691,49.72542078128044,52.535689533454075
3.3e-05,0.07693253632298841,0.07936059231941733,0.08186527981928511,52.535689533454075,55.504782692447314,58.641676336502556
2.3e-05,0.07693253632298841,0.07936059231941733,0.08186527981928511,58.641676336502556,61.955853833530256,65.45733451095779
1.6e-05,0.07693253632298841,0.07936059231941733,0.08186527981928511,65.45733451095779,69.15670394587609,73.06514596705614
1.1e-05,0.07693253632298841,0.07936059231941733,0.08186527981928511,73.06514596705614,77.19447646558302,81.55717911632256
9e-06,0.07693253632298841,0.07936059231941733,0.08186527981928511,81.55717911632256,86.16644311821332,91.03620306747894
1.3e-05,0.07693253632298841,0.07936059231941733,0.08186527981928511,91.03620306747894,96.18118108430411,101.61693132033079
1.2e-05,0.07693253632298841,0.07936059231941733,0.08186527981928511,101.61693132033079,107.35988698152859,113.42741000859688
1.4e-05,0.07693253632298841,0.07936059231941733,0.08186527981928511,113.42741000859688,119.83784356509167,126.61056749195744
1.1e-05,0.07693253632298841,0.07936059231941733,0.08186527981928511,126.61056749195744,133.76605689611287,141.32594405021308
1.3e-05,0.07693253632298841,0.07936059231941733,0.08186527981928511,141.32594405021308,149.31308379072314,157.7516226120118
1.3e-05,0.07693253632298841,0.07936059231941733,0.08186527981928511,157.7516226120118,166.66707166534817,176.08638388349098
8e-06,0.07693253632298841,0.07936059231941733,0.08186527981928511,176.08638388349098,186.0380354640305,196.55211195782155
7e-06,0.07693253632298841,0.07936059231941733,0.08186527981928511,196.55211195782155,207.66039922276806,219.39647951792662
7e-06,0.07693253632298841,0.07936059231941733,0.08186527981928511,219.39647951792662,231.79583302844003,244.8959451282275
6e-06,0.07693253632298841,0.07936059231941733,0.08186527981928511,244.8959451282275,258.73641970470345,273.35909888812694
7e-06,0.07693253632298841,0.07936059231941733,0.08186527981928511,273.35909888812694,288.8081895475435,305.13039693573796
5e-06,0.07693253632298841,0.07936059231941733,0.08186527981928511,305.13039693573796,322.37506588723016,340.5943299961796
2e-06,0.07693253632298841,0.07936059231941733,0.08186527981928511,340.5943299961796,359.843269225189,380.18007642148444
7e-06,0.07693253632298841,0.07936059231941733,0.08186527981928511,380.18007642148444,401.66623324388144,424.3666960323934
3e-06,0.07693253632298841,0.07936059231941733,0.08186527981928511,424.3666960323934,448.35009218239543,473.6889276170203
1.1e-05,0.07693253632298841,0.07936059231941733,0.08186527981928511,473.6889276170203,500.45980598500944,528.7436602466912
4e-06,0.07693253632298841,0.07936059231941733,0.08186527981928511,528.7436602466912,558.6259973482117,590.1971567237096
1e-06,0.07693253632298841,0.07936059231941733,0.08186527981928511,590.1971567237096,623.5525834069318,658.7931165779523
4e-06,0.07693253632298841,0.07936059231941733,0.08186527981928511,658.7931165779523,696.0252944173212,735.3616761892738
3e-06,0.07693253632298841,0.07936059231941733,0.08186527981928511,735.3616761892738,776.9211825277038,820.8294549536521
4e-06,0.07693253632298841,0.07936059231941733,0.08186527981928511,820.8294549536521,867.2192357111913,916.2307690700113
5e-06,0.07693253632298841,0.07936059231941733,0.08186527981928511,916.2307690700113,968.0122253079195,1022.7201486550255
0.0,0.07693253632298841,0.07936059231941733,0.08186527981928511,1022.7201486550255,1080.5199305538154,1141.5863096658716
1e-06,0.07693253632298841,0.07936059231941733,0.08186527981928511,1141.5863096658716,1206.1039001368388,1274.2677497166753
1e-06,0.07693253632298841,0.07936059231941733,0.08186527981928511,1274.2677497166753,1346.2839294224782,1422.370156526539
0.0,0.07693253632298841,0.07936059231941733,0.08186527981928511,1422.370156526539,1502.7564527530292,1587.68583967315
4e-06,0.07693253632298841,0.07936059231941733,0.08186527981928511,1587.68583967315,1677.4150734010555,1772.2154208116622
0.0,0.07693253632298841,0.07936059231941733,0.08186527981928511,1772.2154208116622,1872.373479626966,1978.1920448501505
0.0,0.07693253632298841,0.07936059231941733,0.08186527981928511,1978.1920448501505,2089.991024166855,2208.1084050810155
2e-06,0.07693253632298841,0.07936059231941733,0.08186527981928511,2208.1084050810155,2332.9012767091076,2464.7469093218283
0.0,0.07693253632298841,0.07936059231941733,0.08186527981928511,2464.7469093218283,2604.0438948968845,2751.213352130962
1e-06,0.07693253632298841,0.07936059231941733,0.08186527981928511,2751.213352130962,2906.7001995538217,3070.9745005933823
1e-06,0.07693253632298841,0.07936059231941733,0.08186527981928511,3070.9745005933823,3244.5328846581474,3427.9000485331494
1e-06,0.07693253632298841,0.07936059231941733,0.08186527981928511,3427.9000485331494,3621.630342628391,3826.309446875285
1e-06,0.07693253632298841,0.07936059231941733,0.08186527981928511,3826.309446875285,4042.556141337618,4271.024176889881
1e-06,0.07693253632298841,0.07936059231941733,0.08186527981928511,4271.024176889881,4512.404251618383,4767.426098920123
0.000441,0.08186527981928511,0.08444901737773541,0.08711429988156044,0.07999999999999999,0.08452125887808527,0.08929804002920383
0.00042,0.08186527981928511,0.08444901737773541,0.08711429988156044,0.08929804002920383,0.09434478448267444,0.09967674941321612
0.000405,0.08186527981928511,0.08444901737773541,0.08711429988156044,0.09967674941321612,0.10531005426600588,0.11126172948852864
0.000448,0.08186527981928511,0.08444901737773541,0.08711429988156044,0.11126172948852864,0.11754976801654278,0.12419317966981348
0.000402,0.08186527981928511,0.08444901737773541,0.08711429988156044,0.12419317966981348,0.13121204862206076,0.13862759411886386
0.000422,0.08186527981928511,0.08444901737773541,0.08711429988156044,0.13862759411886386,0.14646223462708277,0.15473965560973155
0.000428,0.08186527981928511,0.08444901737773541,0.08711429988156044,0.15473965560973155,0.1634848811311985,0.1727243495092878
0.000401,0.08186527981928511,0.08444901737773541,0.08711429988156044,0.1727243495092878,0.1824859932427924,0.1927993234562322
0.00045,0.08186527981928511,0.08444901737773541,0.08711429988156044,0.1927993234562322,0.20369551911704872,0.21520752129497553
0.000393,0.08186527981928511,0.08444901737773541,0.08711429988156044,0.21520752129497553,0.22737013274854592,0.24022012313980576
0.000409,0.08186527981928511,0.08444901737773541,0.08711429988156044,0.24022012313980576,0.25379634019531294,0.26813982714948303
0.000393,0.08186527981928511,0.08444901737773541,0.08711429988156044,0.26813982714948303,0.28329394682533116,0.2993045127277292
0.000379,0.08186527981928511,0.08444901737773541,0.08711429988156044,0.2993045127277292,0.31621992754549455,0.3340913294810264
0.000382,0.08186527981928511,0.08444901737773541,0.08711429988156044,0.3340913294810264,0.3529727468498688,0.37292126141758264
0.000399,0.08186527981928511,0.08444901737773541,0.08711429988156044,0.37292126141758264,0.3939971809677202,0.41626422162260607
0.000392,0.08186527981928511,0.08444901737773541,0.08711429988156044,0.41626422162260607,0.4397897004681118,0.46464473906476067
0.000392,0.08186527981928511,0.08444901737773541,0.08711429988156044,0.46464473906476067,0.4909044784604127,0.5186483063545496
0.00038,0.08186527981928511,0.08444901737773541,0.08711429988156044,0.5186483063545496,0.547960097100917,0.5789284652740918
0.000417,0.08186527981928511,0.08444901737773541,0.08711429988156044,0.5789284652740918,0.6116470335665513,0.6462147158261423
0.000374,0.08186527981928511,0.08444901737773541,0.08711429988156044,0.6462147158261423,0.6827360160896209,0.7213213445162929
0.000379,0.08186527981928511,0.08444901737773541,0.08711429988156044,0.7213213445162929,0.7620873511768764,0.805157278706688
0.000398,0.08186527981928511,0.08444901737773541,0.08711429988156044,0.805157278706688,0.8506613348892827,0.8987370862969332
0.000392,0.08186527981928511,0.08444901737773541,0.08711429988156044,0.8987370862969332,0.9495298741779894,1.0031932538484196
0.000365,0.08186527981928511,0.08444901737773541,0.08711429988156044,1.0031932538484196,1.0598894589158872,1.1197898917397926
0.000361,0.08186527981928511,0.08444901737773541,0.08711429988156044,1.1197898917397926,1.183075641610026,1.249938032210973
0.000342,0.08186527981928511,0.08444901737773541,0.08711429988156044,1.249938032210973,1.3205792000258516,1.3952127054299968
0.00037,0.08186527981928511,0.08444901737773541,0.08711429988156044,1.3952127054299968,1.4740641783205308,1.5573720002342704
0.000337,0.08186527981928511,0.08444901737773541,0.08711429988156044,1.5573720002342704,1.6453880250160273,1.7383783402160131
0.000357,0.08186527981928511,0.08444901737773541,0.08711429988156044,1.7383783402160131,1.8366240715181728,1.9404222326313807
0.00058,0.08186527981928511,0.08444901737773541,0.08711429988156044,1.9404222326313807,2.050086623212864,2.1659487775384263
0.000752,0.08186527981928511,0.08444901737773541,0.08711429988156044,2.1659487775384263,2.2883589667874706,2.417687257972894
0.000755,0.08186527981928511,0.08444901737773541,0.08711429988156044,2.417687257972894,2.5543246327171887,2.6986841692569943
0.000732,0.08186527981928511,0.08444901737773541,0.08711429988156044,2.6986841692569943,2.851202291249511,3.0123400871561223
0.000699,0.08186527981928511,0.08444901737773541,0.08711429988156044,3.0123400871561223,3.1825847041919566,3.3624508210555346
0.000731,0.08186527981928511,0.08444901737773541,0.08711429988156044,3.3624508210555346,3.552482203890815,3.7532533501855805
0.000723,0.08186527981928511,0.08444901737773541,0.08711429988156044,3.7532533501855805,3.9653712255759532,4.189477098807692
0.000686,0.08186527981928511,0.08444901737773541,0.08711429988156044,4.189477098807692,4.42624848040168,4.676401170884524
0.000667,0.08186527981928511,0.08444901737773541,0.08711429988156044,4.676401170884524,4.940691424776398,5.219918236878273
0.000637,0.08186527981928511,0.08444901737773541,0.08711429988156044,5.219918236878273,5.514925757770336,5.82660584582409
0.000659,0.08186527981928511,0.08444901737773541,0.08711429988156044,5.82660584582409,6.155900763443285,6.5038060256849075
0.000657,0.08186527981928511,0.08444901737773541,0.08711429988156044,6.5038060256849075,6.871373409872062,7.25971413529735
0.000632,0.08186527981928511,0.08444901737773541,0.08711429988156044,7.25971413529735,7.670002222629526,8.103478043179491
0.000611,0.08186527981928511,0.08444901737773541,0.08711429988156044,8.103478043179491,8.561452068755672,9.045308833445212
0.000587,0.08186527981928511,0.08444901737773541,0.08711429988156044,9.045308833445212,9.556511119298175,10.096604378568765
0.000604,0.08186527981928511,0.08444901737773541,0.08711429988156044,10.096604378568765,10.66722140588275,11.27008727445586
0.000175,0.08186527981928511,0.08444901737773541,0.08711429988156044,11.27008727445586,11.907024551286224,12.579958807087245
8.4e-05,0.08186527981928511,0.08444901737773541,0.08711429988156044,12.579958807087245,13.290924437618376,14.042070814012659
8.9e-05,0.08186527981928511,0.08444901737773541,0.08711429988156044,14.042070814012659,14.835668780694615,15.67411752053271
7.1e-05,0.08186527981928511,0.08444901737773541,0.08711429988156044,15.67411752053271,16.55995180798096,17.49584967213718
5e-05,0.08186527981928511,0.08444901737773541,0.08711429988156044,17.49584967213718,18.484640492884626,19.529313554592992
7.3e-05,0.08186527981928511,0.08444901737773541,0.08711429988156044,19.529313554592992,20.63302708323817,21.799117794261466
5.7e-05,0.08186527981928511,0.08444901737773541,0.08711429988156044,21.799117794261466,23.03111098003311,24.332731167416135
6.8e-05,0.08186527981928511,0.08444901737773541,0.08711429988156044,24.332731167416135,25.707913377650407,27.160815022597262
5.7e-05,0.08186527981928511,0.08444901737773541,0.08711429988156044,27.160815022597262,28.695828473309135,30.317594338921154
5.5e-05,0.08186527981928511,0.08444901737773541,0.08711429988156044,30.317594338921154,32.03101549600908,33.84127191082679
3.9e-05,0.08186527981928511,0.08444901737773541,0.08711429988156044,33.84127191082679,35.75383629923332,37.77449067165226
4.3e-05,0.08186527981928511,0.08444901737773541,0.08711429988156044,37.77449067165226,39.909343813081726,42.1648497509999
3.6e-05,0.08186527981928511,0.08444901737773541,0.08711429988156044,42.1648497509999,44.547827266997885,47.06548051112691
2.9e-05,0.08186527981928511,0.08444901737773541,0.08711429988156044,47.06548051112691,49.72542078128044,52.535689533454075
2.9e-05,0.08186527981928511,0.08444901737773541,0.08711429988156044,52.535689533454075,55.504782692447314,58.641676336502556
2.8e-05,0.08186527981928511,0.08444901737773541,0.08711429988156044,58.641676336502556,61.955853833530256,65.45733451095779
2.5e-05,0.08186527981928511,0.08444901737773541,0.08711429988156044,65.45733451095779,69.15670394587609,73.06514596705614
1.4e-05,0.08186527981928511,0.08444901737773541,0.08711429988156044,73.06514596705614,77.19447646558302,81.55717911632256
1.5e-05,0.08186527981928511,0.08444901737773541,0.08711429988156044,81.55717911632256,86.16644311821332,91.03620306747894
1.1e-05,0.08186527981928511,0.08444901737773541,0.08711429988156044,91.03620306747894,96.18118108430411,101.61693132033079
1.4e-05,0.08186527981928511,0.08444901737773541,0.08711429988156044,101.61693132033079,107.35988698152859,113.42741000859688
1.6e-05,0.08186527981928511,0.08444901737773541,0.08711429988156044,113.42741000859688,119.83784356509167,126.61056749195744
7e-06,0.08186527981928511,0.08444901737773541,0.08711429988156044,126.61056749195744,133.76605689611287,141.32594405021308
1e-05,0.08186527981928511,0.08444901737773541,0.08711429988156044,141.32594405021308,149.31308379072314,157.7516226120118
7e-06,0.08186527981928511,0.08444901737773541,0.08711429988156044,157.7516226120118,166.66707166534817,176.08638388349098
5e-06,0.08186527981928511,0.08444901737773541,0.08711429988156044,176.08638388349098,186.0380354640305,196.55211195782155
8e-06,0.08186527981928511,0.08444901737773541,0.08711429988156044,196.55211195782155,207.66039922276806,219.39647951792662
1.1e-05,0.08186527981928511,0.08444901737773541,0.08711429988156044,219.39647951792662,231.79583302844003,244.8959451282275
7e-06,0.08186527981928511,0.08444901737773541,0.08711429988156044,244.8959451282275,258.73641970470345,273.35909888812694
3e-06,0.08186527981928511,0.08444901737773541,0.08711429988156044,273.35909888812694,288.8081895475435,305.13039693573796
8e-06,0.08186527981928511,0.08444901737773541,0.08711429988156044,305.13039693573796,322.37506588723016,340.5943299961796
6e-06,0.08186527981928511,0.08444901737773541,0.08711429988156044,340.5943299961796,359.843269225189,380.18007642148444
4e-06,0.08186527981928511,0.08444901737773541,0.08711429988156044,380.18007642148444,401.66623324388144,424.3666960323934
5e-06,0.08186527981928511,0.08444901737773541,0.08711429988156044,424.3666960323934,448.35009218239543,473.6889276170203
3e-06,0.08186527981928511,0.08444901737773541,0.08711429988156044,473.6889276170203,500.45980598500944,528.7436602466912
3e-06,0.08186527981928511,0.08444901737773541,0.08711429988156044,528.7436602466912,558.6259973482117,590.1971567237096
0.0,0.08186527981928511,0.08444901737773541,0.08711429988156044,590.1971567237096,623.5525834069318,658.7931165779523
4e-06,0.08186527981928511,0.08444901737773541,0.08711429988156044,658.7931165779523,696.0252944173212,735.3616761892738
3e-06,0.08186527981928511,0.08444901737773541,0.08711429988156044,735.3616761892738,776.9211825277038,820.8294549536521
3e-06,0.08186527981928511,0.08444901737773541,0.08711429988156044,820.8294549536521,867.2192357111913,916.2307690700113
2e-06,0.08186527981928511,0.08444901737773541,0.08711429988156044,916.2307690700113,968.0122253079195,1022.7201486550255
4e-06,0.08186527981928511,0.08444901737773541,0.08711429988156044,1022.7201486550255,1080.5199305538154,1141.5863096658716
1e-06,0.08186527981928511,0.08444901737773541,0.08711429988156044,1141.5863096658716,1206.1039001368388,1274.2677497166753
2e-06,0.08186527981928511,0.08444901737773541,0.08711429988156044,1274.2677497166753,1346.2839294224782,1422.370156526539
3e-06,0.08186527981928511,0.08444901737773541,0.08711429988156044,1422.370156526539,1502.7564527530292,1587.68583967315
0.0,0.08186527981928511,0.08444901737773541,0.08711429988156044,1587.68583967315,1677.4150734010555,1772.2154208116622
1e-06,0.08186527981928511,0.08444901737773541,0.08711429988156044,1772.2154208116622,1872.373479626966,1978.1920448501505
2e-06,0.08186527981928511,0.08444901737773541,0.08711429988156044,1978.1920448501505,2089.991024166855,2208.1084050810155
3e-06,0.08186527981928511,0.08444901737773541,0.08711429988156044,2208.1084050810155,2332.9012767091076,2464.7469093218283
2e-06,0.08186527981928511,0.08444901737773541,0.08711429988156044,2464.7469093218283,2604.0438948968845,2751.213352130962
0.0,0.08186527981928511,0.08444901737773541,0.08711429988156044,2751.213352130962,2906.7001995538217,3070.9745005933823
1e-06,0.08186527981928511,0.08444901737773541,0.08711429988156044,3070.9745005933823,3244.5328846581474,3427.9000485331494
0.0,0.08186527981928511,0.08444901737773541,0.08711429988156044,3427.9000485331494,3621.630342628391,3826.309446875285
0.0,0.08186527981928511,0.08444901737773541,0.08711429988156044,3826.309446875285,4042.556141337618,4271.024176889881
2e-06,0.08186527981928511,0.08444901737773541,0.08711429988156044,4271.024176889881,4512.404251618383,4767.426098920123
0.000439,0.08711429988156044,0.08986370095829221,0.09269987546132727,0.07999999999999999,0.08452125887808527,0.08929804002920383
0.000405,0.08711429988156044,0.08986370095829221,0.09269987546132727,0.08929804002920383,0.09434478448267444,0.09967674941321612
0.000424,0.08711429988156044,0.08986370095829221,0.09269987546132727,0.09967674941321612,0.10531005426600588,0.11126172948852864
0.000433,0.08711429988156044,0.08986370095829221,0.09269987546132727,0.11126172948852864,0.11754976801654278,0.12419317966981348
0.000431,0.08711429988156044,0.08986370095829221,0.09269987546132727,0.12419317966981348,0.13121204862206076,0.13862759411886386
0.000435,0.08711429988156044,0.08986370095829221,0.09269987546132727,0.13862759411886386,0.14646223462708277,0.15473965560973155
0.000411,0.08711429988156044,0.08986370095829221,0.09269987546132727,0.15473965560973155,0.1634848811311985,0.1727243495092878
0.000428,0.08711429988156044,0.08986370095829221,0.09269987546132727,0.1727243495092878,0.1824859932427924,0.1927993234562322
0.000424,0.08711429988156044,0.08986370095829221,0.09269987546132727,0.1927993234562322,0.20369551911704872,0.21520752129497553
0.000405,0.08711429988156044,0.08986370095829221,0.09269987546132727,0.21520752129497553,0.22737013274854592,0.24022012313980576
0.000368,0.08711429988156044,0.08986370095829221,0.09269987546132727,0.24022012313980576,0.25379634019531294,0.26813982714948303
0.000418,0.08711429988156044,0.08986370095829221,0.09269987546132727,0.26813982714948303,0.28329394682533116,0.2993045127277292
0.000427,0.08711429988156044,0.08986370095829221,0.09269987546132727,0.2993045127277292,0.31621992754549455,0.3340913294810264
0.000432,0.08711429988156044,0.08986370095829221,0.09269987546132727,0.3340913294810264,0.3529727468498688,0.37292126141758264
0.00041,0.08711429988156044,0.08986370095829221,0.09269987546132727,0.37292126141758264,0.3939971809677202,0.41626422162260607
0.000435,0.08711429988156044,0.08986370095829221,0.09269987546132727,0.41626422162260607,0.4397897004681118,0.46464473906476067
0.000411,0.08711429988156044,0.08986370095829221,0.09269987546132727,0.46464473906476067,0.4909044784604127,0.5186483063545496
0.000389,0.08711429988156044,0.08986370095829221,0.09269987546132727,0.5186483063545496,0.547960097100917,0.5789284652740918
0.00039,0.08711429988156044,0.08986370095829221,0.09269987546132727,0.5789284652740918,0.6116470335665513,0.6462147158261423
0.000446,0.08711429988156044,0.08986370095829221,0.09269987546132727,0.6462147158261423,0.6827360160896209,0.7213213445162929
0.000375,0.08711429988156044,0.08986370095829221,0.09269987546132727,0.7213213445162929,0.7620873511768764,0.805157278706688
0.000399,0.08711429988156044,0.08986370095829221,0.09269987546132727,0.805157278706688,0.8506613348892827,0.8987370862969332
0.000413,0.08711429988156044,0.08986370095829221,0.09269987546132727,0.8987370862969332,0.9495298741779894,1.0031932538484196
0.000351,0.08711429988156044,0.08986370095829221,0.09269987546132727,1.0031932538484196,1.0598894589158872,1.1197898917397926
0.000392,0.08711429988156044,0.08986370095829221,0.09269987546132727,1.1197898917397926,1.183075641610026,1.249938032210973
0.000367,0.08711429988156044,0.08986370095829221,0.09269987546132727,1.249938032210973,1.3205792000258516,1.3952127054299968
0.000367,0.08711429988156044,0.08986370095829221,0.09269987546132727,1.3952127054299968,1.4740641783205308,1.5573720002342704
0.000372,0.08711429988156044,0.08986370095829221,0.09269987546132727,1.5573720002342704,1.6453880250160273,1.7383783402160131
0.000349,0.08711429988156044,0.08986370095829221,0.09269987546132727,1.7383783402160131,1.8366240715181728,1.9404222326313807
0.000617,0.08711429988156044,0.08986370095829221,0.09269987546132727,1.9404222326313807,2.050086623212864,2.1659487775384263
0.000766,0.08711429988156044,0.08986370095829221,0.09269987546132727,2.1659487775384263,2.2883589667874706,2.417687257972894
0.000811,0.08711429988156044,0.08986370095829221,0.09269987546132727,2.417687257972894,2.5543246327171887,2.6986841692569943
0.000761,0.08711429988156044,0.08986370095829221,0.09269987546132727,2.6986841692569943,2.851202291249511,3.0123400871561223
0.000717,0.08711429988156044,0.08986370095829221,0.09269987546132727,3.0123400871561223,3.1825847041919566,3.3624508210555346
0.000719,0.08711429988156044,0.08986370095829221,0.09269987546132727,3.3624508210555346,3.552482203890815,3.7532533501855805
0.000731,0.08711429988156044,0.08986370095829221,0.09269987546132727,3.7532533501855805,3.9653712255759532,4.189477098807692
0.000732,0.08711429988156044,0.08986370095829221,0.09269987546132727,4.189477098807692,4.42624848040168,4.676401170884524
0.000704,0.08711429988156044,0.08986370095829221,0.09269987546132727,4.676401170884524,4.940691424776398,5.219918236878273
0.000653,0.08711429988156044,0.08986370095829221,0.09269987546132727,5.219918236878273,5.514925757770336,5.82660584582409
0.000657,0.08711429988156044,0.08986370095829221,0.09269987546132727,5.82660584582409,6.155900763443285,6.5038060256849075
0.000661,0.08711429988156044,0.08986370095829221,0.09269987546132727,6.5038060256849075,6.871373409872062,7.25971413529735
0.000649,0.08711429988156044,0.08986370095829221,0.09269987546132727,7.25971413529735,7.670002222629526,8.103478043179491
0.000621,0.08711429988156044,0.08986370095829221,0.09269987546132727,8.103478043179491,8.561452068755672,9.045308833445212
0.000626,0.08711429988156044,0.08986370095829221,0.09269987546132727,9.045308833445212,9.556511119298175,10.096604378568765
0.000604,0.08711429988156044,0.08986370095829221,0.09269987546132727,10.096604378568765,10.66722140588275,11.27008727445586
0.000204,0.08711429988156044,0.08986370095829221,0.09269987546132727,11.27008727445586,11.907024551286224,12.579958807087245
0.000101,0.08711429988156044,0.08986370095829221,0.09269987546132727,12.579958807087245,13.290924437618376,14.042070814012659
8.8e-05,0.08711429988156044,0.08986370095829221,0.09269987546132727,14.042070814012659,14.835668780694615,15.67411752053271
8.5e-05,0.08711429988156044,0.08986370095829221,0.09269987546132727,15.67411752053271,16.55995180798096,17.49584967213718
7.4e-05,0.08711429988156044,0.08986370095829221,0.09269987546132727,17.49584967213718,18.484640492884626,19.529313554592992
7.4e-05,0.08711429988156044,0.08986370095829221,0.09269987546132727,19.529313554592992,20.63302708323817,21.799117794261466
6.5e-05,0.08711429988156044,0.08986370095829221,0.09269987546132727,21.799117794261466,23.03111098003311,24.332731167416135
6.1e-05,0.08711429988156044,0.08986370095829221,0.09269987546132727,24.332731167416135,25.707913377650407,27.160815022597262
5.3e-05,0.08711429988156044,0.08986370095829221,0.09269987546132727,27.160815022597262,28.695828473309135,30.317594338921154
4.2e-05,0.08711429988156044,0.08986370095829221,0.09269987546132727,30.317594338921154,32.03101549600908,33.84127191082679
3.7e-05,0.08711429988156044,0.08986370095829221,0.09269987546132727,33.84127191082679,35.75383629923332,37.77449067165226
3.6e-05,0.08711429988156044,0.08986370095829221,0.09269987546132727,37.77449067165226,39.909343813081726,42.1648497509999
3e-05,0.08711429988156044,0.08986370095829221,0.09269987546132727,42.1648497509999,44.547827266997885,47.06548051112691
2.4e-05,0.08711429988156044,0.08986370095829221,0.09269987546132727,47.06548051112691,49.72542078128044,52.535689533454075
3e-05,0.08711429988156044,0.08986370095829221,0.09269987546132727,52.535689533454075,55.504782692447314,58.641676336502556
3e-05,0.08711429988156044,0.08986370095829221,0.09269987546132727,58.641676336502556,61.955853833530256,65.45733451095779
1.5e-05,0.08711429988156044,0.08986370095829221,0.09269987546132727,65.45733451095779,69.15670394587609,73.06514596705614
7e-06,0.08711429988156044,0.08986370095829221,0.09269987546132727,73.06514596705614,77.19447646558302,81.55717911632256
1.1e-05,0.08711429988156044,0.08986370095829221,0.09269987546132727,81.55717911632256,86.16644311821332,91.03620306747894
1.1e-05,0.08711429988156044,0.08986370095829221,0.09269987546132727,91.03620306747894,96.18118108430411,101.61693132033079
9e-06,0.08711429988156044,0.08986370095829221,0.09269987546132727,101.61693132033079,107.35988698152859,113.42741000859688
1e-05,0.08711429988156044,0.08986370095829221,0.09269987546132727,113.42741000859688,119.83784356509167,126.61056749195744
4e-06,0.08711429988156044,0.08986370095829221,0.09269987546132727,126.61056749195744,133.76605689611287,141.32594405021308
6e-06,0.08711429988156044,0.08986370095829221,0.09269987546132727,141.32594405021308,149.31308379072314,157.7516226120118
1.2e-05,0.08711429988156044,0.08986370095829221,0.09269987546132727,157.7516226120118,166.66707166534817,176.08638388349098
6e-06,0.08711429988156044,0.08986370095829221,0.09269987546132727,176.08638388349098,186.0380354640305,196.55211195782155
8e-06,0.08711429988156044,0.08986370095829221,0.09269987546132727,196.55211195782155,207.66039922276806,219.39647951792662
3e-06,0.08711429988156044,0.08986370095829221,0.09269987546132727,219.39647951792662,231.79583302844003,244.8959451282275
4e-06,0.08711429988156044,0.08986370095829221,0.09269987546132727,244.8959451282275,258.73641970470345,273.35909888812694
6e-06,0.08711429988156044,0.08986370095829221,0.09269987546132727,273.35909888812694,288.8081895475435,305.13039693573796
7e-06,0.08711429988156044,0.08986370095829221,0.09269987546132727,305.13039693573796,322.37506588723016,340.5943299961796
4e-06,0.08711429988156044,0.08986370095829221,0.09269987546132727,340.5943299961796,359.843269225189,380.18007642148444
1e-06,0.08711429988156044,0.08986370095829221,0.09269987546132727,380.18007642148444,401.66623324388144,424.3666960323934
5e-06,0.08711429988156044,0.08986370095829221,0.09269987546132727,424.3666960323934,448.35009218239543,473.6889276170203
3e-06,0.08711429988156044,0.08986370095829221,0.09269987546132727,473.6889276170203,500.45980598500944,528.7436602466912
2e-06,0.08711429988156044,0.08986370095829221,0.09269987546132727,528.7436602466912,558.6259973482117,590.1971567237096
0.0,0.08711429988156044,0.08986370095829221,0.09269987546132727,590.1971567237096,623.5525834069318,658.7931165779523
4e-06,0.08711429988156044,0.08986370095829221,0.09269987546132727,658.7931165779523,696.0252944173212,735.3616761892738
4e-06,0.08711429988156044,0.08986370095829221,0.09269987546132727,735.3616761892738,776.9211825277038,820.8294549536521
3e-06,0.08711429988156044,0.08986370095829221,0.09269987546132727,820.8294549536521,867.2192357111913,916.2307690700113
1e-06,0.08711429988156044,0.08986370095829221,0.09269987546132727,916.2307690700113,968.0122253079195,1022.7201486550255
1e-06,0.08711429988156044,0.08986370095829221,0.09269987546132727,1022.7201486550255,1080.5199305538154,1141.5863096658716
1e-06,0.08711429988156044,0.08986370095829221,0.09269987546132727,1141.5863096658716,1206.1039001368388,1274.2677497166753
3e-06,0.08711429988156044,0.08986370095829221,0.09269987546132727,1274.2677497166753,1346.2839294224782,1422.370156526539
2e-06,0.08711429988156044,0.08986370095829221,0.09269987546132727,1422.370156526539,1502.7564527530292,1587.68583967315
1e-06,0.08711429988156044,0.08986370095829221,0.09269987546132727,1587.68583967315,1677.4150734010555,1772.2154208116622
2e-06,0.08711429988156044,0.08986370095829221,0.09269987546132727,1772.2154208116622,1872.373479626966,1978.1920448501505
2e-06,0.08711429988156044,0.08986370095829221,0.09269987546132727,1978.1920448501505,2089.991024166855,2208.1084050810155
1e-06,0.08711429988156044,0.08986370095829221,0.09269987546132727,2208.1084050810155,2332.9012767091076,2464.7469093218283
2e-06,0.08711429988156044,0.08986370095829221,0.09269987546132727,2464.7469093218283,2604.0438948968845,2751.213352130962
2e-06,0.08711429988156044,0.08986370095829221,0.09269987546132727,2751.213352130962,2906.7001995538217,3070.9745005933823
0.0,0.08711429988156044,0.08986370095829221,0.09269987546132727,3070.9745005933823,3244.5328846581474,3427.9000485331494
1e-06,0.08711429988156044,0.08986370095829221,0.09269987546132727,3427.9000485331494,3621.630342628391,3826.309446875285
2e-06,0.08711429988156044,0.08986370095829221,0.09269987546132727,3826.309446875285,4042.556141337618,4271.024176889881
0.0,0.08711429988156044,0.08986370095829221,0.09269987546132727,4271.024176889881,4512.404251618383,4767.426098920123
0.000448,0.09269987546132727,0.09562556203348352,0.09864358575146545,0.07999999999999999,0.08452125887808527,0.08929804002920383
0.000442,0.09269987546132727,0.09562556203348352,0.09864358575146545,0.08929804002920383,0.09434478448267444,0.09967674941321612
0.000416,0.09269987546132727,0.09562556203348352,0.09864358575146545,0.09967674941321612,0.10531005426600588,0.11126172948852864
0.000439,0.09269987546132727,0.09562556203348352,0.09864358575146545,0.11126172948852864,0.11754976801654278,0.12419317966981348
0.000426,0.09269987546132727,0.09562556203348352,0.09864358575146545,0.12419317966981348,0.13121204862206076,0.13862759411886386
0.000455,0.09269987546132727,0.09562556203348352,0.09864358575146545,0.13862759411886386,0.14646223462708277,0.15473965560973155
0.000463,0.09269987546132727,0.09562556203348352,0.09864358575146545,0.15473965560973155,0.1634848811311985,0.1727243495092878
0.000419,0.09269987546132727,0.09562556203348352,0.09864358575146545,0.1727243495092878,0.1824859932427924,0.1927993234562322
0.000478,0.09269987546132727,0.09562556203348352,0.09864358575146545,0.1927993234562322,0.20369551911704872,0.21520752129497553
0.000446,0.09269987546132727,0.09562556203348352,0.09864358575146545,0.21520752129497553,0.22737013274854592,0.24022012313980576
0.000404,0.09269987546132727,0.09562556203348352,0.09864358575146545,0.24022012313980576,0.25379634019531294,0.26813982714948303
0.000443,0.09269987546132727,0.09562556203348352,0.09864358575146545,0.26813982714948303,0.28329394682533116,0.2993045127277292
0.000431,0.09269987546132727,0.09562556203348352,0.09864358575146545,0.2993045127277292,0.31621992754549455,0.3340913294810264
0.000438,0.09269987546132727,0.09562556203348352,0.09864358575146545,0.3340913294810264,0.3529727468498688,0.37292126141758264
0.000449,0.09269987546132727,0.09562556203348352,0.09864358575146545,0.37292126141758264,0.3939971809677202,0.41626422162260607
0.000438,0.09269987546132727,0.09562556203348352,0.09864358575146545,0.41626422162260607,0.4397897004681118,0.46464473906476067
0.000393,0.09269987546132727,0.09562556203348352,0.09864358575146545,0.46464473906476067,0.4909044784604127,0.5186483063545496
0.000443,0.09269987546132727,0.09562556203348352,0.09864358575146545,0.5186483063545496,0.547960097100917,0.5789284652740918
0.000397,0.09269987546132727,0.09562556203348352,0.09864358575146545,0.5789284652740918,0.6116470335665513,0.6462147158261423
0.000413,0.09269987546132727,0.09562556203348352,0.09864358575146545,0.6462147158261423,0.6827360160896209,0.7213213445162929
0.000404,0.09269987546132727,0.09562556203348352,0.09864358575146545,0.7213213445162929,0.7620873511768764,0.805157278706688
0.000416,0.09269987546132727,0.09562556203348352,0.09864358575146545,0.805157278706688,0.8506613348892827,0.8987370862969332
0.000397,0.09269987546132727,0.09562556203348352,0.09864358575146545,0.8987370862969332,0.9495298741779894,1.0031932538484196
0.000431,0.09269987546132727,0.09562556203348352,0.09864358575146545,1.0031932538484196,1.0598894589158872,1.1197898917397926
0.000389,0.09269987546132727,0.09562556203348352,0.09864358575146545,1.1197898917397926,1.183075641610026,1.249938032210973
0.000352,0.09269987546132727,0.09562556203348352,0.09864358575146545,1.249938032210973,1.3205792000258516,1.3952127054299968
0.000378,0.09269987546132727,0.09562556203348352,0.09864358575146545,1.3952127054299968,1.4740641783205308,1.5573720002342704
0.000365,0.09269987546132727,0.09562556203348352,0.09864358575146545,1.5573720002342704,1.6453880250160273,1.7383783402160131
0.000387,0.09269987546132727,0.09562556203348352,0.09864358575146545,1.7383783402160131,1.8366240715181728,1.9404222326313807
0.000585,0.09269987546132727,0.09562556203348352,0.09864358575146545,1.9404222326313807,2.050086623212864,2.1659487775384263
0.000759,0.09269987546132727,0.09562556203348352,0.09864358575146545,2.1659487775384263,2.2883589667874706,2.417687257972894
0.000773,0.09269987546132727,0.09562556203348352,0.09864358575146545,2.417687257972894,2.5543246327171887,2.6986841692569943
0.000767,0.09269987546132727,0.09562556203348352,0.09864358575146545,2.6986841692569943,2.851202291249511,3.0123400871561223
0.000785,0.09269987546132727,0.09562556203348352,0.09864358575146545,3.0123400871561223,3.1825847041919566,3.3624508210555346
0.000747,0.09269987546132727,0.09562556203348352,0.09864358575146545,3.3624508210555346,3.552482203890815,3.7532533501855805
0.000694,0.09269987546132727,0.09562556203348352,0.09864358575146545,3.7532533501855805,3.9653712255759532,4.189477098807692
0.000706,0.09269987546132727,0.09562556203348352,0.09864358575146545,4.189477098807692,4.42624848040168,4.676401170884524
0.000721,0.09269987546132727,0.09562556203348352,0.09864358575146545,4.676401170884524,4.940691424776398,5.219918236878273
0.000686,0.09269987546132727,0.09562556203348352,0.09864358575146545,5.219918236878273,5.514925757770336,5.82660584582409
0.000644,0.09269987546132727,0.09562556203348352,0.09864358575146545,5.82660584582409,6.155900763443285,6.5038060256849075
0.000702,0.09269987546132727,0.09562556203348352,0.09864358575146545,6.5038060256849075,6.871373409872062,7.25971413529735
0.000633,0.09269987546132727,0.09562556203348352,0.09864358575146545,7.25971413529735,7.670002222629526,8.103478043179491
0.000654,0.09269987546132727,0.09562556203348352,0.09864358575146545,8.103478043179491,8.561452068755672,9.045308833445212
0.000601,0.09269987546132727,0.09562556203348352,0.09864358575146545,9.045308833445212,9.556511119298175,10.096604378568765
0.000616,0.09269987546132727,0.09562556203348352,0.09864358575146545,10.096604378568765,10.66722140588275,11.27008727445586
0.00019,0.09269987546132727,0.09562556203348352,0.09864358575146545,11.27008727445586,11.907024551286224,12.579958807087245
8.8e-05,0.09269987546132727,0.09562556203348352,0.09864358575146545,12.579958807087245,13.290924437618376,14.042070814012659
8.8e-05,0.09269987546132727,0.09562556203348352,0.09864358575146545,14.042070814012659,14.835668780694615,15.67411752053271
8.2e-05,0.09269987546132727,0.09562556203348352,0.09864358575146545,15.67411752053271,16.55995180798096,17.49584967213718
7.4e-05,0.09269987546132727,0.09562556203348352,0.09864358575146545,17.49584967213718,18.484640492884626,19.529313554592992
8.1e-05,0.09269987546132727,0.09562556203348352,0.09864358575146545,19.529313554592992,20.63302708323817,21.799117794261466
7.1e-05,0.09269987546132727,0.09562556203348352,0.09864358575146545,21.799117794261466,23.03111098003311,24.332731167416135
6.2e-05,0.09269987546132727,0.09562556203348352,0.09864358575146545,24.332731167416135,25.707913377650407,27.160815022597262
5.7e-05,0.09269987546132727,0.09562556203348352,0.09864358575146545,27.160815022597262,28.695828473309135,30.317594338921154
3.8e-05,0.09269987546132727,0.09562556203348352,0.09864358575146545,30.317594338921154,32.03101549600908,33.84127191082679
5.6e-05,0.09269987546132727,0.09562556203348352,0.09864358575146545,33.84127191082679,35.75383629923332,37.77449067165226
4.5e-05,0.09269987546132727,0.09562556203348352,0.09864358575146545,37.77449067165226,39.909343813081726,42.1648497509999
3.5e-05,0.09269987546132727,0.09562556203348352,0.09864358575146545,42.1648497509999,44.547827266997885,47.06548051112691
4.1e-05,0.09269987546132727,0.09562556203348352,0.09864358575146545,47.06548051112691,49.72542078128044,52.535689533454075
3.4e-05,0.09269987546132727,0.09562556203348352,0.09864358575146545,52.535689533454075,55.504782692447314,58.641676336502556
3.2e-05,0.09269987546132727,0.09562556203348352,0.09864358575146545,58.641676336502556,61.955853833530256,65.45733451095779
3.5e-05,0.09269987546132727,0.09562556203348352,0.09864358575146545,65.45733451095779,69.15670394587609,73.06514596705614
1.3e-05,0.09269987546132727,0.09562556203348352,0.09864358575146545,73.06514596705614,77.19447646558302,81.55717911632256
1.1e-05,0.09269987546132727,0.09562556203348352,0.09864358575146545,81.55717911632256,86.16644311821332,91.03620306747894
6e-06,0.09269987546132727,0.09562556203348352,0.09864358575146545,91.03620306747894,96.18118108430411,101.61693132033079
7e-06,0.09269987546132727,0.09562556203348352,0.09864358575146545,101.61693132033079,107.35988698152859,113.42741000859688
7e-06,0.09269987546132727,0.09562556203348352,0.09864358575146545,113.42741000859688,119.83784356509167,126.61056749195744
5e-06,0.09269987546132727,0.09562556203348352,0.09864358575146545,126.61056749195744,133.76605689611287,141.32594405021308
1.5e-05,0.09269987546132727,0.09562556203348352,0.09864358575146545,141.32594405021308,149.31308379072314,157.7516226120118
8e-06,0.09269987546132727,0.09562556203348352,0.09864358575146545,157.7516226120118,166.66707166534817,176.08638388349098
1.2e-05,0.09269987546132727,0.09562556203348352,0.09864358575146545,176.08638388349098,186.0380354640305,196.55211195782155
9e-06,0.09269987546132727,0.09562556203348352,0.09864358575146545,196.55211195782155,207.66039922276806,219.39647951792662
8e-06,0.09269987546132727,0.09562556203348352,0.09864358575146545,219.39647951792662,231.79583302844003,244.8959451282275
1e-05,0.09269987546132727,0.09562556203348352,0.09864358575146545,244.8959451282275,258.73641970470345,273.35909888812694
1e-06,0.09269987546132727,0.09562556203348352,0.09864358575146545,273.35909888812694,288.8081895475435,305.13039693573796
3e-06,0.09269987546132727,0.09562556203348352,0.09864358575146545,305.13039693573796,322.37506588723016,340.5943299961796
5e-06,0.09269987546132727,0.09562556203348352,0.09864358575146545,340.5943299961796,359.843269225189,380.18007642148444
5e-06,0.09269987546132727,0.09562556203348352,0.09864358575146545,380.18007642148444,401.66623324388144,424.3666960323934
8e-06,0.09269987546132727,0.09562556203348352,0.09864358575146545,424.3666960323934,448.35009218239543,473.6889276170203
3e-06,0.09269987546132727,0.09562556203348352,0.09864358575146545,473.6889276170203,500.45980598500944,528.7436602466912
4e-06,0.09269987546132727,0.09562556203348352,0.09864358575146545,528.7436602466912,558.6259973482117,590.1971567237096
4e-06,0.09269987546132727,0.09562556203348352,0.09864358575146545,590.1971567237096,623.5525834069318,658.7931165779523
3e-06,0.09269987546132727,0.09562556203348352,0.09864358575146545,658.7931165779523,696.0252944173212,735.3616761892738
4e-06,0.09269987546132727,0.09562556203348352,0.09864358575146545,735.3616761892738,776.9211825277038,820.8294549536521
4e-06,0.09269987546132727,0.09562556203348352,0.09864358575146545,820.8294549536521,867.2192357111913,916.2307690700113
0.0,0.09269987546132727,0.09562556203348352,0.09864358575146545,916.2307690700113,968.0122253079195,1022.7201486550255
2e-06,0.09269987546132727,0.09562556203348352,0.09864358575146545,1022.7201486550255,1080.5199305538154,1141.5863096658716
1e-06,0.09269987546132727,0.09562556203348352,0.09864358575146545,1141.5863096658716,1206.1039001368388,1274.2677497166753
2e-06,0.09269987546132727,0.09562556203348352,0.09864358575146545,1274.2677497166753,1346.2839294224782,1422.370156526539
4e-06,0.09269987546132727,0.09562556203348352,0.09864358575146545,1422.370156526539,1502.7564527530292,1587.68583967315
2e-06,0.09269987546132727,0.09562556203348352,0.09864358575146545,1587.68583967315,1677.4150734010555,1772.2154208116622
2e-06,0.09269987546132727,0.09562556203348352,0.09864358575146545,1772.2154208116622,1872.373479626966,1978.1920448501505
2e-06,0.09269987546132727,0.09562556203348352,0.09864358575146545,1978.1920448501505,2089.991024166855,2208.1084050810155
0.0,0.09269987546132727,0.09562556203348352,0.09864358575146545,2208.1084050810155,2332.9012767091076,2464.7469093218283
1e-06,0.09269987546132727,0.09562556203348352,0.09864358575146545,2464.7469093218283,2604.0438948968845,2751.213352130962
0.0,0.09269987546132727,0.09562556203348352,0.09864358575146545,2751.213352130962,2906.7001995538217,3070.9745005933823
1e-06,0.09269987546132727,0.09562556203348352,0.09864358575146545,3070.9745005933823,3244.5328846581474,3427.9000485331494
0.0,0.09269987546132727,0.09562556203348352,0.09864358575146545,3427.9000485331494,3621.630342628391,3826.309446875285
1e-06,0.09269987546132727,0.09562556203348352,0.09864358575146545,3826.309446875285,4042.556141337618,4271.024176889881
2e-06,0.09269987546132727,0.09562556203348352,0.09864358575146545,4271.024176889881,4512.404251618383,4767.426098920123
0.000462,0.09864358575146545,0.10175686085379076,0.10496839355481266,0.07999999999999999,0.08452125887808527,0.08929804002920383
0.000469,0.09864358575146545,0.10175686085379076,0.10496839355481266,0.08929804002920383,0.09434478448267444,0.09967674941321612
0.000457,0.09864358575146545,0.10175686085379076,0.10496839355481266,0.09967674941321612,0.10531005426600588,0.11126172948852864
0.000481,0.09864358575146545,0.10175686085379076,0.10496839355481266,0.11126172948852864,0.11754976801654278,0.12419317966981348
0.000447,0.09864358575146545,0.10175686085379076,0.10496839355481266,0.12419317966981348,0.13121204862206076,0.13862759411886386
0.000432,0.09864358575146545,0.10175686085379076,0.10496839355481266,0.13862759411886386,0.14646223462708277,0.15473965560973155
0.000458,0.09864358575146545,0.10175686085379076,0.10496839355481266,0.15473965560973155,0.1634848811311985,0.1727243495092878
0.000421,0.09864358575146545,0.10175686085379076,0.10496839355481266,0.1727243495092878,0.1824859932427924,0.1927993234562322
0.000451,0.09864358575146545,0.10175686085379076,0.10496839355481266,0.1927993234562322,0.20369551911704872,0.21520752129497553
0.000447,0.09864358575146545,0.10175686085379076,0.10496839355481266,0.21520752129497553,0.22737013274854592,0.24022012313980576
0.000415,0.09864358575146545,0.10175686085379076,0.10496839355481266,0.24022012313980576,0.25379634019531294,0.26813982714948303
0.000411,0.09864358575146545,0.10175686085379076,0.10496839355481266,0.26813982714948303,0.28329394682533116,0.2993045127277292
0.000439,0.09864358575146545,0.10175686085379076,0.10496839355481266,0.2993045127277292,0.31621992754549455,0.3340913294810264
0.000433,0.09864358575146545,0.10175686085379076,0.10496839355481266,0.3340913294810264,0.3529727468498688,0.37292126141758264
0.000442,0.09864358575146545,0.10175686085379076,0.10496839355481266,0.37292126141758264,0.3939971809677202,0.41626422162260607
0.000411,0.09864358575146545,0.10175686085379076,0.10496839355481266,0.41626422162260607,0.4397897004681118,0.46464473906476067
0.000453,0.09864358575146545,0.10175686085379076,0.10496839355481266,0.46464473906476067,0.4909044784604127,0.5186483063545496
0.000435,0.09864358575146545,0.10175686085379076,0.10496839355481266,0.5186483063545496,0.547960097100917,0.5789284652740918
0.000461,0.09864358575146545,0.10175686085379076,0.10496839355481266,0.5789284652740918,0.6116470335665513,0.6462147158261423
0.000399,0.09864358575146545,0.10175686085379076,0.10496839355481266,0.6462147158261423,0.6827360160896209,0.7213213445162929
0.00041,0.09864358575146545,0.10175686085379076,0.10496839355481266,0.7213213445162929,0.7620873511768764,0.805157278706688
0.000467,0.09864358575146545,0.10175686085379076,0.10496839355481266,0.805157278706688,0.8506613348892827,0.8987370862969332
0.000381,0.09864358575146545,0.10175686085379076,0.10496839355481266,0.8987370862969332,0.9495298741779894,1.0031932538484196
0.000394,0.09864358575146545,0.10175686085379076,0.10496839355481266,1.0031932538484196,1.0598894589158872,1.1197898917397926
0.000382,0.09864358575146545,0.10175686085379076,0.10496839355481266,1.1197898917397926,1.183075641610026,1.249938032210973
0.000406,0.09864358575146545,0.10175686085379076,0.10496839355481266,1.249938032210973,1.3205792000258516,1.3952127054299968
0.000407,0.09864358575146545,0.10175686085379076,0.10496839355481266,1.3952127054299968,1.4740641783205308,1.5573720002342704
0.000374,0.09864358575146545,0.10175686085379076,0.10496839355481266,1.5573720002342704,1.6453880250160273,1.7383783402160131
0.000427,0.09864358575146545,0.10175686085379076,0.10496839355481266,1.7383783402160131,1.8366240715181728,1.9404222326313807
0.000669,0.09864358575146545,0.10175686085379076,0.10496839355481266,1.9404222326313807,2.050086623212864,2.1659487775384263
0.000847,0.09864358575146545,0.10175686085379076,0.10496839355481266,2.1659487775384263,2.2883589667874706,2.417687257972894
0.000753,0.09864358575146545,0.10175686085379076,0.10496839355481266,2.417687257972894,2.5543246327171887,2.6986841692569943
0.000758,0.09864358575146545,0.10175686085379076,0.10496839355481266,2.6986841692569943,2.851202291249511,3.0123400871561223
0.000758,0.09864358575146545,0.10175686085379076,0.10496839355481266,3.0123400871561223,3.1825847041919566,3.3624508210555346
0.000724,0.09864358575146545,0.10175686085379076,0.10496839355481266,3.3624508210555346,3.552482203890815,3.7532533501855805
0.00072,0.09864358575146545,0.10175686085379076,0.10496839355481266,3.7532533501855805,3.9653712255759532,4.189477098807692
0.000699,0.09864358575146545,0.10175686085379076,0.10496839355481266,4.189477098807692,4.42624848040168,4.676401170884524
0.00075,0.09864358575146545,0.10175686085379076,0.10496839355481266,4.676401170884524,4.940691424776398,5.219918236878273
0.000684,0.09864358575146545,0.10175686085379076,0.10496839355481266,5.219918236878273,5.514925757770336,5.82660584582409
0.000679,0.09864358575146545,0.10175686085379076,0.10496839355481266,5.82660584582409,6.155900763443285,6.5038060256849075
0.000675,0.09864358575146545,0.10175686085379076,0.10496839355481266,6.5038060256849075,6.871373409872062,7.25971413529735
0.000633,0.09864358575146545,0.10175686085379076,0.10496839355481266,7.25971413529735,7.670002222629526,8.103478043179491
0.000669,0.09864358575146545,0.10175686085379076,0.10496839355481266,8.103478043179491,8.561452068755672,9.045308833445212
0.000638,0.09864358575146545,0.10175686085379076,0.10496839355481266,9.045308833445212,9.556511119298175,10.096604378568765
0.000676,0.09864358575146545,0.10175686085379076,0.10496839355481266,10.096604378568765,10.66722140588275,11.27008727445586
0.000205,0.09864358575146545,0.10175686085379076,0.10496839355481266,11.27008727445586,11.907024551286224,12.579958807087245
9.7e-05,0.09864358575146545,0.10175686085379076,0.10496839355481266,12.579958807087245,13.290924437618376,14.042070814012659
9.9e-05,0.09864358575146545,0.10175686085379076,0.10496839355481266,14.042070814012659,14.835668780694615,15.67411752053271
7.2e-05,0.09864358575146545,0.10175686085379076,0.10496839355481266,15.67411752053271,16.55995180798096,17.49584967213718
6.6e-05,0.09864358575146545,0.10175686085379076,0.10496839355481266,17.49584967213718,18.484640492884626,19.529313554592992
8.7e-05,0.09864358575146545,0.10175686085379076,0.10496839355481266,19.529313554592992,20.63302708323817,21.799117794261466
7.5e-05,0.09864358575146545,0.10175686085379076,0.10496839355481266,21.799117794261466,23.03111098003311,24.332731167416135
5.5e-05,0.09864358575146545,0.10175686085379076,0.10496839355481266,24.332731167416135,25.707913377650407,27.160815022597262
5.8e-05,0.09864358575146545,0.10175686085379076,0.10496839355481266,27.160815022597262,28.695828473309135,30.317594338921154
5.3e-05,0.09864358575146545,0.10175686085379076,0.10496839355481266,30.317594338921154,32.03101549600908,33.84127191082679
6.1e-05,0.09864358575146545,0.10175686085379076,0.10496839355481266,33.84127191082679,35.75383629923332,37.77449067165226
4.3e-05,0.09864358575146545,0.10175686085379076,0.10496839355481266,37.77449067165226,39.909343813081726,42.1648497509999
4.6e-05,0.09864358575146545,0.10175686085379076,0.10496839355481266,42.1648497509999,44.547827266997885,47.06548051112691
4.1e-05,0.09864358575146545,0.10175686085379076,0.10496839355481266,47.06548051112691,49.72542078128044,52.535689533454075
3.3e-05,0.09864358575146545,0.10175686085379076,0.10496839355481266,52.535689533454075,55.504782692447314,58.641676336502556
3.5e-05,0.09864358575146545,0.10175686085379076,0.10496839355481266,58.641676336502556,61.955853833530256,65.45733451095779
2.8e-05,0.09864358575146545,0.10175686085379076,0.10496839355481266,65.45733451095779,69.15670394587609,73.06514596705614
2e-05,0.09864358575146545,0.10175686085379076,0.10496839355481266,73.06514596705614,77.19447646558302,81.55717911632256
1.9e-05,0.09864358575146545,0.10175686085379076,0.10496839355481266,81.55717911632256,86.16644311821332,91.03620306747894
2e-05,0.09864358575146545,0.10175686085379076,0.10496839355481266,91.03620306747894,96.18118108430411,101.61693132033079
7e-06,0.09864358575146545,0.10175686085379076,0.10496839355481266,101.61693132033079,107.35988698152859,113.42741000859688
1e-05,0.09864358575146545,0.10175686085379076,0.10496839355481266,113.42741000859688,119.83784356509167,126.61056749195744
1.2e-05,0.09864358575146545,0.10175686085379076,0.10496839355481266,126.61056749195744,133.76605689611287,141.32594405021308
8e-06,0.09864358575146545,0.10175686085379076,0.10496839355481266,141.32594405021308,149.31308379072314,157.7516226120118
1.1e-05,0.09864358575146545,0.10175686085379076,0.10496839355481266,157.7516226120118,166.66707166534817,176.08638388349098
9e-06,0.09864358575146545,0.10175686085379076,0.10496839355481266,176.08638388349098,186.0380354640305,196.55211195782155
7e-06,0.09864358575146545,0.10175686085379076,0.10496839355481266,196.55211195782155,207.66039922276806,219.39647951792662
4e-06,0.09864358575146545,0.10175686085379076,0.10496839355481266,219.39647951792662,231.79583302844003,244.8959451282275
8e-06,0.09864358575146545,0.10175686085379076,0.10496839355481266,244.8959451282275,258.73641970470345,273.35909888812694
4e-06,0.09864358575146545,0.10175686085379076,0.10496839355481266,273.35909888812694,288.8081895475435,305.13039693573796
6e-06,0.09864358575146545,0.10175686085379076,0.10496839355481266,305.13039693573796,322.37506588723016,340.5943299961796
7e-06,0.09864358575146545,0.10175686085379076,0.10496839355481266,340.5943299961796,359.843269225189,380.18007642148444
5e-06,0.09864358575146545,0.10175686085379076,0.10496839355481266,380.18007642148444,401.66623324388144,424.3666960323934
6e-06,0.09864358575146545,0.10175686085379076,0.10496839355481266,424.3666960323934,448.35009218239543,473.6889276170203
3e-06,0.09864358575146545,0.10175686085379076,0.10496839355481266,473.6889276170203,500.45980598500944,528.7436602466912
2e-06,0.09864358575146545,0.10175686085379076,0.10496839355481266,528.7436602466912,558.6259973482117,590.1971567237096
1e-06,0.09864358575146545,0.10175686085379076,0.10496839355481266,590.1971567237096,623.5525834069318,658.7931165779523
6e-06,0.09864358575146545,0.10175686085379076,0.10496839355481266,658.7931165779523,696.0252944173212,735.3616761892738
3e-06,0.09864358575146545,0.10175686085379076,0.10496839355481266,735.3616761892738,776.9211825277038,820.8294549536521
3e-06,0.09864358575146545,0.10175686085379076,0.10496839355481266,820.8294549536521,867.2192357111913,916.2307690700113
2e-06,0.09864358575146545,0.10175686085379076,0.10496839355481266,916.2307690700113,968.0122253079195,1022.7201486550255
3e-06,0.09864358575146545,0.10175686085379076,0.10496839355481266,1022.7201486550255,1080.5199305538154,1141.5863096658716
1e-06,0.09864358575146545,0.10175686085379076,0.10496839355481266,1141.5863096658716,1206.1039001368388,1274.2677497166753
1e-06,0.09864358575146545,0.10175686085379076,0.10496839355481266,1274.2677497166753,1346.2839294224782,1422.370156526539
0.0,0.09864358575146545,0.10175686085379076,0.10496839355481266,1422.370156526539,1502.7564527530292,1587.68583967315
2e-06,0.09864358575146545,0.10175686085379076,0.10496839355481266,1587.68583967315,1677.4150734010555,1772.2154208116622
2e-06,0.09864358575146545,0.10175686085379076,0.10496839355481266,1772.2154208116622,1872.373479626966,1978.1920448501505
1e-06,0.09864358575146545,0.10175686085379076,0.10496839355481266,1978.1920448501505,2089.991024166855,2208.1084050810155
0.0,0.09864358575146545,0.10175686085379076,0.10496839355481266,2208.1084050810155,2332.9012767091076,2464.7469093218283
0.0,0.09864358575146545,0.10175686085379076,0.10496839355481266,2464.7469093218283,2604.0438948968845,2751.213352130962
2e-06,0.09864358575146545,0.10175686085379076,0.10496839355481266,2751.213352130962,2906.7001995538217,3070.9745005933823
3e-06,0.09864358575146545,0.10175686085379076,0.10496839355481266,3070.9745005933823,3244.5328846581474,3427.9000485331494
2e-06,0.09864358575146545,0.10175686085379076,0.10496839355481266,3427.9000485331494,3621.630342628391,3826.309446875285
0.0,0.09864358575146545,0.10175686085379076,0.10496839355481266,3826.309446875285,4042.556141337618,4271.024176889881
1e-06,0.09864358575146545,0.10175686085379076,0.10496839355481266,4271.024176889881,4512.404251618383,4767.426098920123
0.000495,0.10496839355481266,0.10828128494755515,0.11169873399816416,0.07999999999999999,0.08452125887808527,0.08929804002920383
0.000447,0.10496839355481266,0.10828128494755515,0.11169873399816416,0.08929804002920383,0.09434478448267444,0.09967674941321612
0.000473,0.10496839355481266,0.10828128494755515,0.11169873399816416,0.09967674941321612,0.10531005426600588,0.11126172948852864
0.000489,0.10496839355481266,0.10828128494755515,0.11169873399816416,0.11126172948852864,0.11754976801654278,0.12419317966981348
0.000481,0.10496839355481266,0.10828128494755515,0.11169873399816416,0.12419317966981348,0.13121204862206076,0.13862759411886386
0.00043,0.10496839355481266,0.10828128494755515,0.11169873399816416,0.13862759411886386,0.14646223462708277,0.15473965560973155
0.000442,0.10496839355481266,0.10828128494755515,0.11169873399816416,0.15473965560973155,0.1634848811311985,0.1727243495092878
0.000477,0.10496839355481266,0.10828128494755515,0.11169873399816416,0.1727243495092878,0.1824859932427924,0.1927993234562322
0.000447,0.10496839355481266,0.10828128494755515,0.11169873399816416,0.1927993234562322,0.20369551911704872,0.21520752129497553
0.000412,0.10496839355481266,0.10828128494755515,0.11169873399816416,0.21520752129497553,0.22737013274854592,0.24022012313980576
0.000455,0.10496839355481266,0.10828128494755515,0.11169873399816416,0.24022012313980576,0.25379634019531294,0.26813982714948303
0.000451,0.10496839355481266,0.10828128494755515,0.11169873399816416,0.26813982714948303,0.28329394682533116,0.2993045127277292
0.000432,0.10496839355481266,0.10828128494755515,0.11169873399816416,0.2993045127277292,0.31621992754549455,0.3340913294810264
0.000468,0.10496839355481266,0.10828128494755515,0.11169873399816416,0.3340913294810264,0.3529727468498688,0.37292126141758264
0.000473,0.10496839355481266,0.10828128494755515,0.11169873399816416,0.37292126141758264,0.3939971809677202,0.41626422162260607
0.000439,0.10496839355481266,0.10828128494755515,0.11169873399816416,0.41626422162260607,0.4397897004681118,0.46464473906476067
0.000437,0.10496839355481266,0.10828128494755515,0.11169873399816416,0.46464473906476067,0.4909044784604127,0.5186483063545496
0.000397,0.10496839355481266,0.10828128494755515,0.11169873399816416,0.5186483063545496,0.547960097100917,0.5789284652740918
0.000375,0.10496839355481266,0.10828128494755515,0.11169873399816416,0.5789284652740918,0.6116470335665513,0.6462147158261423
0.000403,0.10496839355481266,0.10828128494755515,0.11169873399816416,0.6462147158261423,0.6827360160896209,0.7213213445162929
0.000445,0.10496839355481266,0.10828128494755515,0.11169873399816416,0.7213213445162929,0.7620873511768764,0.805157278706688
0.000395,0.10496839355481266,0.10828128494755515,0.11169873399816416,0.805157278706688,0.8506613348892827,0.8987370862969332
0.000442,0.10496839355481266,0.10828128494755515,0.11169873399816416,0.8987370862969332,0.9495298741779894,1.0031932538484196
0.000381,0.10496839355481266,0.10828128494755515,0.11169873399816416,1.0031932538484196,1.0598894589158872,1.1197898917397926
0.000442,0.10496839355481266,0.10828128494755515,0.11169873399816416,1.1197898917397926,1.183075641610026,1.249938032210973
0.000424,0.10496839355481266,0.10828128494755515,0.11169873399816416,1.249938032210973,1.3205792000258516,1.3952127054299968
0.000416,0.10496839355481266,0.10828128494755515,0.11169873399816416,1.3952127054299968,1.4740641783205308,1.5573720002342704
0.000397,0.10496839355481266,0.10828128494755515,0.11169873399816416,1.5573720002342704,1.6453880250160273,1.7383783402160131
0.00036,0.10496839355481266,0.10828128494755515,0.11169873399816416,1.7383783402160131,1.8366240715181728,1.9404222326313807
0.000602,0.10496839355481266,0.10828128494755515,0.11169873399816416,1.9404222326313807,2.050086623212864,2.1659487775384263
0.000789,0.10496839355481266,0.10828128494755515,0.11169873399816416,2.1659487775384263,2.2883589667874706,2.417687257972894
0.000755,0.10496839355481266,0.10828128494755515,0.11169873399816416,2.417687257972894,2.5543246327171887,2.6986841692569943
0.000789,0.10496839355481266,0.10828128494755515,0.11169873399816416,2.6986841692569943,2.851202291249511,3.0123400871561223
0.000774,0.10496839355481266,0.10828128494755515,0.11169873399816416,3.0123400871561223,3.1825847041919566,3.3624508210555346
0.000777,0.10496839355481266,0.10828128494755515,0.11169873399816416,3.3624508210555346,3.552482203890815,3.7532533501855805
0.000714,0.10496839355481266,0.10828128494755515,0.11169873399816416,3.7532533501855805,3.9653712255759532,4.189477098807692
0.000729,0.10496839355481266,0.10828128494755515,0.11169873399816416,4.189477098807692,4.42624848040168,4.676401170884524
0.000732,0.10496839355481266,0.10828128494755515,0.11169873399816416,4.676401170884524,4.940691424776398,5.219918236878273
0.0007,0.10496839355481266,0.10828128494755515,0.11169873399816416,5.219918236878273,5.514925757770336,5.82660584582409
0.000717,0.10496839355481266,0.10828128494755515,0.11169873399816416,5.82660584582409,6.155900763443285,6.5038060256849075
0.000689,0.10496839355481266,0.10828128494755515,0.11169873399816416,6.5038060256849075,6.871373409872062,7.25971413529735
0.000697,0.10496839355481266,0.10828128494755515,0.11169873399816416,7.25971413529735,7.670002222629526,8.103478043179491
0.000722,0.10496839355481266,0.10828128494755515,0.11169873399816416,8.103478043179491,8.561452068755672,9.045308833445212
0.000647,0.10496839355481266,0.10828128494755515,0.11169873399816416,9.045308833445212,9.556511119298175,10.096604378568765
0.000699,0.10496839355481266,0.10828128494755515,0.11169873399816416,10.096604378568765,10.66722140588275,11.27008727445586
0.000204,0.10496839355481266,0.10828128494755515,0.11169873399816416,11.27008727445586,11.907024551286224,12.579958807087245
0.0001,0.10496839355481266,0.10828128494755515,0.11169873399816416,12.579958807087245,13.290924437618376,14.042070814012659
8.1e-05,0.10496839355481266,0.10828128494755515,0.11169873399816416,14.042070814012659,14.835668780694615,15.67411752053271
8.1e-05,0.10496839355481266,0.10828128494755515,0.11169873399816416,15.67411752053271,16.55995180798096,17.49584967213718
7.8e-05,0.10496839355481266,0.10828128494755515,0.11169873399816416,17.49584967213718,18.484640492884626,19.529313554592992
6.6e-05,0.10496839355481266,0.10828128494755515,0.11169873399816416,19.529313554592992,20.63302708323817,21.799117794261466
5.6e-05,0.10496839355481266,0.10828128494755515,0.11169873399816416,21.799117794261466,23.03111098003311,24.332731167416135
5.7e-05,0.10496839355481266,0.10828128494755515,0.11169873399816416,24.332731167416135,25.707913377650407,27.160815022597262
5.2e-05,0.10496839355481266,0.10828128494755515,0.11169873399816416,27.160815022597262,28.695828473309135,30.317594338921154
4.9e-05,0.10496839355481266,0.10828128494755515,0.11169873399816416,30.317594338921154,32.03101549600908,33.84127191082679
5.5e-05,0.10496839355481266,0.10828128494755515,0.11169873399816416,33.84127191082679,35.75383629923332,37.77449067165226
4e-05,0.10496839355481266,0.10828128494755515,0.11169873399816416,37.77449067165226,39.909343813081726,42.1648497509999
2.9e-05,0.10496839355481266,0.10828128494755515,0.11169873399816416,42.1648497509999,44.547827266997885,47.06548051112691
3.1e-05,0.10496839355481266,0.10828128494755515,0.11169873399816416,47.06548051112691,49.72542078128044,52.535689533454075
3.3e-05,0.10496839355481266,0.10828128494755515,0.11169873399816416,52.535689533454075,55.504782692447314,58.641676336502556
3.5e-05,0.10496839355481266,0.10828128494755515,0.11169873399816416,58.641676336502556,61.955853833530256,65.45733451095779
3.1e-05,0.10496839355481266,0.10828128494755515,0.11169873399816416,65.45733451095779,69.15670394587609,73.06514596705614
1.9e-05,0.10496839355481266,0.10828128494755515,0.11169873399816416,73.06514596705614,77.19447646558302,81.55717911632256
1.5e-05,0.10496839355481266,0.10828128494755515,0.11169873399816416,81.55717911632256,86.16644311821332,91.03620306747894
1.5e-05,0.10496839355481266,0.10828128494755515,0.11169873399816416,91.03620306747894,96.18118108430411,101.61693132033079
1.7e-05,0.10496839355481266,0.10828128494755515,0.11169873399816416,101.61693132033079,107.35988698152859,113.42741000859688
1.2e-05,0.10496839355481266,0.10828128494755515,0.11169873399816416,113.42741000859688,119.83784356509167,126.61056749195744
1.1e-05,0.10496839355481266,0.10828128494755515,0.11169873399816416,126.61056749195744,133.76605689611287,141.32594405021308
1e-05,0.10496839355481266,0.10828128494755515,0.11169873399816416,141.32594405021308,149.31308379072314,157.7516226120118
4e-06,0.10496839355481266,0.10828128494755515,0.11169873399816416,157.7516226120118,166.66707166534817,176.08638388349098
7e-06,0.10496839355481266,0.10828128494755515,0.11169873399816416,176.08638388349098,186.0380354640305,196.55211195782155
7e-06,0.10496839355481266,0.10828128494755515,0.11169873399816416,196.55211195782155,207.66039922276806,219.39647951792662
5e-06,0.10496839355481266,0.10828128494755515,0.11169873399816416,219.39647951792662,231.79583302844003,244.8959451282275
4e-06,0.10496839355481266,0.10828128494755515,0.11169873399816416,244.8959451282275,258.73641970470345,273.35909888812694
8e-06,0.10496839355481266,0.10828128494755515,0.11169873399816416,273.35909888812694,288.8081895475435,305.13039693573796
5e-06,0.10496839355481266,0.10828128494755515,0.11169873399816416,305.13039693573796,322.37506588723016,340.5943299961796
1e-06,0.10496839355481266,0.10828128494755515,0.11169873399816416,340.5943299961796,359.843269225189,380.18007642148444
7e-06,0.10496839355481266,0.10828128494755515,0.11169873399816416,380.18007642148444,401.66623324388144,424.3666960323934
2e-06,0.10496839355481266,0.10828128494755515,0.11169873399816416,424.3666960323934,448.35009218239543,473.6889276170203
4e-06,0.10496839355481266,0.10828128494755515,0.11169873399816416,473.6889276170203,500.45980598500944,528.7436602466912
3e-06,0.10496839355481266,0.10828128494755515,0.11169873399816416,528.7436602466912,558.6259973482117,590.1971567237096
6e-06,0.10496839355481266,0.10828128494755515,0.11169873399816416,590.1971567237096,623.5525834069318,658.7931165779523
4e-06,0.10496839355481266,0.10828128494755515,0.11169873399816416,658.7931165779523,696.0252944173212,735.3616761892738
0.0,0.10496839355481266,0.10828128494755515,0.11169873399816416,735.3616761892738,776.9211825277038,820.8294549536521
3e-06,0.10496839355481266,0.10828128494755515,0.11169873399816416,820.8294549536521,867.2192357111913,916.2307690700113
5e-06,0.10496839355481266,0.10828128494755515,0.11169873399816416,916.2307690700113,968.0122253079195,1022.7201486550255
3e-06,0.10496839355481266,0.10828128494755515,0.11169873399816416,1022.7201486550255,1080.5199305538154,1141.5863096658716
0.0,0.10496839355481266,0.10828128494755515,0.11169873399816416,1141.5863096658716,1206.1039001368388,1274.2677497166753
2e-06,0.10496839355481266,0.10828128494755515,0.11169873399816416,1274.2677497166753,1346.2839294224782,1422.370156526539
0.0,0.10496839355481266,0.10828128494755515,0.11169873399816416,1422.370156526539,1502.7564527530292,1587.68583967315
2e-06,0.10496839355481266,0.10828128494755515,0.11169873399816416,1587.68583967315,1677.4150734010555,1772.2154208116622
1e-06,0.10496839355481266,0.10828128494755515,0.11169873399816416,1772.2154208116622,1872.373479626966,1978.1920448501505
0.0,0.10496839355481266,0.10828128494755515,0.11169873399816416,1978.1920448501505,2089.991024166855,2208.1084050810155
1e-06,0.10496839355481266,0.10828128494755515,0.11169873399816416,2208.1084050810155,2332.9012767091076,2464.7469093218283
0.0,0.10496839355481266,0.10828128494755515,0.11169873399816416,2464.7469093218283,2604.0438948968845,2751.213352130962
0.0,0.10496839355481266,0.10828128494755515,0.11169873399816416,2751.213352130962,2906.7001995538217,3070.9745005933823
1e-06,0.10496839355481266,0.10828128494755515,0.11169873399816416,3070.9745005933823,3244.5328846581474,3427.9000485331494
1e-06,0.10496839355481266,0.10828128494755515,0.11169873399816416,3427.9000485331494,3621.630342628391,3826.309446875285
1e-06,0.10496839355481266,0.10828128494755515,0.11169873399816416,3826.309446875285,4042.556141337618,4271.024176889881
2e-06,0.10496839355481266,0.10828128494755515,0.11169873399816416,4271.024176889881,4512.404251618383,4767.426098920123
0.000458,0.11169873399816416,0.11522404063486634,0.11886060893441766,0.07999999999999999,0.08452125887808527,0.08929804002920383
0.00051,0.11169873399816416,0.11522404063486634,0.11886060893441766,0.08929804002920383,0.09434478448267444,0.09967674941321612
0.000495,0.11169873399816416,0.11522404063486634,0.11886060893441766,0.09967674941321612,0.10531005426600588,0.11126172948852864
0.000482,0.11169873399816416,0.11522404063486634,0.11886060893441766,0.11126172948852864,0.11754976801654278,0.12419317966981348
0.000455,0.11169873399816416,0.11522404063486634,0.11886060893441766,0.12419317966981348,0.13121204862206076,0.13862759411886386
0.000481,0.11169873399816416,0.11522404063486634,0.11886060893441766,0.13862759411886386,0.14646223462708277,0.15473965560973155
0.000481,0.11169873399816416,0.11522404063486634,0.11886060893441766,0.15473965560973155,0.1634848811311985,0.1727243495092878
0.000469,0.11169873399816416,0.11522404063486634,0.11886060893441766,0.1727243495092878,0.1824859932427924,0.1927993234562322
0.000457,0.11169873399816416,0.11522404063486634,0.11886060893441766,0.1927993234562322,0.20369551911704872,0.21520752129497553
0.000434,0.11169873399816416,0.11522404063486634,0.11886060893441766,0.21520752129497553,0.22737013274854592,0.24022012313980576
0.000443,0.11169873399816416,0.11522404063486634,0.11886060893441766,0.24022012313980576,0.25379634019531294,0.26813982714948303
0.000475,0.11169873399816416,0.11522404063486634,0.11886060893441766,0.26813982714948303,0.28329394682533116,0.2993045127277292
0.000434,0.11169873399816416,0.11522404063486634,0.11886060893441766,0.2993045127277292,0.31621992754549455,0.3340913294810264
0.000446,0.11169873399816416,0.11522404063486634,0.11886060893441766,0.3340913294810264,0.3529727468498688,0.37292126141758264
0.000476,0.11169873399816416,0.11522404063486634,0.11886060893441766,0.37292126141758264,0.3939971809677202,0.41626422162260607
0.000422,0.11169873399816416,0.11522404063486634,0.11886060893441766,0.41626422162260607,0.4397897004681118,0.46464473906476067
0.000454,0.11169873399816416,0.11522404063486634,0.11886060893441766,0.46464473906476067,0.4909044784604127,0.5186483063545496
0.000419,0.11169873399816416,0.11522404063486634,0.11886060893441766,0.5186483063545496,0.547960097100917,0.5789284652740918
0.000441,0.11169873399816416,0.11522404063486634,0.11886060893441766,0.5789284652740918,0.6116470335665513,0.6462147158261423
0.000429,0.11169873399816416,0.11522404063486634,0.11886060893441766,0.6462147158261423,0.6827360160896209,0.7213213445162929
0.000415,0.11169873399816416,0.11522404063486634,0.11886060893441766,0.7213213445162929,0.7620873511768764,0.805157278706688
0.000388,0.11169873399816416,0.11522404063486634,0.11886060893441766,0.805157278706688,0.8506613348892827,0.8987370862969332
0.000436,0.11169873399816416,0.11522404063486634,0.11886060893441766,0.8987370862969332,0.9495298741779894,1.0031932538484196
0.000401,0.11169873399816416,0.11522404063486634,0.11886060893441766,1.0031932538484196,1.0598894589158872,1.1197898917397926
0.000426,0.11169873399816416,0.11522404063486634,0.11886060893441766,1.1197898917397926,1.183075641610026,1.249938032210973
0.000399,0.11169873399816416,0.11522404063486634,0.11886060893441766,1.249938032210973,1.3205792000258516,1.3952127054299968
0.000403,0.11169873399816416,0.11522404063486634,0.11886060893441766,1.3952127054299968,1.4740641783205308,1.5573720002342704
0.000413,0.11169873399816416,0.11522404063486634,0.11886060893441766,1.5573720002342704,1.6453880250160273,1.7383783402160131
0.000416,0.11169873399816416,0.11522404063486634,0.11886060893441766,1.7383783402160131,1.8366240715181728,1.9404222326313807
0.000665,0.11169873399816416,0.11522404063486634,0.11886060893441766,1.9404222326313807,2.050086623212864,2.1659487775384263
0.000794,0.11169873399816416,0.11522404063486634,0.11886060893441766,2.1659487775384263,2.2883589667874706,2.417687257972894
0.000816,0.11169873399816416,0.11522404063486634,0.11886060893441766,2.417687257972894,2.5543246327171887,2.6986841692569943
0.000735,0.11169873399816416,0.11522404063486634,0.11886060893441766,2.6986841692569943,2.851202291249511,3.0123400871561223
0.000788,0.11169873399816416,0.11522404063486634,0.11886060893441766,3.0123400871561223,3.1825847041919566,3.3624508210555346
0.00077,0.11169873399816416,0.11522404063486634,0.11886060893441766,3.3624508210555346,3.552482203890815,3.7532533501855805
0.000776,0.11169873399816416,0.11522404063486634,0.11886060893441766,3.7532533501855805,3.9653712255759532,4.189477098807692
0.000724,0.11169873399816416,0.11522404063486634,0.11886060893441766,4.189477098807692,4.42624848040168,4.676401170884524
0.000738,0.11169873399816416,0.11522404063486634,0.11886060893441766,4.676401170884524,4.940691424776398,5.219918236878273
0.00075,0.11169873399816416,0.11522404063486634,0.11886060893441766,5.219918236878273,5.514925757770336,5.82660584582409
0.000731,0.11169873399816416,0.11522404063486634,0.11886060893441766,5.82660584582409,6.155900763443285,6.5038060256849075
0.00075,0.11169873399816416,0.11522404063486634,0.11886060893441766,6.5038060256849075,6.871373409872062,7.25971413529735
0.000752,0.11169873399816416,0.11522404063486634,0.11886060893441766,7.25971413529735,7.670002222629526,8.103478043179491
0.000709,0.11169873399816416,0.11522404063486634,0.11886060893441766,8.103478043179491,8.561452068755672,9.045308833445212
0.000666,0.11169873399816416,0.11522404063486634,0.11886060893441766,9.045308833445212,9.556511119298175,10.096604378568765
0.00068,0.11169873399816416,0.11522404063486634,0.11886060893441766,10.096604378568765,10.66722140588275,11.27008727445586
0.000207,0.11169873399816416,0.11522404063486634,0.11886060893441766,11.27008727445586,11.907024551286224,12.579958807087245
0.000125,0.11169873399816416,0.11522404063486634,0.11886060893441766,12.579958807087245,13.290924437618376,14.042070814012659
9e-05,0.11169873399816416,0.11522404063486634,0.11886060893441766,14.042070814012659,14.835668780694615,15.67411752053271
9.6e-05,0.11169873399816416,0.11522404063486634,0.11886060893441766,15.67411752053271,16.55995180798096,17.49584967213718
8.1e-05,0.11169873399816416,0.11522404063486634,0.11886060893441766,17.49584967213718,18.484640492884626,19.529313554592992
7.2e-05,0.11169873399816416,0.11522404063486634,0.11886060893441766,19.529313554592992,20.63302708323817,21.799117794261466
9.5e-05,0.11169873399816416,0.11522404063486634,0.11886060893441766,21.799117794261466,23.03111098003311,24.332731167416135
7.9e-05,0.11169873399816416,0.11522404063486634,0.11886060893441766,24.332731167416135,25.707913377650407,27.160815022597262
5.8e-05,0.11169873399816416,0.11522404063486634,0.11886060893441766,27.160815022597262,28.695828473309135,30.317594338921154
4.6e-05,0.11169873399816416,0.11522404063486634,0.11886060893441766,30.317594338921154,32.03101549600908,33.84127191082679
5.2e-05,0.11169873399816416,0.11522404063486634,0.11886060893441766,33.84127191082679,35.75383629923332,37.77449067165226
3.6e-05,0.11169873399816416,0.11522404063486634,0.11886060893441766,37.77449067165226,39.909343813081726,42.1648497509999
4.4e-05,0.11169873399816416,0.11522404063486634,0.11886060893441766,42.1648497509999,44.547827266997885,47.06548051112691
4.3e-05,0.11169873399816416,0.11522404063486634,0.11886060893441766,47.06548051112691,49.72542078128044,52.535689533454075
3.1e-05,0.11169873399816416,0.11522404063486634,0.11886060893441766,52.535689533454075,55.504782692447314,58.641676336502556
2.6e-05,0.11169873399816416,0.11522404063486634,0.11886060893441766,58.641676336502556,61.955853833530256,65.45733451095779
3.2e-05,0.11169873399816416,0.11522404063486634,0.11886060893441766,65.45733451095779,69.15670394587609,73.06514596705614
1.4e-05,0.11169873399816416,0.11522404063486634,0.11886060893441766,73.06514596705614,77.19447646558302,81.55717911632256
1.7e-05,0.11169873399816416,0.11522404063486634,0.11886060893441766,81.55717911632256,86.16644311821332,91.03620306747894
1e-05,0.11169873399816416,0.11522404063486634,0.11886060893441766,91.03620306747894,96.18118108430411,101.61693132033079
1.7e-05,0.11169873399816416,0.11522404063486634,0.11886060893441766,101.61693132033079,107.35988698152859,113.42741000859688
1.8e-05,0.11169873399816416,0.11522404063486634,0.11886060893441766,113.42741000859688,119.83784356509167,126.61056749195744
1.2e-05,0.11169873399816416,0.11522404063486634,0.11886060893441766,126.61056749195744,133.76605689611287,141.32594405021308
9e-06,0.11169873399816416,0.11522404063486634,0.11886060893441766,141.32594405021308,149.31308379072314,157.7516226120118
1e-05,0.11169873399816416,0.11522404063486634,0.11886060893441766,157.7516226120118,166.66707166534817,176.08638388349098
1e-05,0.11169873399816416,0.11522404063486634,0.11886060893441766,176.08638388349098,186.0380354640305,196.55211195782155
9e-06,0.11169873399816416,0.11522404063486634,0.11886060893441766,196.55211195782155,207.66039922276806,219.39647951792662
8e-06,0.11169873399816416,0.11522404063486634,0.11886060893441766,219.39647951792662,231.79583302844003,244.8959451282275
1e-05,0.11169873399816416,0.11522404063486634,0.11886060893441766,244.8959451282275,258.73641970470345,273.35909888812694
8e-06,0.11169873399816416,0.11522404063486634,0.11886060893441766,273.35909888812694,288.8081895475435,305.13039693573796
7e-06,0.11169873399816416,0.11522404063486634,0.11886060893441766,305.13039693573796,322.37506588723016,340.5943299961796
6e-06,0.11169873399816416,0.11522404063486634,0.11886060893441766,340.5943299961796,359.843269225189,380.18007642148444
4e-06,0.11169873399816416,0.11522404063486634,0.11886060893441766,380.18007642148444,401.66623324388144,424.3666960323934
4e-06,0.11169873399816416,0.11522404063486634,0.11886060893441766,424.3666960323934,448.35009218239543,473.6889276170203
5e-06,0.11169873399816416,0.11522404063486634,0.11886060893441766,473.6889276170203,500.45980598500944,528.7436602466912
7e-06,0.11169873399816416,0.11522404063486634,0.11886060893441766,528.7436602466912,558.6259973482117,590.1971567237096
2e-06,0.11169873399816416,0.11522404063486634,0.11886060893441766,590.1971567237096,623.5525834069318,658.7931165779523
3e-06,0.11169873399816416,0.11522404063486634,0.11886060893441766,658.7931165779523,696.0252944173212,735.3616761892738
7e-06,0.11169873399816416,0.11522404063486634,0.11886060893441766,735.3616761892738,776.9211825277038,820.8294549536521
3e-06,0.11169873399816416,0.11522404063486634,0.11886060893441766,820.8294549536521,867.2192357111913,916.2307690700113
4e-06,0.11169873399816416,0.11522404063486634,0.11886060893441766,916.2307690700113,968.0122253079195,1022.7201486550255
1e-06,0.11169873399816416,0.11522404063486634,0.11886060893441766,1022.7201486550255,1080.5199305538154,1141.5863096658716
2e-06,0.11169873399816416,0.11522404063486634,0.11886060893441766,1141.5863096658716,1206.1039001368388,1274.2677497166753
3e-06,0.11169873399816416,0.11522404063486634,0.11886060893441766,1274.2677497166753,1346.2839294224782,1422.370156526539
1e-06,0.11169873399816416,0.11522404063486634,0.11886060893441766,1422.370156526539,1502.7564527530292,1587.68583967315
2e-06,0.11169873399816416,0.11522404063486634,0.11886060893441766,1587.68583967315,1677.4150734010555,1772.2154208116622
1e-06,0.11169873399816416,0.11522404063486634,0.11886060893441766,1772.2154208116622,1872.373479626966,1978.1920448501505
1e-06,0.11169873399816416,0.11522404063486634,0.11886060893441766,1978.1920448501505,2089.991024166855,2208.1084050810155
2e-06,0.11169873399816416,0.11522404063486634,0.11886060893441766,2208.1084050810155,2332.9012767091076,2464.7469093218283
0.0,0.11169873399816416,0.11522404063486634,0.11886060893441766,2464.7469093218283,2604.0438948968845,2751.213352130962
1e-06,0.11169873399816416,0.11522404063486634,0.11886060893441766,2751.213352130962,2906.7001995538217,3070.9745005933823
2e-06,0.11169873399816416,0.11522404063486634,0.11886060893441766,3070.9745005933823,3244.5328846581474,3427.9000485331494
0.0,0.11169873399816416,0.11522404063486634,0.11886060893441766,3427.9000485331494,3621.630342628391,3826.309446875285
0.0,0.11169873399816416,0.11522404063486634,0.11886060893441766,3826.309446875285,4042.556141337618,4271.024176889881
0.0,0.11169873399816416,0.11522404063486634,0.11886060893441766,4271.024176889881,4512.404251618383,4767.426098920123
0.00046,0.11886060893441766,0.1226119504091192,0.12648168739757396,0.07999999999999999,0.08452125887808527,0.08929804002920383
0.00048,0.11886060893441766,0.1226119504091192,0.12648168739757396,0.08929804002920383,0.09434478448267444,0.09967674941321612
0.00047,0.11886060893441766,0.1226119504091192,0.12648168739757396,0.09967674941321612,0.10531005426600588,0.11126172948852864
0.000501,0.11886060893441766,0.1226119504091192,0.12648168739757396,0.11126172948852864,0.11754976801654278,0.12419317966981348
0.000492,0.11886060893441766,0.1226119504091192,0.12648168739757396,0.12419317966981348,0.13121204862206076,0.13862759411886386
0.00053,0.11886060893441766,0.1226119504091192,0.12648168739757396,0.13862759411886386,0.14646223462708277,0.15473965560973155
0.000511,0.11886060893441766,0.1226119504091192,0.12648168739757396,0.15473965560973155,0.1634848811311985,0.1727243495092878
0.000472,0.11886060893441766,0.1226119504091192,0.12648168739757396,0.1727243495092878,0.1824859932427924,0.1927993234562322
0.000483,0.11886060893441766,0.1226119504091192,0.12648168739757396,0.1927993234562322,0.20369551911704872,0.21520752129497553
0.000486,0.11886060893441766,0.1226119504091192,0.12648168739757396,0.21520752129497553,0.22737013274854592,0.24022012313980576
0.000464,0.11886060893441766,0.1226119504091192,0.12648168739757396,0.24022012313980576,0.25379634019531294,0.26813982714948303
0.000456,0.11886060893441766,0.1226119504091192,0.12648168739757396,0.26813982714948303,0.28329394682533116,0.2993045127277292
0.000431,0.11886060893441766,0.1226119504091192,0.12648168739757396,0.2993045127277292,0.31621992754549455,0.3340913294810264
0.000477,0.11886060893441766,0.1226119504091192,0.12648168739757396,0.3340913294810264,0.3529727468498688,0.37292126141758264
0.000452,0.11886060893441766,0.1226119504091192,0.12648168739757396,0.37292126141758264,0.3939971809677202,0.41626422162260607
0.000432,0.11886060893441766,0.1226119504091192,0.12648168739757396,0.41626422162260607,0.4397897004681118,0.46464473906476067
0.000466,0.11886060893441766,0.1226119504091192,0.12648168739757396,0.46464473906476067,0.4909044784604127,0.5186483063545496
0.000448,0.11886060893441766,0.1226119504091192,0.12648168739757396,0.5186483063545496,0.547960097100917,0.5789284652740918
0.00045,0.11886060893441766,0.1226119504091192,0.12648168739757396,0.5789284652740918,0.6116470335665513,0.6462147158261423
0.000449,0.11886060893441766,0.1226119504091192,0.12648168739757396,0.6462147158261423,0.6827360160896209,0.7213213445162929
0.000419,0.11886060893441766,0.1226119504091192,0.12648168739757396,0.7213213445162929,0.7620873511768764,0.805157278706688
0.000385,0.11886060893441766,0.1226119504091192,0.12648168739757396,0.805157278706688,0.8506613348892827,0.8987370862969332
0.000395,0.11886060893441766,0.1226119504091192,0.12648168739757396,0.8987370862969332,0.9495298741779894,1.0031932538484196
0.000414,0.11886060893441766,0.1226119504091192,0.12648168739757396,1.0031932538484196,1.0598894589158872,1.1197898917397926
0.000416,0.11886060893441766,0.1226119504091192,0.12648168739757396,1.1197898917397926,1.183075641610026,1.249938032210973
0.000424,0.11886060893441766,0.1226119504091192,0.12648168739757396,1.249938032210973,1.3205792000258516,1.3952127054299968
0.000405,0.11886060893441766,0.1226119504091192,0.12648168739757396,1.3952127054299968,1.4740641783205308,1.5573720002342704
0.000372,0.11886060893441766,0.1226119504091192,0.12648168739757396,1.5573720002342704,1.6453880250160273,1.7383783402160131
0.00041,0.11886060893441766,0.1226119504091192,0.12648168739757396,1.7383783402160131,1.8366240715181728,1.9404222326313807
0.000655,0.11886060893441766,0.1226119504091192,0.12648168739757396,1.9404222326313807,2.050086623212864,2.1659487775384263
0.000843,0.11886060893441766,0.1226119504091192,0.12648168739757396,2.1659487775384263,2.2883589667874706,2.417687257972894
0.000836,0.11886060893441766,0.1226119504091192,0.12648168739757396,2.417687257972894,2.5543246327171887,2.6986841692569943
0.000815,0.11886060893441766,0.1226119504091192,0.12648168739757396,2.6986841692569943,2.851202291249511,3.0123400871561223
0.000792,0.11886060893441766,0.1226119504091192,0.12648168739757396,3.0123400871561223,3.1825847041919566,3.3624508210555346
0.000771,0.11886060893441766,0.1226119504091192,0.12648168739757396,3.3624508210555346,3.552482203890815,3.7532533501855805
0.00072,0.11886060893441766,0.1226119504091192,0.12648168739757396,3.7532533501855805,3.9653712255759532,4.189477098807692
0.000759,0.11886060893441766,0.1226119504091192,0.12648168739757396,4.189477098807692,4.42624848040168,4.676401170884524
0.000756,0.11886060893441766,0.1226119504091192,0.12648168739757396,4.676401170884524,4.940691424776398,5.219918236878273
0.000772,0.11886060893441766,0.1226119504091192,0.12648168739757396,5.219918236878273,5.514925757770336,5.82660584582409
0.000744,0.11886060893441766,0.1226119504091192,0.12648168739757396,5.82660584582409,6.155900763443285,6.5038060256849075
0.000715,0.11886060893441766,0.1226119504091192,0.12648168739757396,6.5038060256849075,6.871373409872062,7.25971413529735
0.000723,0.11886060893441766,0.1226119504091192,0.12648168739757396,7.25971413529735,7.670002222629526,8.103478043179491
0.000716,0.11886060893441766,0.1226119504091192,0.12648168739757396,8.103478043179491,8.561452068755672,9.045308833445212
0.000644,0.11886060893441766,0.1226119504091192,0.12648168739757396,9.045308833445212,9.556511119298175,10.096604378568765
0.000684,0.11886060893441766,0.1226119504091192,0.12648168739757396,10.096604378568765,10.66722140588275,11.27008727445586
0.000195,0.11886060893441766,0.1226119504091192,0.12648168739757396,11.27008727445586,11.907024551286224,12.579958807087245
0.000147,0.11886060893441766,0.1226119504091192,0.12648168739757396,12.579958807087245,13.290924437618376,14.042070814012659
0.000122,0.11886060893441766,0.1226119504091192,0.12648168739757396,14.042070814012659,14.835668780694615,15.67411752053271
0.0001,0.11886060893441766,0.1226119504091192,0.12648168739757396,15.67411752053271,16.55995180798096,17.49584967213718
0.000107,0.11886060893441766,0.1226119504091192,0.12648168739757396,17.49584967213718,18.484640492884626,19.529313554592992
7.6e-05,0.11886060893441766,0.1226119504091192,0.12648168739757396,19.529313554592992,20.63302708323817,21.799117794261466
7.8e-05,0.11886060893441766,0.1226119504091192,0.12648168739757396,21.799117794261466,23.03111098003311,24.332731167416135
6.6e-05,0.11886060893441766,0.1226119504091192,0.12648168739757396,24.332731167416135,25.707913377650407,27.160815022597262
5.7e-05,0.11886060893441766,0.1226119504091192,0.12648168739757396,27.160815022597262,28.695828473309135,30.317594338921154
5.1e-05,0.11886060893441766,0.1226119504091192,0.12648168739757396,30.317594338921154,32.03101549600908,33.84127191082679
5.6e-05,0.11886060893441766,0.1226119504091192,0.12648168739757396,33.84127191082679,35.75383629923332,37.77449067165226
4.7e-05,0.11886060893441766,0.1226119504091192,0.12648168739757396,37.77449067165226,39.909343813081726,42.1648497509999
6.3e-05,0.11886060893441766,0.1226119504091192,0.12648168739757396,42.1648497509999,44.547827266997885,47.06548051112691
4.7e-05,0.11886060893441766,0.1226119504091192,0.12648168739757396,47.06548051112691,49.72542078128044,52.535689533454075
3.7e-05,0.11886060893441766,0.1226119504091192,0.12648168739757396,52.535689533454075,55.504782692447314,58.641676336502556
3.6e-05,0.11886060893441766,0.1226119504091192,0.12648168739757396,58.641676336502556,61.955853833530256,65.45733451095779
3.8e-05,0.11886060893441766,0.1226119504091192,0.12648168739757396,65.45733451095779,69.15670394587609,73.06514596705614
1.2e-05,0.11886060893441766,0.1226119504091192,0.12648168739757396,73.06514596705614,77.19447646558302,81.55717911632256
1.5e-05,0.11886060893441766,0.1226119504091192,0.12648168739757396,81.55717911632256,86.16644311821332,91.03620306747894
1.7e-05,0.11886060893441766,0.1226119504091192,0.12648168739757396,91.03620306747894,96.18118108430411,101.61693132033079
1.4e-05,0.11886060893441766,0.1226119504091192,0.12648168739757396,101.61693132033079,107.35988698152859,113.42741000859688
1.1e-05,0.11886060893441766,0.1226119504091192,0.12648168739757396,113.42741000859688,119.83784356509167,126.61056749195744
1.4e-05,0.11886060893441766,0.1226119504091192,0.12648168739757396,126.61056749195744,133.76605689611287,141.32594405021308
9e-06,0.11886060893441766,0.1226119504091192,0.12648168739757396,141.32594405021308,149.31308379072314,157.7516226120118
9e-06,0.11886060893441766,0.1226119504091192,0.12648168739757396,157.7516226120118,166.66707166534817,176.08638388349098
5e-06,0.11886060893441766,0.1226119504091192,0.12648168739757396,176.08638388349098,186.0380354640305,196.55211195782155
8e-06,0.11886060893441766,0.1226119504091192,0.12648168739757396,196.55211195782155,207.66039922276806,219.39647951792662
5e-06,0.11886060893441766,0.1226119504091192,0.12648168739757396,219.39647951792662,231.79583302844003,244.8959451282275
2e-06,0.11886060893441766,0.1226119504091192,0.12648168739757396,244.8959451282275,258.73641970470345,273.35909888812694
5e-06,0.11886060893441766,0.1226119504091192,0.12648168739757396,273.35909888812694,288.8081895475435,305.13039693573796
4e-06,0.11886060893441766,0.1226119504091192,0.12648168739757396,305.13039693573796,322.37506588723016,340.5943299961796
3e-06,0.11886060893441766,0.1226119504091192,0.12648168739757396,340.5943299961796,359.843269225189,380.18007642148444
4e-06,0.11886060893441766,0.1226119504091192,0.12648168739757396,380.18007642148444,401.66623324388144,424.3666960323934
5e-06,0.11886060893441766,0.1226119504091192,0.12648168739757396,424.3666960323934,448.35009218239543,473.6889276170203
4e-06,0.11886060893441766,0.1226119504091192,0.12648168739757396,473.6889276170203,500.45980598500944,528.7436602466912
1.3e-05,0.11886060893441766,0.1226119504091192,0.12648168739757396,528.7436602466912,558.6259973482117,590.1971567237096
1e-06,0.11886060893441766,0.1226119504091192,0.12648168739757396,590.1971567237096,623.5525834069318,658.7931165779523
4e-06,0.11886060893441766,0.1226119504091192,0.12648168739757396,658.7931165779523,696.0252944173212,735.3616761892738
4e-06,0.11886060893441766,0.1226119504091192,0.12648168739757396,735.3616761892738,776.9211825277038,820.8294549536521
2e-06,0.11886060893441766,0.1226119504091192,0.12648168739757396,820.8294549536521,867.2192357111913,916.2307690700113
1e-06,0.11886060893441766,0.1226119504091192,0.12648168739757396,916.2307690700113,968.0122253079195,1022.7201486550255
1e-06,0.11886060893441766,0.1226119504091192,0.12648168739757396,1022.7201486550255,1080.5199305538154,1141.5863096658716
2e-06,0.11886060893441766,0.1226119504091192,0.12648168739757396,1141.5863096658716,1206.1039001368388,1274.2677497166753
3e-06,0.11886060893441766,0.1226119504091192,0.12648168739757396,1274.2677497166753,1346.2839294224782,1422.370156526539
1e-06,0.11886060893441766,0.1226119504091192,0.12648168739757396,1422.370156526539,1502.7564527530292,1587.68583967315
2e-06,0.11886060893441766,0.1226119504091192,0.12648168739757396,1587.68583967315,1677.4150734010555,1772.2154208116622
0.0,0.11886060893441766,0.1226119504091192,0.12648168739757396,1772.2154208116622,1872.373479626966,1978.1920448501505
0.0,0.11886060893441766,0.1226119504091192,0.12648168739757396,1978.1920448501505,2089.991024166855,2208.1084050810155
1e-06,0.11886060893441766,0.1226119504091192,0.12648168739757396,2208.1084050810155,2332.9012767091076,2464.7469093218283
1e-06,0.11886060893441766,0.1226119504091192,0.12648168739757396,2464.7469093218283,2604.0438948968845,2751.213352130962
0.0,0.11886060893441766,0.1226119504091192,0.12648168739757396,2751.213352130962,2906.7001995538217,3070.9745005933823
1e-06,0.11886060893441766,0.1226119504091192,0.12648168739757396,3070.9745005933823,3244.5328846581474,3427.9000485331494
1e-06,0.11886060893441766,0.1226119504091192,0.12648168739757396,3427.9000485331494,3621.630342628391,3826.309446875285
0.0,0.11886060893441766,0.1226119504091192,0.12648168739757396,3826.309446875285,4042.556141337618,4271.024176889881
3e-06,0.11886060893441766,0.1226119504091192,0.12648168739757396,4271.024176889881,4512.404251618383,4767.426098920123
0.000521,0.12648168739757396,0.1304735565624589,0.13459141249868942,0.07999999999999999,0.08452125887808527,0.08929804002920383
0.000476,0.12648168739757396,0.1304735565624589,0.13459141249868942,0.08929804002920383,0.09434478448267444,0.09967674941321612
0.000519,0.12648168739757396,0.1304735565624589,0.13459141249868942,0.09967674941321612,0.10531005426600588,0.11126172948852864
0.000507,0.12648168739757396,0.1304735565624589,0.13459141249868942,0.11126172948852864,0.11754976801654278,0.12419317966981348
0.000486,0.12648168739757396,0.1304735565624589,0.13459141249868942,0.12419317966981348,0.13121204862206076,0.13862759411886386
0.000511,0.12648168739757396,0.1304735565624589,0.13459141249868942,0.13862759411886386,0.14646223462708277,0.15473965560973155
0.0005,0.12648168739757396,0.1304735565624589,0.13459141249868942,0.15473965560973155,0.1634848811311985,0.1727243495092878
0.000438,0.12648168739757396,0.1304735565624589,0.13459141249868942,0.1727243495092878,0.1824859932427924,0.1927993234562322
0.000492,0.12648168739757396,0.1304735565624589,0.13459141249868942,0.1927993234562322,0.20369551911704872,0.21520752129497553
0.000497,0.12648168739757396,0.1304735565624589,0.13459141249868942,0.21520752129497553,0.22737013274854592,0.24022012313980576
0.000488,0.12648168739757396,0.1304735565624589,0.13459141249868942,0.24022012313980576,0.25379634019531294,0.26813982714948303
0.000471,0.12648168739757396,0.1304735565624589,0.13459141249868942,0.26813982714948303,0.28329394682533116,0.2993045127277292
0.000484,0.12648168739757396,0.1304735565624589,0.13459141249868942,0.2993045127277292,0.31621992754549455,0.3340913294810264
0.000481,0.12648168739757396,0.1304735565624589,0.13459141249868942,0.3340913294810264,0.3529727468498688,0.37292126141758264
0.000486,0.12648168739757396,0.1304735565624589,0.13459141249868942,0.37292126141758264,0.3939971809677202,0.41626422162260607
0.000454,0.12648168739757396,0.1304735565624589,0.13459141249868942,0.41626422162260607,0.4397897004681118,0.46464473906476067
0.000444,0.12648168739757396,0.1304735565624589,0.13459141249868942,0.46464473906476067,0.4909044784604127,0.5186483063545496
0.000469,0.12648168739757396,0.1304735565624589,0.13459141249868942,0.5186483063545496,0.547960097100917,0.5789284652740918
0.000479,0.12648168739757396,0.1304735565624589,0.13459141249868942,0.5789284652740918,0.6116470335665513,0.6462147158261423
0.000412,0.12648168739757396,0.1304735565624589,0.13459141249868942,0.6462147158261423,0.6827360160896209,0.7213213445162929
0.000469,0.12648168739757396,0.1304735565624589,0.13459141249868942,0.7213213445162929,0.7620873511768764,0.805157278706688
0.000443,0.12648168739757396,0.1304735565624589,0.13459141249868942,0.805157278706688,0.8506613348892827,0.8987370862969332
0.000439,0.12648168739757396,0.1304735565624589,0.13459141249868942,0.8987370862969332,0.9495298741779894,1.0031932538484196
0.000403,0.12648168739757396,0.1304735565624589,0.13459141249868942,1.0031932538484196,1.0598894589158872,1.1197898917397926
0.000441,0.12648168739757396,0.1304735565624589,0.13459141249868942,1.1197898917397926,1.183075641610026,1.249938032210973
0.000424,0.12648168739757396,0.1304735565624589,0.13459141249868942,1.249938032210973,1.3205792000258516,1.3952127054299968
0.000428,0.12648168739757396,0.1304735565624589,0.13459141249868942,1.3952127054299968,1.4740641783205308,1.5573720002342704
0.000442,0.12648168739757396,0.1304735565624589,0.13459141249868942,1.5573720002342704,1.6453880250160273,1.7383783402160131
0.000395,0.12648168739757396,0.1304735565624589,0.13459141249868942,1.7383783402160131,1.8366240715181728,1.9404222326313807
0.000688,0.12648168739757396,0.1304735565624589,0.13459141249868942,1.9404222326313807,2.050086623212864,2.1659487775384263
0.000866,0.12648168739757396,0.1304735565624589,0.13459141249868942,2.1659487775384263,2.2883589667874706,2.417687257972894
0.000807,0.12648168739757396,0.1304735565624589,0.13459141249868942,2.417687257972894,2.5543246327171887,2.6986841692569943
0.000845,0.12648168739757396,0.1304735565624589,0.13459141249868942,2.6986841692569943,2.851202291249511,3.0123400871561223
0.000826,0.12648168739757396,0.1304735565624589,0.13459141249868942,3.0123400871561223,3.1825847041919566,3.3624508210555346
0.000839,0.12648168739757396,0.1304735565624589,0.13459141249868942,3.3624508210555346,3.552482203890815,3.7532533501855805
0.000831,0.12648168739757396,0.1304735565624589,0.13459141249868942,3.7532533501855805,3.9653712255759532,4.189477098807692
0.000788,0.12648168739757396,0.1304735565624589,0.13459141249868942,4.189477098807692,4.42624848040168,4.676401170884524
0.000788,0.12648168739757396,0.1304735565624589,0.13459141249868942,4.676401170884524,4.940691424776398,5.219918236878273
0.000743,0.12648168739757396,0.1304735565624589,0.13459141249868942,5.219918236878273,5.514925757770336,5.82660584582409
0.000736,0.12648168739757396,0.1304735565624589,0.13459141249868942,5.82660584582409,6.155900763443285,6.5038060256849075
0.000731,0.12648168739757396,0.1304735565624589,0.13459141249868942,6.5038060256849075,6.871373409872062,7.25971413529735
0.000683,0.12648168739757396,0.1304735565624589,0.13459141249868942,7.25971413529735,7.670002222629526,8.103478043179491
0.000714,0.12648168739757396,0.1304735565624589,0.13459141249868942,8.103478043179491,8.561452068755672,9.045308833445212
0.000666,0.12648168739757396,0.1304735565624589,0.13459141249868942,9.045308833445212,9.556511119298175,10.096604378568765
0.000687,0.12648168739757396,0.1304735565624589,0.13459141249868942,10.096604378568765,10.66722140588275,11.27008727445586
0.000249,0.12648168739757396,0.1304735565624589,0.13459141249868942,11.27008727445586,11.907024551286224,12.579958807087245
0.000133,0.12648168739757396,0.1304735565624589,0.13459141249868942,12.579958807087245,13.290924437618376,14.042070814012659
0.000104,0.12648168739757396,0.1304735565624589,0.13459141249868942,14.042070814012659,14.835668780694615,15.67411752053271
8.8e-05,0.12648168739757396,0.1304735565624589,0.13459141249868942,15.67411752053271,16.55995180798096,17.49584967213718
9.1e-05,0.12648168739757396,0.1304735565624589,0.13459141249868942,17.49584967213718,18.484640492884626,19.529313554592992
8.4e-05,0.12648168739757396,0.1304735565624589,0.13459141249868942,19.529313554592992,20.63302708323817,21.799117794261466
8.2e-05,0.12648168739757396,0.1304735565624589,0.13459141249868942,21.799117794261466,23.03111098003311,24.332731167416135
6.8e-05,0.12648168739757396,0.1304735565624589,0.13459141249868942,24.332731167416135,25.707913377650407,27.160815022597262
8e-05,0.12648168739757396,0.1304735565624589,0.13459141249868942,27.160815022597262,28.695828473309135,30.317594338921154
7.3e-05,0.12648168739757396,0.1304735565624589,0.13459141249868942,30.317594338921154,32.03101549600908,33.84127191082679
6.7e-05,0.12648168739757396,0.1304735565624589,0.13459141249868942,33.84127191082679,35.75383629923332,37.77449067165226
5.5e-05,0.12648168739757396,0.1304735565624589,0.13459141249868942,37.77449067165226,39.909343813081726,42.1648497509999
4.7e-05,0.12648168739757396,0.1304735565624589,0.13459141249868942,42.1648497509999,44.547827266997885,47.06548051112691
4.7e-05,0.12648168739757396,0.1304735565624589,0.13459141249868942,47.06548051112691,49.72542078128044,52.535689533454075
3.5e-05,0.12648168739757396,0.1304735565624589,0.13459141249868942,52.535689533454075,55.504782692447314,58.641676336502556
4.3e-05,0.12648168739757396,0.1304735565624589,0.13459141249868942,58.641676336502556,61.955853833530256,65.45733451095779
3.8e-05,0.12648168739757396,0.1304735565624589,0.13459141249868942,65.45733451095779,69.15670394587609,73.06514596705614
2.4e-05,0.12648168739757396,0.1304735565624589,0.13459141249868942,73.06514596705614,77.19447646558302,81.55717911632256
9e-06,0.12648168739757396,0.1304735565624589,0.13459141249868942,81.55717911632256,86.16644311821332,91.03620306747894
1.2e-05,0.12648168739757396,0.1304735565624589,0.13459141249868942,91.03620306747894,96.18118108430411,101.61693132033079
2.1e-05,0.12648168739757396,0.1304735565624589,0.13459141249868942,101.61693132033079,107.35988698152859,113.42741000859688
1.3e-05,0.12648168739757396,0.1304735565624589,0.13459141249868942,113.42741000859688,119.83784356509167,126.61056749195744
1.1e-05,0.12648168739757396,0.1304735565624589,0.13459141249868942,126.61056749195744,133.76605689611287,141.32594405021308
1.8e-05,0.12648168739757396,0.1304735565624589,0.13459141249868942,141.32594405021308,149.31308379072314,157.7516226120118
1.3e-05,0.12648168739757396,0.1304735565624589,0.13459141249868942,157.7516226120118,166.66707166534817,176.08638388349098
7e-06,0.12648168739757396,0.1304735565624589,0.13459141249868942,176.08638388349098,186.0380354640305,196.55211195782155
1e-05,0.12648168739757396,0.1304735565624589,0.13459141249868942,196.55211195782155,207.66039922276806,219.39647951792662
7e-06,0.12648168739757396,0.1304735565624589,0.13459141249868942,219.39647951792662,231.79583302844003,244.8959451282275
1e-05,0.12648168739757396,0.1304735565624589,0.13459141249868942,244.8959451282275,258.73641970470345,273.35909888812694
8e-06,0.12648168739757396,0.1304735565624589,0.13459141249868942,273.35909888812694,288.8081895475435,305.13039693573796
3e-06,0.12648168739757396,0.1304735565624589,0.13459141249868942,305.13039693573796,322.37506588723016,340.5943299961796
6e-06,0.12648168739757396,0.1304735565624589,0.13459141249868942,340.5943299961796,359.843269225189,380.18007642148444
4e-06,0.12648168739757396,0.1304735565624589,0.13459141249868942,380.18007642148444,401.66623324388144,424.3666960323934
5e-06,0.12648168739757396,0.1304735565624589,0.13459141249868942,424.3666960323934,448.35009218239543,473.6889276170203
8e-06,0.12648168739757396,0.1304735565624589,0.13459141249868942,473.6889276170203,500.45980598500944,528.7436602466912
4e-06,0.12648168739757396,0.1304735565624589,0.13459141249868942,528.7436602466912,558.6259973482117,590.1971567237096
1e-06,0.12648168739757396,0.1304735565624589,0.13459141249868942,590.1971567237096,623.5525834069318,658.7931165779523
5e-06,0.12648168739757396,0.1304735565624589,0.13459141249868942,658.7931165779523,696.0252944173212,735.3616761892738
4e-06,0.12648168739757396,0.1304735565624589,0.13459141249868942,735.3616761892738,776.9211825277038,820.8294549536521
5e-06,0.12648168739757396,0.1304735565624589,0.13459141249868942,820.8294549536521,867.2192357111913,916.2307690700113
2e-06,0.12648168739757396,0.1304735565624589,0.13459141249868942,916.2307690700113,968.0122253079195,1022.7201486550255
3e-06,0.12648168739757396,0.1304735565624589,0.13459141249868942,1022.7201486550255,1080.5199305538154,1141.5863096658716
5e-06,0.12648168739757396,0.1304735565624589,0.13459141249868942,1141.5863096658716,1206.1039001368388,1274.2677497166753
2e-06,0.12648168739757396,0.1304735565624589,0.13459141249868942,1274.2677497166753,1346.2839294224782,1422.370156526539
4e-06,0.12648168739757396,0.1304735565624589,0.13459141249868942,1422.370156526539,1502.7564527530292,1587.68583967315
2e-06,0.12648168739757396,0.1304735565624589,0.13459141249868942,1587.68583967315,1677.4150734010555,1772.2154208116622
0.0,0.12648168739757396,0.1304735565624589,0.13459141249868942,1772.2154208116622,1872.373479626966,1978.1920448501505
0.0,0.12648168739757396,0.1304735565624589,0.13459141249868942,1978.1920448501505,2089.991024166855,2208.1084050810155
2e-06,0.12648168739757396,0.1304735565624589,0.13459141249868942,2208.1084050810155,2332.9012767091076,2464.7469093218283
4e-06,0.12648168739757396,0.1304735565624589,0.13459141249868942,2464.7469093218283,2604.0438948968845,2751.213352130962
2e-06,0.12648168739757396,0.1304735565624589,0.13459141249868942,2751.213352130962,2906.7001995538217,3070.9745005933823
0.0,0.12648168739757396,0.1304735565624589,0.13459141249868942,3070.9745005933823,3244.5328846581474,3427.9000485331494
0.0,0.12648168739757396,0.1304735565624589,0.13459141249868942,3427.9000485331494,3621.630342628391,3826.309446875285
0.0,0.12648168739757396,0.1304735565624589,0.13459141249868942,3826.309446875285,4042.556141337618,4271.024176889881
0.0,0.12648168739757396,0.1304735565624589,0.13459141249868942,4271.024176889881,4512.404251618383,4767.426098920123
0.000501,0.13459141249868942,0.1388392314554607,0.14322111517575975,0.07999999999999999,0.08452125887808527,0.08929804002920383
0.000522,0.13459141249868942,0.1388392314554607,0.14322111517575975,0.08929804002920383,0.09434478448267444,0.09967674941321612
0.000482,0.13459141249868942,0.1388392314554607,0.14322111517575975,0.09967674941321612,0.10531005426600588,0.11126172948852864
0.000529,0.13459141249868942,0.1388392314554607,0.14322111517575975,0.11126172948852864,0.11754976801654278,0.12419317966981348
0.000544,0.13459141249868942,0.1388392314554607,0.14322111517575975,0.12419317966981348,0.13121204862206076,0.13862759411886386
0.000504,0.13459141249868942,0.1388392314554607,0.14322111517575975,0.13862759411886386,0.14646223462708277,0.15473965560973155
0.000492,0.13459141249868942,0.1388392314554607,0.14322111517575975,0.15473965560973155,0.1634848811311985,0.1727243495092878
0.00051,0.13459141249868942,0.1388392314554607,0.14322111517575975,0.1727243495092878,0.1824859932427924,0.1927993234562322
0.000449,0.13459141249868942,0.1388392314554607,0.14322111517575975,0.1927993234562322,0.20369551911704872,0.21520752129497553
0.000486,0.13459141249868942,0.1388392314554607,0.14322111517575975,0.21520752129497553,0.22737013274854592,0.24022012313980576
0.000448,0.13459141249868942,0.1388392314554607,0.14322111517575975,0.24022012313980576,0.25379634019531294,0.26813982714948303
0.000464,0.13459141249868942,0.1388392314554607,0.14322111517575975,0.26813982714948303,0.28329394682533116,0.2993045127277292
0.000494,0.13459141249868942,0.1388392314554607,0.14322111517575975,0.2993045127277292,0.31621992754549455,0.3340913294810264
0.000462,0.13459141249868942,0.1388392314554607,0.14322111517575975,0.3340913294810264,0.3529727468498688,0.37292126141758264
0.000458,0.13459141249868942,0.1388392314554607,0.14322111517575975,0.37292126141758264,0.3939971809677202,0.41626422162260607
0.000474,0.13459141249868942,0.1388392314554607,0.14322111517575975,0.41626422162260607,0.4397897004681118,0.46464473906476067
0.000509,0.13459141249868942,0.1388392314554607,0.14322111517575975,0.46464473906476067,0.4909044784604127,0.5186483063545496
0.000466,0.13459141249868942,0.1388392314554607,0.14322111517575975,0.5186483063545496,0.547960097100917,0.5789284652740918
0.000468,0.13459141249868942,0.1388392314554607,0.14322111517575975,0.5789284652740918,0.6116470335665513,0.6462147158261423
0.00047,0.13459141249868942,0.1388392314554607,0.14322111517575975,0.6462147158261423,0.6827360160896209,0.7213213445162929
0.000468,0.13459141249868942,0.1388392314554607,0.14322111517575975,0.7213213445162929,0.7620873511768764,0.805157278706688
0.000439,0.13459141249868942,0.1388392314554607,0.14322111517575975,0.805157278706688,0.8506613348892827,0.8987370862969332
0.000469,0.13459141249868942,0.1388392314554607,0.14322111517575975,0.8987370862969332,0.9495298741779894,1.0031932538484196
0.000428,0.13459141249868942,0.1388392314554607,0.14322111517575975,1.0031932538484196,1.0598894589158872,1.1197898917397926
0.000461,0.13459141249868942,0.1388392314554607,0.14322111517575975,1.1197898917397926,1.183075641610026,1.249938032210973
0.000415,0.13459141249868942,0.1388392314554607,0.14322111517575975,1.249938032210973,1.3205792000258516,1.3952127054299968
0.000412,0.13459141249868942,0.1388392314554607,0.14322111517575975,1.3952127054299968,1.4740641783205308,1.5573720002342704
0.000387,0.13459141249868942,0.1388392314554607,0.14322111517575975,1.5573720002342704,1.6453880250160273,1.7383783402160131
0.000427,0.13459141249868942,0.1388392314554607,0.14322111517575975,1.7383783402160131,1.8366240715181728,1.9404222326313807
0.000657,0.13459141249868942,0.1388392314554607,0.14322111517575975,1.9404222326313807,2.050086623212864,2.1659487775384263
0.000877,0.13459141249868942,0.1388392314554607,0.14322111517575975,2.1659487775384263,2.2883589667874706,2.417687257972894
0.000867,0.13459141249868942,0.1388392314554607,0.14322111517575975,2.417687257972894,2.5543246327171887,2.6986841692569943
0.00087,0.13459141249868942,0.1388392314554607,0.14322111517575975,2.6986841692569943,2.851202291249511,3.0123400871561223
0.000827,0.13459141249868942,0.1388392314554607,0.14322111517575975,3.0123400871561223,3.1825847041919566,3.3624508210555346
0.000816,0.13459141249868942,0.1388392314554607,0.14322111517575975,3.3624508210555346,3.552482203890815,3.7532533501855805
0.000866,0.13459141249868942,0.1388392314554607,0.14322111517575975,3.7532533501855805,3.9653712255759532,4.189477098807692
0.000842,0.13459141249868942,0.1388392314554607,0.14322111517575975,4.189477098807692,4.42624848040168,4.676401170884524
0.000772,0.13459141249868942,0.1388392314554607,0.14322111517575975,4.676401170884524,4.940691424776398,5.219918236878273
0.000758,0.13459141249868942,0.1388392314554607,0.14322111517575975,5.219918236878273,5.514925757770336,5.82660584582409
0.000714,0.13459141249868942,0.1388392314554607,0.14322111517575975,5.82660584582409,6.155900763443285,6.5038060256849075
0.000754,0.13459141249868942,0.1388392314554607,0.14322111517575975,6.5038060256849075,6.871373409872062,7.25971413529735
0.000761,0.13459141249868942,0.1388392314554607,0.14322111517575975,7.25971413529735,7.670002222629526,8.103478043179491
0.000694,0.13459141249868942,0.1388392314554607,0.14322111517575975,8.103478043179491,8.561452068755672,9.045308833445212
0.000698,0.13459141249868942,0.1388392314554607,0.14322111517575975,9.045308833445212,9.556511119298175,10.096604378568765
0.00072,0.13459141249868942,0.1388392314554607,0.14322111517575975,10.096604378568765,10.66722140588275,11.27008727445586
0.000259,0.13459141249868942,0.1388392314554607,0.14322111517575975,11.27008727445586,11.907024551286224,12.579958807087245
0.000133,0.13459141249868942,0.1388392314554607,0.14322111517575975,12.579958807087245,13.290924437618376,14.042070814012659
0.00012,0.13459141249868942,0.1388392314554607,0.14322111517575975,14.042070814012659,14.835668780694615,15.67411752053271
9.5e-05,0.13459141249868942,0.1388392314554607,0.14322111517575975,15.67411752053271,16.55995180798096,17.49584967213718
8.4e-05,0.13459141249868942,0.1388392314554607,0.14322111517575975,17.49584967213718,18.484640492884626,19.529313554592992
9.1e-05,0.13459141249868942,0.1388392314554607,0.14322111517575975,19.529313554592992,20.63302708323817,21.799117794261466
0.000107,0.13459141249868942,0.1388392314554607,0.14322111517575975,21.799117794261466,23.03111098003311,24.332731167416135
7.3e-05,0.13459141249868942,0.1388392314554607,0.14322111517575975,24.332731167416135,25.707913377650407,27.160815022597262
6.3e-05,0.13459141249868942,0.1388392314554607,0.14322111517575975,27.160815022597262,28.695828473309135,30.317594338921154
4.5e-05,0.13459141249868942,0.1388392314554607,0.14322111517575975,30.317594338921154,32.03101549600908,33.84127191082679
6.1e-05,0.13459141249868942,0.1388392314554607,0.14322111517575975,33.84127191082679,35.75383629923332,37.77449067165226
5.1e-05,0.13459141249868942,0.1388392314554607,0.14322111517575975,37.77449067165226,39.909343813081726,42.1648497509999
5.1e-05,0.13459141249868942,0.1388392314554607,0.14322111517575975,42.1648497509999,44.547827266997885,47.06548051112691
4.4e-05,0.13459141249868942,0.1388392314554607,0.14322111517575975,47.06548051112691,49.72542078128044,52.535689533454075
5.2e-05,0.13459141249868942,0.1388392314554607,0.14322111517575975,52.535689533454075,55.504782692447314,58.641676336502556
4.4e-05,0.13459141249868942,0.1388392314554607,0.14322111517575975,58.641676336502556,61.955853833530256,65.45733451095779
2.9e-05,0.13459141249868942,0.1388392314554607,0.14322111517575975,65.45733451095779,69.15670394587609,73.06514596705614
1.8e-05,0.13459141249868942,0.1388392314554607,0.14322111517575975,73.06514596705614,77.19447646558302,81.55717911632256
1.9e-05,0.13459141249868942,0.1388392314554607,0.14322111517575975,81.55717911632256,86.16644311821332,91.03620306747894
2e-05,0.13459141249868942,0.1388392314554607,0.14322111517575975,91.03620306747894,96.18118108430411,101.61693132033079
1.6e-05,0.13459141249868942,0.1388392314554607,0.14322111517575975,101.61693132033079,107.35988698152859,113.42741000859688
1e-05,0.13459141249868942,0.1388392314554607,0.14322111517575975,113.42741000859688,119.83784356509167,126.61056749195744
1e-05,0.13459141249868942,0.1388392314554607,0.14322111517575975,126.61056749195744,133.76605689611287,141.32594405021308
7e-06,0.13459141249868942,0.1388392314554607,0.14322111517575975,141.32594405021308,149.31308379072314,157.7516226120118
1e-05,0.13459141249868942,0.1388392314554607,0.14322111517575975,157.7516226120118,166.66707166534817,176.08638388349098
1.1e-05,0.13459141249868942,0.1388392314554607,0.14322111517575975,176.08638388349098,186.0380354640305,196.55211195782155
6e-06,0.13459141249868942,0.1388392314554607,0.14322111517575975,196.55211195782155,207.66039922276806,219.39647951792662
8e-06,0.13459141249868942,0.1388392314554607,0.14322111517575975,219.39647951792662,231.79583302844003,244.8959451282275
1.3e-05,0.13459141249868942,0.1388392314554607,0.14322111517575975,244.8959451282275,258.73641970470345,273.35909888812694
1.2e-05,0.13459141249868942,0.1388392314554607,0.14322111517575975,273.35909888812694,288.8081895475435,305.13039693573796
6e-06,0.13459141249868942,0.1388392314554607,0.14322111517575975,305.13039693573796,322.37506588723016,340.5943299961796
1.1e-05,0.13459141249868942,0.1388392314554607,0.14322111517575975,340.5943299961796,359.843269225189,380.18007642148444
6e-06,0.13459141249868942,0.1388392314554607,0.14322111517575975,380.18007642148444,401.66623324388144,424.3666960323934
1.3e-05,0.13459141249868942,0.1388392314554607,0.14322111517575975,424.3666960323934,448.35009218239543,473.6889276170203
1e-06,0.13459141249868942,0.1388392314554607,0.14322111517575975,473.6889276170203,500.45980598500944,528.7436602466912
3e-06,0.13459141249868942,0.1388392314554607,0.14322111517575975,528.7436602466912,558.6259973482117,590.1971567237096
3e-06,0.13459141249868942,0.1388392314554607,0.14322111517575975,590.1971567237096,623.5525834069318,658.7931165779523
1e-06,0.13459141249868942,0.1388392314554607,0.14322111517575975,658.7931165779523,696.0252944173212,735.3616761892738
4e-06,0.13459141249868942,0.1388392314554607,0.14322111517575975,735.3616761892738,776.9211825277038,820.8294549536521
4e-06,0.13459141249868942,0.1388392314554607,0.14322111517575975,820.8294549536521,867.2192357111913,916.2307690700113
1e-06,0.13459141249868942,0.1388392314554607,0.14322111517575975,916.2307690700113,968.0122253079195,1022.7201486550255
4e-06,0.13459141249868942,0.1388392314554607,0.14322111517575975,1022.7201486550255,1080.5199305538154,1141.5863096658716
3e-06,0.13459141249868942,0.1388392314554607,0.14322111517575975,1141.5863096658716,1206.1039001368388,1274.2677497166753
3e-06,0.13459141249868942,0.1388392314554607,0.14322111517575975,1274.2677497166753,1346.2839294224782,1422.370156526539
0.0,0.13459141249868942,0.1388392314554607,0.14322111517575975,1422.370156526539,1502.7564527530292,1587.68583967315
2e-06,0.13459141249868942,0.1388392314554607,0.14322111517575975,1587.68583967315,1677.4150734010555,1772.2154208116622
3e-06,0.13459141249868942,0.1388392314554607,0.14322111517575975,1772.2154208116622,1872.373479626966,1978.1920448501505
2e-06,0.13459141249868942,0.1388392314554607,0.14322111517575975,1978.1920448501505,2089.991024166855,2208.1084050810155
5e-06,0.13459141249868942,0.1388392314554607,0.14322111517575975,2208.1084050810155,2332.9012767091076,2464.7469093218283
1e-06,0.13459141249868942,0.1388392314554607,0.14322111517575975,2464.7469093218283,2604.0438948968845,2751.213352130962
3e-06,0.13459141249868942,0.1388392314554607,0.14322111517575975,2751.213352130962,2906.7001995538217,3070.9745005933823
0.0,0.13459141249868942,0.1388392314554607,0.14322111517575975,3070.9745005933823,3244.5328846581474,3427.9000485331494
1e-06,0.13459141249868942,0.1388392314554607,0.14322111517575975,3427.9000485331494,3621.630342628391,3826.309446875285
2e-06,0.13459141249868942,0.1388392314554607,0.14322111517575975,3826.309446875285,4042.556141337618,4271.024176889881
0.0,0.13459141249868942,0.1388392314554607,0.14322111517575975,4271.024176889881,4512.404251618383,4767.426098920123
0.000501,0.14322111517575975,0.14774129485705578,0.1524041352369934,0.07999999999999999,0.08452125887808527,0.08929804002920383
0.000527,0.14322111517575975,0.14774129485705578,0.1524041352369934,0.08929804002920383,0.09434478448267444,0.09967674941321612
0.000534,0.14322111517575975,0.14774129485705578,0.1524041352369934,0.09967674941321612,0.10531005426600588,0.11126172948852864
0.00053,0.14322111517575975,0.14774129485705578,0.1524041352369934,0.11126172948852864,0.11754976801654278,0.12419317966981348
0.000535,0.14322111517575975,0.14774129485705578,0.1524041352369934,0.12419317966981348,0.13121204862206076,0.13862759411886386
0.00049,0.14322111517575975,0.14774129485705578,0.1524041352369934,0.13862759411886386,0.14646223462708277,0.15473965560973155
0.000516,0.14322111517575975,0.14774129485705578,0.1524041352369934,0.15473965560973155,0.1634848811311985,0.1727243495092878
0.000503,0.14322111517575975,0.14774129485705578,0.1524041352369934,0.1727243495092878,0.1824859932427924,0.1927993234562322
0.000473,0.14322111517575975,0.14774129485705578,0.1524041352369934,0.1927993234562322,0.20369551911704872,0.21520752129497553
0.000527,0.14322111517575975,0.14774129485705578,0.1524041352369934,0.21520752129497553,0.22737013274854592,0.24022012313980576
0.0005,0.14322111517575975,0.14774129485705578,0.1524041352369934,0.24022012313980576,0.25379634019531294,0.26813982714948303
0.000513,0.14322111517575975,0.14774129485705578,0.1524041352369934,0.26813982714948303,0.28329394682533116,0.2993045127277292
0.00054,0.14322111517575975,0.14774129485705578,0.1524041352369934,0.2993045127277292,0.31621992754549455,0.3340913294810264
0.000477,0.14322111517575975,0.14774129485705578,0.1524041352369934,0.3340913294810264,0.3529727468498688,0.37292126141758264
0.000496,0.14322111517575975,0.14774129485705578,0.1524041352369934,0.37292126141758264,0.3939971809677202,0.41626422162260607
0.000499,0.14322111517575975,0.14774129485705578,0.1524041352369934,0.41626422162260607,0.4397897004681118,0.46464473906476067
0.000531,0.14322111517575975,0.14774129485705578,0.1524041352369934,0.46464473906476067,0.4909044784604127,0.5186483063545496
0.000448,0.14322111517575975,0.14774129485705578,0.1524041352369934,0.5186483063545496,0.547960097100917,0.5789284652740918
0.000468,0.14322111517575975,0.14774129485705578,0.1524041352369934,0.5789284652740918,0.6116470335665513,0.6462147158261423
0.000496,0.14322111517575975,0.14774129485705578,0.1524041352369934,0.6462147158261423,0.6827360160896209,0.7213213445162929
0.000488,0.14322111517575975,0.14774129485705578,0.1524041352369934,0.7213213445162929,0.7620873511768764,0.805157278706688
0.000463,0.14322111517575975,0.14774129485705578,0.1524041352369934,0.805157278706688,0.8506613348892827,0.8987370862969332
0.00046,0.14322111517575975,0.14774129485705578,0.1524041352369934,0.8987370862969332,0.9495298741779894,1.0031932538484196
0.000423,0.14322111517575975,0.14774129485705578,0.1524041352369934,1.0031932538484196,1.0598894589158872,1.1197898917397926
0.000445,0.14322111517575975,0.14774129485705578,0.1524041352369934,1.1197898917397926,1.183075641610026,1.249938032210973
0.000436,0.14322111517575975,0.14774129485705578,0.1524041352369934,1.249938032210973,1.3205792000258516,1.3952127054299968
0.00042,0.14322111517575975,0.14774129485705578,0.1524041352369934,1.3952127054299968,1.4740641783205308,1.5573720002342704
0.000432,0.14322111517575975,0.14774129485705578,0.1524041352369934,1.5573720002342704,1.6453880250160273,1.7383783402160131
0.000435,0.14322111517575975,0.14774129485705578,0.1524041352369934,1.7383783402160131,1.8366240715181728,1.9404222326313807
0.000686,0.14322111517575975,0.14774129485705578,0.1524041352369934,1.9404222326313807,2.050086623212864,2.1659487775384263
0.000887,0.14322111517575975,0.14774129485705578,0.1524041352369934,2.1659487775384263,2.2883589667874706,2.417687257972894
0.000965,0.14322111517575975,0.14774129485705578,0.1524041352369934,2.417687257972894,2.5543246327171887,2.6986841692569943
0.00082,0.14322111517575975,0.14774129485705578,0.1524041352369934,2.6986841692569943,2.851202291249511,3.0123400871561223
0.000882,0.14322111517575975,0.14774129485705578,0.1524041352369934,3.0123400871561223,3.1825847041919566,3.3624508210555346
0.00082,0.14322111517575975,0.14774129485705578,0.1524041352369934,3.3624508210555346,3.552482203890815,3.7532533501855805
0.000809,0.14322111517575975,0.14774129485705578,0.1524041352369934,3.7532533501855805,3.9653712255759532,4.189477098807692
0.000796,0.14322111517575975,0.14774129485705578,0.1524041352369934,4.189477098807692,4.42624848040168,4.676401170884524
0.000764,0.14322111517575975,0.14774129485705578,0.1524041352369934,4.676401170884524,4.940691424776398,5.219918236878273
0.000779,0.14322111517575975,0.14774129485705578,0.1524041352369934,5.219918236878273,5.514925757770336,5.82660584582409
0.000834,0.14322111517575975,0.14774129485705578,0.1524041352369934,5.82660584582409,6.155900763443285,6.5038060256849075
0.00076,0.14322111517575975,0.14774129485705578,0.1524041352369934,6.5038060256849075,6.871373409872062,7.25971413529735
0.000791,0.14322111517575975,0.14774129485705578,0.1524041352369934,7.25971413529735,7.670002222629526,8.103478043179491
0.000717,0.14322111517575975,0.14774129485705578,0.1524041352369934,8.103478043179491,8.561452068755672,9.045308833445212
0.000742,0.14322111517575975,0.14774129485705578,0.1524041352369934,9.045308833445212,9.556511119298175,10.096604378568765
0.000698,0.14322111517575975,0.14774129485705578,0.1524041352369934,10.096604378568765,10.66722140588275,11.27008727445586
0.000234,0.14322111517575975,0.14774129485705578,0.1524041352369934,11.27008727445586,11.907024551286224,12.579958807087245
0.000126,0.14322111517575975,0.14774129485705578,0.1524041352369934,12.579958807087245,13.290924437618376,14.042070814012659
0.000118,0.14322111517575975,0.14774129485705578,0.1524041352369934,14.042070814012659,14.835668780694615,15.67411752053271
0.000103,0.14322111517575975,0.14774129485705578,0.1524041352369934,15.67411752053271,16.55995180798096,17.49584967213718
0.000106,0.14322111517575975,0.14774129485705578,0.1524041352369934,17.49584967213718,18.484640492884626,19.529313554592992
9.6e-05,0.14322111517575975,0.14774129485705578,0.1524041352369934,19.529313554592992,20.63302708323817,21.799117794261466
8.8e-05,0.14322111517575975,0.14774129485705578,0.1524041352369934,21.799117794261466,23.03111098003311,24.332731167416135
8.7e-05,0.14322111517575975,0.14774129485705578,0.1524041352369934,24.332731167416135,25.707913377650407,27.160815022597262
8e-05,0.14322111517575975,0.14774129485705578,0.1524041352369934,27.160815022597262,28.695828473309135,30.317594338921154
7.4e-05,0.14322111517575975,0.14774129485705578,0.1524041352369934,30.317594338921154,32.03101549600908,33.84127191082679
4.9e-05,0.14322111517575975,0.14774129485705578,0.1524041352369934,33.84127191082679,35.75383629923332,37.77449067165226
4.7e-05,0.14322111517575975,0.14774129485705578,0.1524041352369934,37.77449067165226,39.909343813081726,42.1648497509999
4.2e-05,0.14322111517575975,0.14774129485705578,0.1524041352369934,42.1648497509999,44.547827266997885,47.06548051112691
5.3e-05,0.14322111517575975,0.14774129485705578,0.1524041352369934,47.06548051112691,49.72542078128044,52.535689533454075
4.7e-05,0.14322111517575975,0.14774129485705578,0.1524041352369934,52.535689533454075,55.504782692447314,58.641676336502556
4.2e-05,0.14322111517575975,0.14774129485705578,0.1524041352369934,58.641676336502556,61.955853833530256,65.45733451095779
3.6e-05,0.14322111517575975,0.14774129485705578,0.1524041352369934,65.45733451095779,69.15670394587609,73.06514596705614
2.1e-05,0.14322111517575975,0.14774129485705578,0.1524041352369934,73.06514596705614,77.19447646558302,81.55717911632256
1.5e-05,0.14322111517575975,0.14774129485705578,0.1524041352369934,81.55717911632256,86.16644311821332,91.03620306747894
1.7e-05,0.14322111517575975,0.14774129485705578,0.1524041352369934,91.03620306747894,96.18118108430411,101.61693132033079
1.1e-05,0.14322111517575975,0.14774129485705578,0.1524041352369934,101.61693132033079,107.35988698152859,113.42741000859688
1.4e-05,0.14322111517575975,0.14774129485705578,0.1524041352369934,113.42741000859688,119.83784356509167,126.61056749195744
1e-05,0.14322111517575975,0.14774129485705578,0.1524041352369934,126.61056749195744,133.76605689611287,141.32594405021308
1.3e-05,0.14322111517575975,0.14774129485705578,0.1524041352369934,141.32594405021308,149.31308379072314,157.7516226120118
1.3e-05,0.14322111517575975,0.14774129485705578,0.1524041352369934,157.7516226120118,166.66707166534817,176.08638388349098
7e-06,0.14322111517575975,0.14774129485705578,0.1524041352369934,176.08638388349098,186.0380354640305,196.55211195782155
1.3e-05,0.14322111517575975,0.14774129485705578,0.1524041352369934,196.55211195782155,207.66039922276806,219.39647951792662
6e-06,0.14322111517575975,0.14774129485705578,0.1524041352369934,219.39647951792662,231.79583302844003,244.8959451282275
6e-06,0.14322111517575975,0.14774129485705578,0.1524041352369934,244.8959451282275,258.73641970470345,273.35909888812694
6e-06,0.14322111517575975,0.14774129485705578,0.1524041352369934,273.35909888812694,288.8081895475435,305.13039693573796
8e-06,0.14322111517575975,0.14774129485705578,0.1524041352369934,305.13039693573796,322.37506588723016,340.5943299961796
7e-06,0.14322111517575975,0.14774129485705578,0.1524041352369934,340.5943299961796,359.843269225189,380.18007642148444
5e-06,0.14322111517575975,0.14774129485705578,0.1524041352369934,380.18007642148444,401.66623324388144,424.3666960323934
3e-06,0.14322111517575975,0.14774129485705578,0.1524041352369934,424.3666960323934,448.35009218239543,473.6889276170203
3e-06,0.14322111517575975,0.14774129485705578,0.1524041352369934,473.6889276170203,500.45980598500944,528.7436602466912
5e-06,0.14322111517575975,0.14774129485705578,0.1524041352369934,528.7436602466912,558.6259973482117,590.1971567237096
4e-06,0.14322111517575975,0.14774129485705578,0.1524041352369934,590.1971567237096,623.5525834069318,658.7931165779523
4e-06,0.14322111517575975,0.14774129485705578,0.1524041352369934,658.7931165779523,696.0252944173212,735.3616761892738
5e-06,0.14322111517575975,0.14774129485705578,0.1524041352369934,735.3616761892738,776.9211825277038,820.8294549536521
7e-06,0.14322111517575975,0.14774129485705578,0.1524041352369934,820.8294549536521,867.2192357111913,916.2307690700113
2e-06,0.14322111517575975,0.14774129485705578,0.1524041352369934,916.2307690700113,968.0122253079195,1022.7201486550255
1e-06,0.14322111517575975,0.14774129485705578,0.1524041352369934,1022.7201486550255,1080.5199305538154,1141.5863096658716
3e-06,0.14322111517575975,0.14774129485705578,0.1524041352369934,1141.5863096658716,1206.1039001368388,1274.2677497166753
8e-06,0.14322111517575975,0.14774129485705578,0.1524041352369934,1274.2677497166753,1346.2839294224782,1422.370156526539
3e-06,0.14322111517575975,0.14774129485705578,0.1524041352369934,1422.370156526539,1502.7564527530292,1587.68583967315
1e-06,0.14322111517575975,0.14774129485705578,0.1524041352369934,1587.68583967315,1677.4150734010555,1772.2154208116622
1e-06,0.14322111517575975,0.14774129485705578,0.1524041352369934,1772.2154208116622,1872.373479626966,1978.1920448501505
0.0,0.14322111517575975,0.14774129485705578,0.1524041352369934,1978.1920448501505,2089.991024166855,2208.1084050810155
1e-06,0.14322111517575975,0.14774129485705578,0.1524041352369934,2208.1084050810155,2332.9012767091076,2464.7469093218283
0.0,0.14322111517575975,0.14774129485705578,0.1524041352369934,2464.7469093218283,2604.0438948968845,2751.213352130962
2e-06,0.14322111517575975,0.14774129485705578,0.1524041352369934,2751.213352130962,2906.7001995538217,3070.9745005933823
1e-06,0.14322111517575975,0.14774129485705578,0.1524041352369934,3070.9745005933823,3244.5328846581474,3427.9000485331494
1e-06,0.14322111517575975,0.14774129485705578,0.1524041352369934,3427.9000485331494,3621.630342628391,3826.309446875285
0.0,0.14322111517575975,0.14774129485705578,0.1524041352369934,3826.309446875285,4042.556141337618,4271.024176889881
2e-06,0.14322111517575975,0.14774129485705578,0.1524041352369934,4271.024176889881,4512.404251618383,4767.426098920123
0.00053,0.1524041352369934,0.1572141388080335,0.16217595016511202,0.07999999999999999,0.08452125887808527,0.08929804002920383
0.000579,0.1524041352369934,0.1572141388080335,0.16217595016511202,0.08929804002920383,0.09434478448267444,0.09967674941321612
0.00058,0.1524041352369934,0.1572141388080335,0.16217595016511202,0.09967674941321612,0.10531005426600588,0.11126172948852864
0.000536,0.1524041352369934,0.1572141388080335,0.16217595016511202,0.11126172948852864,0.11754976801654278,0.12419317966981348
0.000546,0.1524041352369934,0.1572141388080335,0.16217595016511202,0.12419317966981348,0.13121204862206076,0.13862759411886386
0.000546,0.1524041352369934,0.1572141388080335,0.16217595016511202,0.13862759411886386,0.14646223462708277,0.15473965560973155
0.000569,0.1524041352369934,0.1572141388080335,0.16217595016511202,0.15473965560973155,0.1634848811311985,0.1727243495092878
0.000574,0.1524041352369934,0.1572141388080335,0.16217595016511202,0.1727243495092878,0.1824859932427924,0.1927993234562322
0.000477,0.1524041352369934,0.1572141388080335,0.16217595016511202,0.1927993234562322,0.20369551911704872,0.21520752129497553
0.000527,0.1524041352369934,0.1572141388080335,0.16217595016511202,0.21520752129497553,0.22737013274854592,0.24022012313980576
0.000489,0.1524041352369934,0.1572141388080335,0.16217595016511202,0.24022012313980576,0.25379634019531294,0.26813982714948303
0.0005,0.1524041352369934,0.1572141388080335,0.16217595016511202,0.26813982714948303,0.28329394682533116,0.2993045127277292
0.000482,0.1524041352369934,0.1572141388080335,0.16217595016511202,0.2993045127277292,0.31621992754549455,0.3340913294810264
0.00046,0.1524041352369934,0.1572141388080335,0.16217595016511202,0.3340913294810264,0.3529727468498688,0.37292126141758264
0.000509,0.1524041352369934,0.1572141388080335,0.16217595016511202,0.37292126141758264,0.3939971809677202,0.41626422162260607
0.000442,0.1524041352369934,0.1572141388080335,0.16217595016511202,0.41626422162260607,0.4397897004681118,0.46464473906476067
0.000494,0.1524041352369934,0.1572141388080335,0.16217595016511202,0.46464473906476067,0.4909044784604127,0.5186483063545496
0.000488,0.1524041352369934,0.1572141388080335,0.16217595016511202,0.5186483063545496,0.547960097100917,0.5789284652740918
0.000473,0.1524041352369934,0.1572141388080335,0.16217595016511202,0.5789284652740918,0.6116470335665513,0.6462147158261423
0.000503,0.1524041352369934,0.1572141388080335,0.16217595016511202,0.6462147158261423,0.6827360160896209,0.7213213445162929
0.00046,0.1524041352369934,0.1572141388080335,0.16217595016511202,0.7213213445162929,0.7620873511768764,0.805157278706688
0.000476,0.1524041352369934,0.1572141388080335,0.16217595016511202,0.805157278706688,0.8506613348892827,0.8987370862969332
0.000471,0.1524041352369934,0.1572141388080335,0.16217595016511202,0.8987370862969332,0.9495298741779894,1.0031932538484196
0.000458,0.1524041352369934,0.1572141388080335,0.16217595016511202,1.0031932538484196,1.0598894589158872,1.1197898917397926
0.000434,0.1524041352369934,0.1572141388080335,0.16217595016511202,1.1197898917397926,1.183075641610026,1.249938032210973
0.000444,0.1524041352369934,0.1572141388080335,0.16217595016511202,1.249938032210973,1.3205792000258516,1.3952127054299968
0.000485,0.1524041352369934,0.1572141388080335,0.16217595016511202,1.3952127054299968,1.4740641783205308,1.5573720002342704
0.000418,0.1524041352369934,0.1572141388080335,0.16217595016511202,1.5573720002342704,1.6453880250160273,1.7383783402160131
0.000422,0.1524041352369934,0.1572141388080335,0.16217595016511202,1.7383783402160131,1.8366240715181728,1.9404222326313807
0.000717,0.1524041352369934,0.1572141388080335,0.16217595016511202,1.9404222326313807,2.050086623212864,2.1659487775384263
0.000926,0.1524041352369934,0.1572141388080335,0.16217595016511202,2.1659487775384263,2.2883589667874706,2.417687257972894
0.000925,0.1524041352369934,0.1572141388080335,0.16217595016511202,2.417687257972894,2.5543246327171887,2.6986841692569943
0.000922,0.1524041352369934,0.1572141388080335,0.16217595016511202,2.6986841692569943,2.851202291249511,3.0123400871561223
0.000852,0.1524041352369934,0.1572141388080335,0.16217595016511202,3.0123400871561223,3.1825847041919566,3.3624508210555346
0.000865,0.1524041352369934,0.1572141388080335,0.16217595016511202,3.3624508210555346,3.552482203890815,3.7532533501855805
0.000868,0.1524041352369934,0.1572141388080335,0.16217595016511202,3.7532533501855805,3.9653712255759532,4.189477098807692
0.000793,0.1524041352369934,0.1572141388080335,0.16217595016511202,4.189477098807692,4.42624848040168,4.676401170884524
0.000781,0.1524041352369934,0.1572141388080335,0.16217595016511202,4.676401170884524,4.940691424776398,5.219918236878273
0.000817,0.1524041352369934,0.1572141388080335,0.16217595016511202,5.219918236878273,5.514925757770336,5.82660584582409
0.000782,0.1524041352369934,0.1572141388080335,0.16217595016511202,5.82660584582409,6.155900763443285,6.5038060256849075
0.000812,0.1524041352369934,0.1572141388080335,0.16217595016511202,6.5038060256849075,6.871373409872062,7.25971413529735
0.000723,0.1524041352369934,0.1572141388080335,0.16217595016511202,7.25971413529735,7.670002222629526,8.103478043179491
0.00072,0.1524041352369934,0.1572141388080335,0.16217595016511202,8.103478043179491,8.561452068755672,9.045308833445212
0.000734,0.1524041352369934,0.1572141388080335,0.16217595016511202,9.045308833445212,9.556511119298175,10.096604378568765
0.000761,0.1524041352369934,0.1572141388080335,0.16217595016511202,10.096604378568765,10.66722140588275,11.27008727445586
0.000232,0.1524041352369934,0.1572141388080335,0.16217595016511202,11.27008727445586,11.907024551286224,12.579958807087245
0.00013,0.1524041352369934,0.1572141388080335,0.16217595016511202,12.579958807087245,13.290924437618376,14.042070814012659
0.000139,0.1524041352369934,0.1572141388080335,0.16217595016511202,14.042070814012659,14.835668780694615,15.67411752053271
0.000118,0.1524041352369934,0.1572141388080335,0.16217595016511202,15.67411752053271,16.55995180798096,17.49584967213718
9.6e-05,0.1524041352369934,0.1572141388080335,0.16217595016511202,17.49584967213718,18.484640492884626,19.529313554592992
0.000116,0.1524041352369934,0.1572141388080335,0.16217595016511202,19.529313554592992,20.63302708323817,21.799117794261466
7.8e-05,0.1524041352369934,0.1572141388080335,0.16217595016511202,21.799117794261466,23.03111098003311,24.332731167416135
6.6e-05,0.1524041352369934,0.1572141388080335,0.16217595016511202,24.332731167416135,25.707913377650407,27.160815022597262
9e-05,0.1524041352369934,0.1572141388080335,0.16217595016511202,27.160815022597262,28.695828473309135,30.317594338921154
6.3e-05,0.1524041352369934,0.1572141388080335,0.16217595016511202,30.317594338921154,32.03101549600908,33.84127191082679
6.8e-05,0.1524041352369934,0.1572141388080335,0.16217595016511202,33.84127191082679,35.75383629923332,37.77449067165226
6.3e-05,0.1524041352369934,0.1572141388080335,0.16217595016511202,37.77449067165226,39.909343813081726,42.1648497509999
5.1e-05,0.1524041352369934,0.1572141388080335,0.16217595016511202,42.1648497509999,44.547827266997885,47.06548051112691
4.5e-05,0.1524041352369934,0.1572141388080335,0.16217595016511202,47.06548051112691,49.72542078128044,52.535689533454075
5e-05,0.1524041352369934,0.1572141388080335,0.16217595016511202,52.535689533454075,55.504782692447314,58.641676336502556
4.4e-05,0.1524041352369934,0.1572141388080335,0.16217595016511202,58.641676336502556,61.955853833530256,65.45733451095779
3.9e-05,0.1524041352369934,0.1572141388080335,0.16217595016511202,65.45733451095779,69.15670394587609,73.06514596705614
1.3e-05,0.1524041352369934,0.1572141388080335,0.16217595016511202,73.06514596705614,77.19447646558302,81.55717911632256
2e-05,0.1524041352369934,0.1572141388080335,0.16217595016511202,81.55717911632256,86.16644311821332,91.03620306747894
2.2e-05,0.1524041352369934,0.1572141388080335,0.16217595016511202,91.03620306747894,96.18118108430411,101.61693132033079
1.7e-05,0.1524041352369934,0.1572141388080335,0.16217595016511202,101.61693132033079,107.35988698152859,113.42741000859688
1.2e-05,0.1524041352369934,0.1572141388080335,0.16217595016511202,113.42741000859688,119.83784356509167,126.61056749195744
1.7e-05,0.1524041352369934,0.1572141388080335,0.16217595016511202,126.61056749195744,133.76605689611287,141.32594405021308
1.1e-05,0.1524041352369934,0.1572141388080335,0.16217595016511202,141.32594405021308,149.31308379072314,157.7516226120118
1e-05,0.1524041352369934,0.1572141388080335,0.16217595016511202,157.7516226120118,166.66707166534817,176.08638388349098
8e-06,0.1524041352369934,0.1572141388080335,0.16217595016511202,176.08638388349098,186.0380354640305,196.55211195782155
9e-06,0.1524041352369934,0.1572141388080335,0.16217595016511202,196.55211195782155,207.66039922276806,219.39647951792662
1.1e-05,0.1524041352369934,0.1572141388080335,0.16217595016511202,219.39647951792662,231.79583302844003,244.8959451282275
1.2e-05,0.1524041352369934,0.1572141388080335,0.16217595016511202,244.8959451282275,258.73641970470345,273.35909888812694
6e-06,0.1524041352369934,0.1572141388080335,0.16217595016511202,273.35909888812694,288.8081895475435,305.13039693573796
9e-06,0.1524041352369934,0.1572141388080335,0.16217595016511202,305.13039693573796,322.37506588723016,340.5943299961796
9e-06,0.1524041352369934,0.1572141388080335,0.16217595016511202,340.5943299961796,359.843269225189,380.18007642148444
7e-06,0.1524041352369934,0.1572141388080335,0.16217595016511202,380.18007642148444,401.66623324388144,424.3666960323934
5e-06,0.1524041352369934,0.1572141388080335,0.16217595016511202,424.3666960323934,448.35009218239543,473.6889276170203
6e-06,0.1524041352369934,0.1572141388080335,0.16217595016511202,473.6889276170203,500.45980598500944,528.7436602466912
1.1e-05,0.1524041352369934,0.1572141388080335,0.16217595016511202,528.7436602466912,558.6259973482117,590.1971567237096
8e-06,0.1524041352369934,0.1572141388080335,0.16217595016511202,590.1971567237096,623.5525834069318,658.7931165779523
4e-06,0.1524041352369934,0.1572141388080335,0.16217595016511202,658.7931165779523,696.0252944173212,735.3616761892738
7e-06,0.1524041352369934,0.1572141388080335,0.16217595016511202,735.3616761892738,776.9211825277038,820.8294549536521
2e-06,0.1524041352369934,0.1572141388080335,0.16217595016511202,820.8294549536521,867.2192357111913,916.2307690700113
3e-06,0.1524041352369934,0.1572141388080335,0.16217595016511202,916.2307690700113,968.0122253079195,1022.7201486550255
2e-06,0.1524041352369934,0.1572141388080335,0.16217595016511202,1022.7201486550255,1080.5199305538154,1141.5863096658716
3e-06,0.1524041352369934,0.1572141388080335,0.16217595016511202,1141.5863096658716,1206.1039001368388,1274.2677497166753
4e-06,0.1524041352369934,0.1572141388080335,0.16217595016511202,1274.2677497166753,1346.2839294224782,1422.370156526539
0.0,0.1524041352369934,0.1572141388080335,0.16217595016511202,1422.370156526539,1502.7564527530292,1587.68583967315
2e-06,0.1524041352369934,0.1572141388080335,0.16217595016511202,1587.68583967315,1677.4150734010555,1772.2154208116622
3e-06,0.1524041352369934,0.1572141388080335,0.16217595016511202,1772.2154208116622,1872.373479626966,1978.1920448501505
2e-06,0.1524041352369934,0.1572141388080335,0.16217595016511202,1978.1920448501505,2089.991024166855,2208.1084050810155
0.0,0.1524041352369934,0.1572141388080335,0.16217595016511202,2208.1084050810155,2332.9012767091076,2464.7469093218283
4e-06,0.1524041352369934,0.1572141388080335,0.16217595016511202,2464.7469093218283,2604.0438948968845,2751.213352130962
2e-06,0.1524041352369934,0.1572141388080335,0.16217595016511202,2751.213352130962,2906.7001995538217,3070.9745005933823
2e-06,0.1524041352369934,0.1572141388080335,0.16217595016511202,3070.9745005933823,3244.5328846581474,3427.9000485331494
2e-06,0.1524041352369934,0.1572141388080335,0.16217595016511202,3427.9000485331494,3621.630342628391,3826.309446875285
4e-06,0.1524041352369934,0.1572141388080335,0.16217595016511202,3826.309446875285,4042.556141337618,4271.024176889881
1e-06,0.1524041352369934,0.1572141388080335,0.16217595016511202,4271.024176889881,4512.404251618383,4767.426098920123
0.000524,0.16217595016511202,0.16729436049051422,0.17257431218029565,0.07999999999999999,0.08452125887808527,0.08929804002920383
0.000526,0.16217595016511202,0.16729436049051422,0.17257431218029565,0.08929804002920383,0.09434478448267444,0.09967674941321612
0.000542,0.16217595016511202,0.16729436049051422,0.17257431218029565,0.09967674941321612,0.10531005426600588,0.11126172948852864
0.000538,0.16217595016511202,0.16729436049051422,0.17257431218029565,0.11126172948852864,0.11754976801654278,0.12419317966981348
0.000531,0.16217595016511202,0.16729436049051422,0.17257431218029565,0.12419317966981348,0.13121204862206076,0.13862759411886386
0.000574,0.16217595016511202,0.16729436049051422,0.17257431218029565,0.13862759411886386,0.14646223462708277,0.15473965560973155
0.000541,0.16217595016511202,0.16729436049051422,0.17257431218029565,0.15473965560973155,0.1634848811311985,0.1727243495092878
0.000547,0.16217595016511202,0.16729436049051422,0.17257431218029565,0.1727243495092878,0.1824859932427924,0.1927993234562322
0.000518,0.16217595016511202,0.16729436049051422,0.17257431218029565,0.1927993234562322,0.20369551911704872,0.21520752129497553
0.000552,0.16217595016511202,0.16729436049051422,0.17257431218029565,0.21520752129497553,0.22737013274854592,0.24022012313980576
0.000497,0.16217595016511202,0.16729436049051422,0.17257431218029565,0.24022012313980576,0.25379634019531294,0.26813982714948303
0.000501,0.16217595016511202,0.16729436049051422,0.17257431218029565,0.26813982714948303,0.28329394682533116,0.2993045127277292
0.000492,0.16217595016511202,0.16729436049051422,0.17257431218029565,0.2993045127277292,0.31621992754549455,0.3340913294810264
0.000512,0.16217595016511202,0.16729436049051422,0.17257431218029565,0.3340913294810264,0.3529727468498688,0.37292126141758264
0.000507,0.16217595016511202,0.16729436049051422,0.17257431218029565,0.37292126141758264,0.3939971809677202,0.41626422162260607
0.000489,0.16217595016511202,0.16729436049051422,0.17257431218029565,0.41626422162260607,0.4397897004681118,0.46464473906476067
0.000529,0.16217595016511202,0.16729436049051422,0.17257431218029565,0.46464473906476067,0.4909044784604127,0.5186483063545496
0.000497,0.16217595016511202,0.16729436049051422,0.17257431218029565,0.5186483063545496,0.547960097100917,0.5789284652740918
0.000513,0.16217595016511202,0.16729436049051422,0.17257431218029565,0.5789284652740918,0.6116470335665513,0.6462147158261423
0.000506,0.16217595016511202,0.16729436049051422,0.17257431218029565,0.6462147158261423,0.6827360160896209,0.7213213445162929
0.00048,0.16217595016511202,0.16729436049051422,0.17257431218029565,0.7213213445162929,0.7620873511768764,0.805157278706688
0.000477,0.16217595016511202,0.16729436049051422,0.17257431218029565,0.805157278706688,0.8506613348892827,0.8987370862969332
0.000462,0.16217595016511202,0.16729436049051422,0.17257431218029565,0.8987370862969332,0.9495298741779894,1.0031932538484196
0.000448,0.16217595016511202,0.16729436049051422,0.17257431218029565,1.0031932538484196,1.0598894589158872,1.1197898917397926
0.000474,0.16217595016511202,0.16729436049051422,0.17257431218029565,1.1197898917397926,1.183075641610026,1.249938032210973
0.000464,0.16217595016511202,0.16729436049051422,0.17257431218029565,1.249938032210973,1.3205792000258516,1.3952127054299968
0.000471,0.16217595016511202,0.16729436049051422,0.17257431218029565,1.3952127054299968,1.4740641783205308,1.5573720002342704
0.000515,0.16217595016511202,0.16729436049051422,0.17257431218029565,1.5573720002342704,1.6453880250160273,1.7383783402160131
0.00047,0.16217595016511202,0.16729436049051422,0.17257431218029565,1.7383783402160131,1.8366240715181728,1.9404222326313807
0.000704,0.16217595016511202,0.16729436049051422,0.17257431218029565,1.9404222326313807,2.050086623212864,2.1659487775384263
0.000976,0.16217595016511202,0.16729436049051422,0.17257431218029565,2.1659487775384263,2.2883589667874706,2.417687257972894
0.000894,0.16217595016511202,0.16729436049051422,0.17257431218029565,2.417687257972894,2.5543246327171887,2.6986841692569943
0.000886,0.16217595016511202,0.16729436049051422,0.17257431218029565,2.6986841692569943,2.851202291249511,3.0123400871561223
0.000901,0.16217595016511202,0.16729436049051422,0.17257431218029565,3.0123400871561223,3.1825847041919566,3.3624508210555346
0.000867,0.16217595016511202,0.16729436049051422,0.17257431218029565,3.3624508210555346,3.552482203890815,3.7532533501855805
0.000912,0.16217595016511202,0.16729436049051422,0.17257431218029565,3.7532533501855805,3.9653712255759532,4.189477098807692
0.000848,0.16217595016511202,0.16729436049051422,0.17257431218029565,4.189477098807692,4.42624848040168,4.676401170884524
0.000839,0.16217595016511202,0.16729436049051422,0.17257431218029565,4.676401170884524,4.940691424776398,5.219918236878273
0.00083,0.16217595016511202,0.16729436049051422,0.17257431218029565,5.219918236878273,5.514925757770336,5.82660584582409
0.000802,0.16217595016511202,0.16729436049051422,0.17257431218029565,5.82660584582409,6.155900763443285,6.5038060256849075
0.000806,0.16217595016511202,0.16729436049051422,0.17257431218029565,6.5038060256849075,6.871373409872062,7.25971413529735
0.000831,0.16217595016511202,0.16729436049051422,0.17257431218029565,7.25971413529735,7.670002222629526,8.103478043179491
0.000711,0.16217595016511202,0.16729436049051422,0.17257431218029565,8.103478043179491,8.561452068755672,9.045308833445212
0.00075,0.16217595016511202,0.16729436049051422,0.17257431218029565,9.045308833445212,9.556511119298175,10.096604378568765
0.000671,0.16217595016511202,0.16729436049051422,0.17257431218029565,10.096604378568765,10.66722140588275,11.27008727445586
0.000242,0.16217595016511202,0.16729436049051422,0.17257431218029565,11.27008727445586,11.907024551286224,12.579958807087245
0.000141,0.16217595016511202,0.16729436049051422,0.17257431218029565,12.579958807087245,13.290924437618376,14.042070814012659
0.000145,0.16217595016511202,0.16729436049051422,0.17257431218029565,14.042070814012659,14.835668780694615,15.67411752053271
0.000141,0.16217595016511202,0.16729436049051422,0.17257431218029565,15.67411752053271,16.55995180798096,17.49584967213718
0.000111,0.16217595016511202,0.16729436049051422,0.17257431218029565,17.49584967213718,18.484640492884626,19.529313554592992
0.000123,0.16217595016511202,0.16729436049051422,0.17257431218029565,19.529313554592992,20.63302708323817,21.799117794261466
9.9e-05,0.16217595016511202,0.16729436049051422,0.17257431218029565,21.799117794261466,23.03111098003311,24.332731167416135
8.1e-05,0.16217595016511202,0.16729436049051422,0.17257431218029565,24.332731167416135,25.707913377650407,27.160815022597262
7.8e-05,0.16217595016511202,0.16729436049051422,0.17257431218029565,27.160815022597262,28.695828473309135,30.317594338921154
7.1e-05,0.16217595016511202,0.16729436049051422,0.17257431218029565,30.317594338921154,32.03101549600908,33.84127191082679
6.6e-05,0.16217595016511202,0.16729436049051422,0.17257431218029565,33.84127191082679,35.75383629923332,37.77449067165226
5.4e-05,0.16217595016511202,0.16729436049051422,0.17257431218029565,37.77449067165226,39.909343813081726,42.1648497509999
5.7e-05,0.16217595016511202,0.16729436049051422,0.17257431218029565,42.1648497509999,44.547827266997885,47.06548051112691
5.4e-05,0.16217595016511202,0.16729436049051422,0.17257431218029565,47.06548051112691,49.72542078128044,52.535689533454075
4.3e-05,0.16217595016511202,0.16729436049051422,0.17257431218029565,52.535689533454075,55.504782692447314,58.641676336502556
4.4e-05,0.16217595016511202,0.16729436049051422,0.17257431218029565,58.641676336502556,61.955853833530256,65.45733451095779
4e-05,0.16217595016511202,0.16729436049051422,0.17257431218029565,65.45733451095779,69.15670394587609,73.06514596705614
1.6e-05,0.16217595016511202,0.16729436049051422,0.17257431218029565,73.06514596705614,77.19447646558302,81.55717911632256
2.3e-05,0.16217595016511202,0.16729436049051422,0.17257431218029565,81.55717911632256,86.16644311821332,91.03620306747894
2.4e-05,0.16217595016511202,0.16729436049051422,0.17257431218029565,91.03620306747894,96.18118108430411,101.61693132033079
1.6e-05,0.16217595016511202,0.16729436049051422,0.17257431218029565,101.61693132033079,107.35988698152859,113.42741000859688
1.7e-05,0.16217595016511202,0.16729436049051422,0.17257431218029565,113.42741000859688,119.83784356509167,126.61056749195744
1.5e-05,0.16217595016511202,0.16729436049051422,0.17257431218029565,126.61056749195744,133.76605689611287,141.32594405021308
1.5e-05,0.16217595016511202,0.16729436049051422,0.17257431218029565,141.32594405021308,149.31308379072314,157.7516226120118
1.2e-05,0.16217595016511202,0.16729436049051422,0.17257431218029565,157.7516226120118,166.66707166534817,176.08638388349098
1.3e-05,0.16217595016511202,0.16729436049051422,0.17257431218029565,176.08638388349098,186.0380354640305,196.55211195782155
1.5e-05,0.16217595016511202,0.16729436049051422,0.17257431218029565,196.55211195782155,207.66039922276806,219.39647951792662
9e-06,0.16217595016511202,0.16729436049051422,0.17257431218029565,219.39647951792662,231.79583302844003,244.8959451282275
9e-06,0.16217595016511202,0.16729436049051422,0.17257431218029565,244.8959451282275,258.73641970470345,273.35909888812694
1.5e-05,0.16217595016511202,0.16729436049051422,0.17257431218029565,273.35909888812694,288.8081895475435,305.13039693573796
8e-06,0.16217595016511202,0.16729436049051422,0.17257431218029565,305.13039693573796,322.37506588723016,340.5943299961796
1.5e-05,0.16217595016511202,0.16729436049051422,0.17257431218029565,340.5943299961796,359.843269225189,380.18007642148444
6e-06,0.16217595016511202,0.16729436049051422,0.17257431218029565,380.18007642148444,401.66623324388144,424.3666960323934
6e-06,0.16217595016511202,0.16729436049051422,0.17257431218029565,424.3666960323934,448.35009218239543,473.6889276170203
9e-06,0.16217595016511202,0.16729436049051422,0.17257431218029565,473.6889276170203,500.45980598500944,528.7436602466912
5e-06,0.16217595016511202,0.16729436049051422,0.17257431218029565,528.7436602466912,558.6259973482117,590.1971567237096
2e-06,0.16217595016511202,0.16729436049051422,0.17257431218029565,590.1971567237096,623.5525834069318,658.7931165779523
8e-06,0.16217595016511202,0.16729436049051422,0.17257431218029565,658.7931165779523,696.0252944173212,735.3616761892738
6e-06,0.16217595016511202,0.16729436049051422,0.17257431218029565,735.3616761892738,776.9211825277038,820.8294549536521
5e-06,0.16217595016511202,0.16729436049051422,0.17257431218029565,820.8294549536521,867.2192357111913,916.2307690700113
4e-06,0.16217595016511202,0.16729436049051422,0.17257431218029565,916.2307690700113,968.0122253079195,1022.7201486550255
0.0,0.16217595016511202,0.16729436049051422,0.17257431218029565,1022.7201486550255,1080.5199305538154,1141.5863096658716
4e-06,0.16217595016511202,0.16729436049051422,0.17257431218029565,1141.5863096658716,1206.1039001368388,1274.2677497166753
5e-06,0.16217595016511202,0.16729436049051422,0.17257431218029565,1274.2677497166753,1346.2839294224782,1422.370156526539
1e-06,0.16217595016511202,0.16729436049051422,0.17257431218029565,1422.370156526539,1502.7564527530292,1587.68583967315
2e-06,0.16217595016511202,0.16729436049051422,0.17257431218029565,1587.68583967315,1677.4150734010555,1772.2154208116622
2e-06,0.16217595016511202,0.16729436049051422,0.17257431218029565,1772.2154208116622,1872.373479626966,1978.1920448501505
2e-06,0.16217595016511202,0.16729436049051422,0.17257431218029565,1978.1920448501505,2089.991024166855,2208.1084050810155
2e-06,0.16217595016511202,0.16729436049051422,0.17257431218029565,2208.1084050810155,2332.9012767091076,2464.7469093218283
4e-06,0.16217595016511202,0.16729436049051422,0.17257431218029565,2464.7469093218283,2604.0438948968845,2751.213352130962
1e-06,0.16217595016511202,0.16729436049051422,0.17257431218029565,2751.213352130962,2906.7001995538217,3070.9745005933823
2e-06,0.16217595016511202,0.16729436049051422,0.17257431218029565,3070.9745005933823,3244.5328846581474,3427.9000485331494
2e-06,0.16217595016511202,0.16729436049051422,0.17257431218029565,3427.9000485331494,3621.630342628391,3826.309446875285
2e-06,0.16217595016511202,0.16729436049051422,0.17257431218029565,3826.309446875285,4042.556141337618,4271.024176889881
1e-06,0.16217595016511202,0.16729436049051422,0.17257431218029565,4271.024176889881,4512.404251618383,4767.426098920123
0.000555,0.17257431218029565,0.17802090361671702,0.18363939409130062,0.07999999999999999,0.08452125887808527,0.08929804002920383
0.000578,0.17257431218029565,0.17802090361671702,0.18363939409130062,0.08929804002920383,0.09434478448267444,0.09967674941321612
0.000571,0.17257431218029565,0.17802090361671702,0.18363939409130062,0.09967674941321612,0.10531005426600588,0.11126172948852864
0.000563,0.17257431218029565,0.17802090361671702,0.18363939409130062,0.11126172948852864,0.11754976801654278,0.12419317966981348
0.000545,0.17257431218029565,0.17802090361671702,0.18363939409130062,0.12419317966981348,0.13121204862206076,0.13862759411886386
0.00054,0.17257431218029565,0.17802090361671702,0.18363939409130062,0.13862759411886386,0.14646223462708277,0.15473965560973155
0.000542,0.17257431218029565,0.17802090361671702,0.18363939409130062,0.15473965560973155,0.1634848811311985,0.1727243495092878
0.00051,0.17257431218029565,0.17802090361671702,0.18363939409130062,0.1727243495092878,0.1824859932427924,0.1927993234562322
0.000496,0.17257431218029565,0.17802090361671702,0.18363939409130062,0.1927993234562322,0.20369551911704872,0.21520752129497553
0.000526,0.17257431218029565,0.17802090361671702,0.18363939409130062,0.21520752129497553,0.22737013274854592,0.24022012313980576
0.000581,0.17257431218029565,0.17802090361671702,0.18363939409130062,0.24022012313980576,0.25379634019531294,0.26813982714948303
0.000495,0.17257431218029565,0.17802090361671702,0.18363939409130062,0.26813982714948303,0.28329394682533116,0.2993045127277292
0.000579,0.17257431218029565,0.17802090361671702,0.18363939409130062,0.2993045127277292,0.31621992754549455,0.3340913294810264
0.000498,0.17257431218029565,0.17802090361671702,0.18363939409130062,0.3340913294810264,0.3529727468498688,0.37292126141758264
0.000506,0.17257431218029565,0.17802090361671702,0.18363939409130062,0.37292126141758264,0.3939971809677202,0.41626422162260607
0.00048,0.17257431218029565,0.17802090361671702,0.18363939409130062,0.41626422162260607,0.4397897004681118,0.46464473906476067
0.000492,0.17257431218029565,0.17802090361671702,0.18363939409130062,0.46464473906476067,0.4909044784604127,0.5186483063545496
0.000546,0.17257431218029565,0.17802090361671702,0.18363939409130062,0.5186483063545496,0.547960097100917,0.5789284652740918
0.000504,0.17257431218029565,0.17802090361671702,0.18363939409130062,0.5789284652740918,0.6116470335665513,0.6462147158261423
0.00054,0.17257431218029565,0.17802090361671702,0.18363939409130062,0.6462147158261423,0.6827360160896209,0.7213213445162929
0.000483,0.17257431218029565,0.17802090361671702,0.18363939409130062,0.7213213445162929,0.7620873511768764,0.805157278706688
0.000517,0.17257431218029565,0.17802090361671702,0.18363939409130062,0.805157278706688,0.8506613348892827,0.8987370862969332
0.000476,0.17257431218029565,0.17802090361671702,0.18363939409130062,0.8987370862969332,0.9495298741779894,1.0031932538484196
0.000472,0.17257431218029565,0.17802090361671702,0.18363939409130062,1.0031932538484196,1.0598894589158872,1.1197898917397926
0.000484,0.17257431218029565,0.17802090361671702,0.18363939409130062,1.1197898917397926,1.183075641610026,1.249938032210973
0.000471,0.17257431218029565,0.17802090361671702,0.18363939409130062,1.249938032210973,1.3205792000258516,1.3952127054299968
0.000436,0.17257431218029565,0.17802090361671702,0.18363939409130062,1.3952127054299968,1.4740641783205308,1.5573720002342704
0.000453,0.17257431218029565,0.17802090361671702,0.18363939409130062,1.5573720002342704,1.6453880250160273,1.7383783402160131
0.000489,0.17257431218029565,0.17802090361671702,0.18363939409130062,1.7383783402160131,1.8366240715181728,1.9404222326313807
0.000777,0.17257431218029565,0.17802090361671702,0.18363939409130062,1.9404222326313807,2.050086623212864,2.1659487775384263
0.001016,0.17257431218029565,0.17802090361671702,0.18363939409130062,2.1659487775384263,2.2883589667874706,2.417687257972894
0.000942,0.17257431218029565,0.17802090361671702,0.18363939409130062,2.417687257972894,2.5543246327171887,2.6986841692569943
0.000918,0.17257431218029565,0.17802090361671702,0.18363939409130062,2.6986841692569943,2.851202291249511,3.0123400871561223
0.000947,0.17257431218029565,0.17802090361671702,0.18363939409130062,3.0123400871561223,3.1825847041919566,3.3624508210555346
0.000865,0.17257431218029565,0.17802090361671702,0.18363939409130062,3.3624508210555346,3.552482203890815,3.7532533501855805
0.000884,0.17257431218029565,0.17802090361671702,0.18363939409130062,3.7532533501855805,3.9653712255759532,4.189477098807692
0.000898,0.17257431218029565,0.17802090361671702,0.18363939409130062,4.189477098807692,4.42624848040168,4.676401170884524
0.000862,0.17257431218029565,0.17802090361671702,0.18363939409130062,4.676401170884524,4.940691424776398,5.219918236878273
0.000811,0.17257431218029565,0.17802090361671702,0.18363939409130062,5.219918236878273,5.514925757770336,5.82660584582409
0.000806,0.17257431218029565,0.17802090361671702,0.18363939409130062,5.82660584582409,6.155900763443285,6.5038060256849075
0.000844,0.17257431218029565,0.17802090361671702,0.18363939409130062,6.5038060256849075,6.871373409872062,7.25971413529735
0.000809,0.17257431218029565,0.17802090361671702,0.18363939409130062,7.25971413529735,7.670002222629526,8.103478043179491
0.000751,0.17257431218029565,0.17802090361671702,0.18363939409130062,8.103478043179491,8.561452068755672,9.045308833445212
0.00076,0.17257431218029565,0.17802090361671702,0.18363939409130062,9.045308833445212,9.556511119298175,10.096604378568765
0.000772,0.17257431218029565,0.17802090361671702,0.18363939409130062,10.096604378568765,10.66722140588275,11.27008727445586
0.000278,0.17257431218029565,0.17802090361671702,0.18363939409130062,11.27008727445586,11.907024551286224,12.579958807087245
0.00015,0.17257431218029565,0.17802090361671702,0.18363939409130062,12.579958807087245,13.290924437618376,14.042070814012659
0.000132,0.17257431218029565,0.17802090361671702,0.18363939409130062,14.042070814012659,14.835668780694615,15.67411752053271
0.000142,0.17257431218029565,0.17802090361671702,0.18363939409130062,15.67411752053271,16.55995180798096,17.49584967213718
0.000118,0.17257431218029565,0.17802090361671702,0.18363939409130062,17.49584967213718,18.484640492884626,19.529313554592992
0.000108,0.17257431218029565,0.17802090361671702,0.18363939409130062,19.529313554592992,20.63302708323817,21.799117794261466
9e-05,0.17257431218029565,0.17802090361671702,0.18363939409130062,21.799117794261466,23.03111098003311,24.332731167416135
0.0001,0.17257431218029565,0.17802090361671702,0.18363939409130062,24.332731167416135,25.707913377650407,27.160815022597262
9.2e-05,0.17257431218029565,0.17802090361671702,0.18363939409130062,27.160815022597262,28.695828473309135,30.317594338921154
7.5e-05,0.17257431218029565,0.17802090361671702,0.18363939409130062,30.317594338921154,32.03101549600908,33.84127191082679
7.1e-05,0.17257431218029565,0.17802090361671702,0.18363939409130062,33.84127191082679,35.75383629923332,37.77449067165226
6.8e-05,0.17257431218029565,0.17802090361671702,0.18363939409130062,37.77449067165226,39.909343813081726,42.1648497509999
4.8e-05,0.17257431218029565,0.17802090361671702,0.18363939409130062,42.1648497509999,44.547827266997885,47.06548051112691
5.3e-05,0.17257431218029565,0.17802090361671702,0.18363939409130062,47.06548051112691,49.72542078128044,52.535689533454075
4.1e-05,0.17257431218029565,0.17802090361671702,0.18363939409130062,52.535689533454075,55.504782692447314,58.641676336502556
6.3e-05,0.17257431218029565,0.17802090361671702,0.18363939409130062,58.641676336502556,61.955853833530256,65.45733451095779
4.1e-05,0.17257431218029565,0.17802090361671702,0.18363939409130062,65.45733451095779,69.15670394587609,73.06514596705614
2e-05,0.17257431218029565,0.17802090361671702,0.18363939409130062,73.06514596705614,77.19447646558302,81.55717911632256
8e-06,0.17257431218029565,0.17802090361671702,0.18363939409130062,81.55717911632256,86.16644311821332,91.03620306747894
2e-05,0.17257431218029565,0.17802090361671702,0.18363939409130062,91.03620306747894,96.18118108430411,101.61693132033079
1.3e-05,0.17257431218029565,0.17802090361671702,0.18363939409130062,101.61693132033079,107.35988698152859,113.42741000859688
2.4e-05,0.17257431218029565,0.17802090361671702,0.18363939409130062,113.42741000859688,119.83784356509167,126.61056749195744
1.1e-05,0.17257431218029565,0.17802090361671702,0.18363939409130062,126.61056749195744,133.76605689611287,141.32594405021308
1.8e-05,0.17257431218029565,0.17802090361671702,0.18363939409130062,141.32594405021308,149.31308379072314,157.7516226120118
1.3e-05,0.17257431218029565,0.17802090361671702,0.18363939409130062,157.7516226120118,166.66707166534817,176.08638388349098
8e-06,0.17257431218029565,0.17802090361671702,0.18363939409130062,176.08638388349098,186.0380354640305,196.55211195782155
5e-06,0.17257431218029565,0.17802090361671702,0.18363939409130062,196.55211195782155,207.66039922276806,219.39647951792662
9e-06,0.17257431218029565,0.17802090361671702,0.18363939409130062,219.39647951792662,231.79583302844003,244.8959451282275
5e-06,0.17257431218029565,0.17802090361671702,0.18363939409130062,244.8959451282275,258.73641970470345,273.35909888812694
7e-06,0.17257431218029565,0.17802090361671702,0.18363939409130062,273.35909888812694,288.8081895475435,305.13039693573796
4e-06,0.17257431218029565,0.17802090361671702,0.18363939409130062,305.13039693573796,322.37506588723016,340.5943299961796
1.1e-05,0.17257431218029565,0.17802090361671702,0.18363939409130062,340.5943299961796,359.843269225189,380.18007642148444
6e-06,0.17257431218029565,0.17802090361671702,0.18363939409130062,380.18007642148444,401.66623324388144,424.3666960323934
8e-06,0.17257431218029565,0.17802090361671702,0.18363939409130062,424.3666960323934,448.35009218239543,473.6889276170203
8e-06,0.17257431218029565,0.17802090361671702,0.18363939409130062,473.6889276170203,500.45980598500944,528.7436602466912
7e-06,0.17257431218029565,0.17802090361671702,0.18363939409130062,528.7436602466912,558.6259973482117,590.1971567237096
6e-06,0.17257431218029565,0.17802090361671702,0.18363939409130062,590.1971567237096,623.5525834069318,658.7931165779523
6e-06,0.17257431218029565,0.17802090361671702,0.18363939409130062,658.7931165779523,696.0252944173212,735.3616761892738
5e-06,0.17257431218029565,0.17802090361671702,0.18363939409130062,735.3616761892738,776.9211825277038,820.8294549536521
3e-06,0.17257431218029565,0.17802090361671702,0.18363939409130062,820.8294549536521,867.2192357111913,916.2307690700113
1e-06,0.17257431218029565,0.17802090361671702,0.18363939409130062,916.2307690700113,968.0122253079195,1022.7201486550255
1e-06,0.17257431218029565,0.17802090361671702,0.18363939409130062,1022.7201486550255,1080.5199305538154,1141.5863096658716
1e-06,0.17257431218029565,0.17802090361671702,0.18363939409130062,1141.5863096658716,1206.1039001368388,1274.2677497166753
4e-06,0.17257431218029565,0.17802090361671702,0.18363939409130062,1274.2677497166753,1346.2839294224782,1422.370156526539
7e-06,0.17257431218029565,0.17802090361671702,0.18363939409130062,1422.370156526539,1502.7564527530292,1587.68583967315
2e-06,0.17257431218029565,0.17802090361671702,0.18363939409130062,1587.68583967315,1677.4150734010555,1772.2154208116622
1e-06,0.17257431218029565,0.17802090361671702,0.18363939409130062,1772.2154208116622,1872.373479626966,1978.1920448501505
3e-06,0.17257431218029565,0.17802090361671702,0.18363939409130062,1978.1920448501505,2089.991024166855,2208.1084050810155
2e-06,0.17257431218029565,0.17802090361671702,0.18363939409130062,2208.1084050810155,2332.9012767091076,2464.7469093218283
4e-06,0.17257431218029565,0.17802090361671702,0.18363939409130062,2464.7469093218283,2604.0438948968845,2751.213352130962
2e-06,0.17257431218029565,0.17802090361671702,0.18363939409130062,2751.213352130962,2906.7001995538217,3070.9745005933823
2e-06,0.17257431218029565,0.17802090361671702,0.18363939409130062,3070.9745005933823,3244.5328846581474,3427.9000485331494
1e-06,0.17257431218029565,0.17802090361671702,0.18363939409130062,3427.9000485331494,3621.630342628391,3826.309446875285
5e-06,0.17257431218029565,0.17802090361671702,0.18363939409130062,3826.309446875285,4042.556141337618,4271.024176889881
3e-06,0.17257431218029565,0.17802090361671702,0.18363939409130062,4271.024176889881,4512.404251618383,4767.426098920123
0.000557,0.18363939409130062,0.18943520888326296,0.19541394449822716,0.07999999999999999,0.08452125887808527,0.08929804002920383
0.000577,0.18363939409130062,0.18943520888326296,0.19541394449822716,0.08929804002920383,0.09434478448267444,0.09967674941321612
0.000517,0.18363939409130062,0.18943520888326296,0.19541394449822716,0.09967674941321612,0.10531005426600588,0.11126172948852864
0.000577,0.18363939409130062,0.18943520888326296,0.19541394449822716,0.11126172948852864,0.11754976801654278,0.12419317966981348
0.00057,0.18363939409130062,0.18943520888326296,0.19541394449822716,0.12419317966981348,0.13121204862206076,0.13862759411886386
0.000571,0.18363939409130062,0.18943520888326296,0.19541394449822716,0.13862759411886386,0.14646223462708277,0.15473965560973155
0.000553,0.18363939409130062,0.18943520888326296,0.19541394449822716,0.15473965560973155,0.1634848811311985,0.1727243495092878
0.000527,0.18363939409130062,0.18943520888326296,0.19541394449822716,0.1727243495092878,0.1824859932427924,0.1927993234562322
0.00055,0.18363939409130062,0.18943520888326296,0.19541394449822716,0.1927993234562322,0.20369551911704872,0.21520752129497553
0.000532,0.18363939409130062,0.18943520888326296,0.19541394449822716,0.21520752129497553,0.22737013274854592,0.24022012313980576
0.000502,0.18363939409130062,0.18943520888326296,0.19541394449822716,0.24022012313980576,0.25379634019531294,0.26813982714948303
0.000516,0.18363939409130062,0.18943520888326296,0.19541394449822716,0.26813982714948303,0.28329394682533116,0.2993045127277292
0.000528,0.18363939409130062,0.18943520888326296,0.19541394449822716,0.2993045127277292,0.31621992754549455,0.3340913294810264
0.000497,0.18363939409130062,0.18943520888326296,0.19541394449822716,0.3340913294810264,0.3529727468498688,0.37292126141758264
0.000517,0.18363939409130062,0.18943520888326296,0.19541394449822716,0.37292126141758264,0.3939971809677202,0.41626422162260607
0.000497,0.18363939409130062,0.18943520888326296,0.19541394449822716,0.41626422162260607,0.4397897004681118,0.46464473906476067
0.000501,0.18363939409130062,0.18943520888326296,0.19541394449822716,0.46464473906476067,0.4909044784604127,0.5186483063545496
0.000502,0.18363939409130062,0.18943520888326296,0.19541394449822716,0.5186483063545496,0.547960097100917,0.5789284652740918
0.000497,0.18363939409130062,0.18943520888326296,0.19541394449822716,0.5789284652740918,0.6116470335665513,0.6462147158261423
0.000519,0.18363939409130062,0.18943520888326296,0.19541394449822716,0.6462147158261423,0.6827360160896209,0.7213213445162929
0.000527,0.18363939409130062,0.18943520888326296,0.19541394449822716,0.7213213445162929,0.7620873511768764,0.805157278706688
0.00046,0.18363939409130062,0.18943520888326296,0.19541394449822716,0.805157278706688,0.8506613348892827,0.8987370862969332
0.000475,0.18363939409130062,0.18943520888326296,0.19541394449822716,0.8987370862969332,0.9495298741779894,1.0031932538484196
0.000502,0.18363939409130062,0.18943520888326296,0.19541394449822716,1.0031932538484196,1.0598894589158872,1.1197898917397926
0.000497,0.18363939409130062,0.18943520888326296,0.19541394449822716,1.1197898917397926,1.183075641610026,1.249938032210973
0.000453,0.18363939409130062,0.18943520888326296,0.19541394449822716,1.249938032210973,1.3205792000258516,1.3952127054299968
0.000452,0.18363939409130062,0.18943520888326296,0.19541394449822716,1.3952127054299968,1.4740641783205308,1.5573720002342704
0.000498,0.18363939409130062,0.18943520888326296,0.19541394449822716,1.5573720002342704,1.6453880250160273,1.7383783402160131
0.00048,0.18363939409130062,0.18943520888326296,0.19541394449822716,1.7383783402160131,1.8366240715181728,1.9404222326313807
0.000754,0.18363939409130062,0.18943520888326296,0.19541394449822716,1.9404222326313807,2.050086623212864,2.1659487775384263
0.000991,0.18363939409130062,0.18943520888326296,0.19541394449822716,2.1659487775384263,2.2883589667874706,2.417687257972894
0.000969,0.18363939409130062,0.18943520888326296,0.19541394449822716,2.417687257972894,2.5543246327171887,2.6986841692569943
0.000912,0.18363939409130062,0.18943520888326296,0.19541394449822716,2.6986841692569943,2.851202291249511,3.0123400871561223
0.000936,0.18363939409130062,0.18943520888326296,0.19541394449822716,3.0123400871561223,3.1825847041919566,3.3624508210555346
0.000924,0.18363939409130062,0.18943520888326296,0.19541394449822716,3.3624508210555346,3.552482203890815,3.7532533501855805
0.00089,0.18363939409130062,0.18943520888326296,0.19541394449822716,3.7532533501855805,3.9653712255759532,4.189477098807692
0.000888,0.18363939409130062,0.18943520888326296,0.19541394449822716,4.189477098807692,4.42624848040168,4.676401170884524
0.000924,0.18363939409130062,0.18943520888326296,0.19541394449822716,4.676401170884524,4.940691424776398,5.219918236878273
0.000887,0.18363939409130062,0.18943520888326296,0.19541394449822716,5.219918236878273,5.514925757770336,5.82660584582409
0.000825,0.18363939409130062,0.18943520888326296,0.19541394449822716,5.82660584582409,6.155900763443285,6.5038060256849075
0.000829,0.18363939409130062,0.18943520888326296,0.19541394449822716,6.5038060256849075,6.871373409872062,7.25971413529735
0.000832,0.18363939409130062,0.18943520888326296,0.19541394449822716,7.25971413529735,7.670002222629526,8.103478043179491
0.000767,0.18363939409130062,0.18943520888326296,0.19541394449822716,8.103478043179491,8.561452068755672,9.045308833445212
0.000767,0.18363939409130062,0.18943520888326296,0.19541394449822716,9.045308833445212,9.556511119298175,10.096604378568765
0.000754,0.18363939409130062,0.18943520888326296,0.19541394449822716,10.096604378568765,10.66722140588275,11.27008727445586
0.000269,0.18363939409130062,0.18943520888326296,0.19541394449822716,11.27008727445586,11.907024551286224,12.579958807087245
0.000179,0.18363939409130062,0.18943520888326296,0.19541394449822716,12.579958807087245,13.290924437618376,14.042070814012659
0.000162,0.18363939409130062,0.18943520888326296,0.19541394449822716,14.042070814012659,14.835668780694615,15.67411752053271
0.000127,0.18363939409130062,0.18943520888326296,0.19541394449822716,15.67411752053271,16.55995180798096,17.49584967213718
0.000132,0.18363939409130062,0.18943520888326296,0.19541394449822716,17.49584967213718,18.484640492884626,19.529313554592992
0.000117,0.18363939409130062,0.18943520888326296,0.19541394449822716,19.529313554592992,20.63302708323817,21.799117794261466
0.000123,0.18363939409130062,0.18943520888326296,0.19541394449822716,21.799117794261466,23.03111098003311,24.332731167416135
0.000118,0.18363939409130062,0.18943520888326296,0.19541394449822716,24.332731167416135,25.707913377650407,27.160815022597262
9.7e-05,0.18363939409130062,0.18943520888326296,0.19541394449822716,27.160815022597262,28.695828473309135,30.317594338921154
7.6e-05,0.18363939409130062,0.18943520888326296,0.19541394449822716,30.317594338921154,32.03101549600908,33.84127191082679
7.4e-05,0.18363939409130062,0.18943520888326296,0.19541394449822716,33.84127191082679,35.75383629923332,37.77449067165226
7e-05,0.18363939409130062,0.18943520888326296,0.19541394449822716,37.77449067165226,39.909343813081726,42.1648497509999
6.5e-05,0.18363939409130062,0.18943520888326296,0.19541394449822716,42.1648497509999,44.547827266997885,47.06548051112691
5.8e-05,0.18363939409130062,0.18943520888326296,0.19541394449822716,47.06548051112691,49.72542078128044,52.535689533454075
5.7e-05,0.18363939409130062,0.18943520888326296,0.19541394449822716,52.535689533454075,55.504782692447314,58.641676336502556
4.8e-05,0.18363939409130062,0.18943520888326296,0.19541394449822716,58.641676336502556,61.955853833530256,65.45733451095779
4.4e-05,0.18363939409130062,0.18943520888326296,0.19541394449822716,65.45733451095779,69.15670394587609,73.06514596705614
2.4e-05,0.18363939409130062,0.18943520888326296,0.19541394449822716,73.06514596705614,77.19447646558302,81.55717911632256
3.1e-05,0.18363939409130062,0.18943520888326296,0.19541394449822716,81.55717911632256,86.16644311821332,91.03620306747894
1.8e-05,0.18363939409130062,0.18943520888326296,0.19541394449822716,91.03620306747894,96.18118108430411,101.61693132033079
1.1e-05,0.18363939409130062,0.18943520888326296,0.19541394449822716,101.61693132033079,107.35988698152859,113.42741000859688
1.9e-05,0.18363939409130062,0.18943520888326296,0.19541394449822716,113.42741000859688,119.83784356509167,126.61056749195744
1.6e-05,0.18363939409130062,0.18943520888326296,0.19541394449822716,126.61056749195744,133.76605689611287,141.32594405021308
2.1e-05,0.18363939409130062,0.18943520888326296,0.19541394449822716,141.32594405021308,149.31308379072314,157.7516226120118
1.6e-05,0.18363939409130062,0.18943520888326296,0.19541394449822716,157.7516226120118,166.66707166534817,176.08638388349098
9e-06,0.18363939409130062,0.18943520888326296,0.19541394449822716,176.08638388349098,186.0380354640305,196.55211195782155
8e-06,0.18363939409130062,0.18943520888326296,0.19541394449822716,196.55211195782155,207.66039922276806,219.39647951792662
7e-06,0.18363939409130062,0.18943520888326296,0.19541394449822716,219.39647951792662,231.79583302844003,244.8959451282275
1.3e-05,0.18363939409130062,0.18943520888326296,0.19541394449822716,244.8959451282275,258.73641970470345,273.35909888812694
7e-06,0.18363939409130062,0.18943520888326296,0.19541394449822716,273.35909888812694,288.8081895475435,305.13039693573796
1.1e-05,0.18363939409130062,0.18943520888326296,0.19541394449822716,305.13039693573796,322.37506588723016,340.5943299961796
1.1e-05,0.18363939409130062,0.18943520888326296,0.19541394449822716,340.5943299961796,359.843269225189,380.18007642148444
9e-06,0.18363939409130062,0.18943520888326296,0.19541394449822716,380.18007642148444,401.66623324388144,424.3666960323934
8e-06,0.18363939409130062,0.18943520888326296,0.19541394449822716,424.3666960323934,448.35009218239543,473.6889276170203
3e-06,0.18363939409130062,0.18943520888326296,0.19541394449822716,473.6889276170203,500.45980598500944,528.7436602466912
3e-06,0.18363939409130062,0.18943520888326296,0.19541394449822716,528.7436602466912,558.6259973482117,590.1971567237096
5e-06,0.18363939409130062,0.18943520888326296,0.19541394449822716,590.1971567237096,623.5525834069318,658.7931165779523
7e-06,0.18363939409130062,0.18943520888326296,0.19541394449822716,658.7931165779523,696.0252944173212,735.3616761892738
8e-06,0.18363939409130062,0.18943520888326296,0.19541394449822716,735.3616761892738,776.9211825277038,820.8294549536521
6e-06,0.18363939409130062,0.18943520888326296,0.19541394449822716,820.8294549536521,867.2192357111913,916.2307690700113
1e-06,0.18363939409130062,0.18943520888326296,0.19541394449822716,916.2307690700113,968.0122253079195,1022.7201486550255
7e-06,0.18363939409130062,0.18943520888326296,0.19541394449822716,1022.7201486550255,1080.5199305538154,1141.5863096658716
1e-06,0.18363939409130062,0.18943520888326296,0.19541394449822716,1141.5863096658716,1206.1039001368388,1274.2677497166753
2e-06,0.18363939409130062,0.18943520888326296,0.19541394449822716,1274.2677497166753,1346.2839294224782,1422.370156526539
4e-06,0.18363939409130062,0.18943520888326296,0.19541394449822716,1422.370156526539,1502.7564527530292,1587.68583967315
1e-06,0.18363939409130062,0.18943520888326296,0.19541394449822716,1587.68583967315,1677.4150734010555,1772.2154208116622
3e-06,0.18363939409130062,0.18943520888326296,0.19541394449822716,1772.2154208116622,1872.373479626966,1978.1920448501505
6e-06,0.18363939409130062,0.18943520888326296,0.19541394449822716,1978.1920448501505,2089.991024166855,2208.1084050810155
2e-06,0.18363939409130062,0.18943520888326296,0.19541394449822716,2208.1084050810155,2332.9012767091076,2464.7469093218283
3e-06,0.18363939409130062,0.18943520888326296,0.19541394449822716,2464.7469093218283,2604.0438948968845,2751.213352130962
5e-06,0.18363939409130062,0.18943520888326296,0.19541394449822716,2751.213352130962,2906.7001995538217,3070.9745005933823
2e-06,0.18363939409130062,0.18943520888326296,0.19541394449822716,3070.9745005933823,3244.5328846581474,3427.9000485331494
3e-06,0.18363939409130062,0.18943520888326296,0.19541394449822716,3427.9000485331494,3621.630342628391,3826.309446875285
1e-06,0.18363939409130062,0.18943520888326296,0.19541394449822716,3826.309446875285,4042.556141337618,4271.024176889881
1e-06,0.18363939409130062,0.18943520888326296,0.19541394449822716,4271.024176889881,4512.404251618383,4767.426098920123
0.000572,0.19541394449822716,0.201581374072273,0.2079434529465439,0.07999999999999999,0.08452125887808527,0.08929804002920383
0.000599,0.19541394449822716,0.201581374072273,0.2079434529465439,0.08929804002920383,0.09434478448267444,0.09967674941321612
0.000586,0.19541394449822716,0.201581374072273,0.2079434529465439,0.09967674941321612,0.10531005426600588,0.11126172948852864
0.000588,0.19541394449822716,0.201581374072273,0.2079434529465439,0.11126172948852864,0.11754976801654278,0.12419317966981348
0.000559,0.19541394449822716,0.201581374072273,0.2079434529465439,0.12419317966981348,0.13121204862206076,0.13862759411886386
0.00054,0.19541394449822716,0.201581374072273,0.2079434529465439,0.13862759411886386,0.14646223462708277,0.15473965560973155
0.000549,0.19541394449822716,0.201581374072273,0.2079434529465439,0.15473965560973155,0.1634848811311985,0.1727243495092878
0.00051,0.19541394449822716,0.201581374072273,0.2079434529465439,0.1727243495092878,0.1824859932427924,0.1927993234562322
0.000576,0.19541394449822716,0.201581374072273,0.2079434529465439,0.1927993234562322,0.20369551911704872,0.21520752129497553
0.000566,0.19541394449822716,0.201581374072273,0.2079434529465439,0.21520752129497553,0.22737013274854592,0.24022012313980576
0.000528,0.19541394449822716,0.201581374072273,0.2079434529465439,0.24022012313980576,0.25379634019531294,0.26813982714948303
0.000521,0.19541394449822716,0.201581374072273,0.2079434529465439,0.26813982714948303,0.28329394682533116,0.2993045127277292
0.00053,0.19541394449822716,0.201581374072273,0.2079434529465439,0.2993045127277292,0.31621992754549455,0.3340913294810264
0.000514,0.19541394449822716,0.201581374072273,0.2079434529465439,0.3340913294810264,0.3529727468498688,0.37292126141758264
0.000555,0.19541394449822716,0.201581374072273,0.2079434529465439,0.37292126141758264,0.3939971809677202,0.41626422162260607
0.000558,0.19541394449822716,0.201581374072273,0.2079434529465439,0.41626422162260607,0.4397897004681118,0.46464473906476067
0.000491,0.19541394449822716,0.201581374072273,0.2079434529465439,0.46464473906476067,0.4909044784604127,0.5186483063545496
0.000524,0.19541394449822716,0.201581374072273,0.2079434529465439,0.5186483063545496,0.547960097100917,0.5789284652740918
0.000537,0.19541394449822716,0.201581374072273,0.2079434529465439,0.5789284652740918,0.6116470335665513,0.6462147158261423
0.000511,0.19541394449822716,0.201581374072273,0.2079434529465439,0.6462147158261423,0.6827360160896209,0.7213213445162929
0.000499,0.19541394449822716,0.201581374072273,0.2079434529465439,0.7213213445162929,0.7620873511768764,0.805157278706688
0.00053,0.19541394449822716,0.201581374072273,0.2079434529465439,0.805157278706688,0.8506613348892827,0.8987370862969332
0.000527,0.19541394449822716,0.201581374072273,0.2079434529465439,0.8987370862969332,0.9495298741779894,1.0031932538484196
0.000489,0.19541394449822716,0.201581374072273,0.2079434529465439,1.0031932538484196,1.0598894589158872,1.1197898917397926
0.000492,0.19541394449822716,0.201581374072273,0.2079434529465439,1.1197898917397926,1.183075641610026,1.249938032210973
0.00049,0.19541394449822716,0.201581374072273,0.2079434529465439,1.249938032210973,1.3205792000258516,1.3952127054299968
0.000521,0.19541394449822716,0.201581374072273,0.2079434529465439,1.3952127054299968,1.4740641783205308,1.5573720002342704
0.000513,0.19541394449822716,0.201581374072273,0.2079434529465439,1.5573720002342704,1.6453880250160273,1.7383783402160131
0.000483,0.19541394449822716,0.201581374072273,0.2079434529465439,1.7383783402160131,1.8366240715181728,1.9404222326313807
0.000768,0.19541394449822716,0.201581374072273,0.2079434529465439,1.9404222326313807,2.050086623212864,2.1659487775384263
0.001004,0.19541394449822716,0.201581374072273,0.2079434529465439,2.1659487775384263,2.2883589667874706,2.417687257972894
0.001017,0.19541394449822716,0.201581374072273,0.2079434529465439,2.417687257972894,2.5543246327171887,2.6986841692569943
0.00097,0.19541394449822716,0.201581374072273,0.2079434529465439,2.6986841692569943,2.851202291249511,3.0123400871561223
0.000923,0.19541394449822716,0.201581374072273,0.2079434529465439,3.0123400871561223,3.1825847041919566,3.3624508210555346
0.000907,0.19541394449822716,0.201581374072273,0.2079434529465439,3.3624508210555346,3.552482203890815,3.7532533501855805
0.000938,0.19541394449822716,0.201581374072273,0.2079434529465439,3.7532533501855805,3.9653712255759532,4.189477098807692
0.000898,0.19541394449822716,0.201581374072273,0.2079434529465439,4.189477098807692,4.42624848040168,4.676401170884524
0.000909,0.19541394449822716,0.201581374072273,0.2079434529465439,4.676401170884524,4.940691424776398,5.219918236878273
0.000829,0.19541394449822716,0.201581374072273,0.2079434529465439,5.219918236878273,5.514925757770336,5.82660584582409
0.000887,0.19541394449822716,0.201581374072273,0.2079434529465439,5.82660584582409,6.155900763443285,6.5038060256849075
0.000827,0.19541394449822716,0.201581374072273,0.2079434529465439,6.5038060256849075,6.871373409872062,7.25971413529735
0.000791,0.19541394449822716,0.201581374072273,0.2079434529465439,7.25971413529735,7.670002222629526,8.103478043179491
0.000831,0.19541394449822716,0.201581374072273,0.2079434529465439,8.103478043179491,8.561452068755672,9.045308833445212
0.000795,0.19541394449822716,0.201581374072273,0.2079434529465439,9.045308833445212,9.556511119298175,10.096604378568765
0.000777,0.19541394449822716,0.201581374072273,0.2079434529465439,10.096604378568765,10.66722140588275,11.27008727445586
0.000292,0.19541394449822716,0.201581374072273,0.2079434529465439,11.27008727445586,11.907024551286224,12.579958807087245
0.000161,0.19541394449822716,0.201581374072273,0.2079434529465439,12.579958807087245,13.290924437618376,14.042070814012659
0.000164,0.19541394449822716,0.201581374072273,0.2079434529465439,14.042070814012659,14.835668780694615,15.67411752053271
0.000163,0.19541394449822716,0.201581374072273,0.2079434529465439,15.67411752053271,16.55995180798096,17.49584967213718
0.000135,0.19541394449822716,0.201581374072273,0.2079434529465439,17.49584967213718,18.484640492884626,19.529313554592992
0.00013,0.19541394449822716,0.201581374072273,0.2079434529465439,19.529313554592992,20.63302708323817,21.799117794261466
0.00011,0.19541394449822716,0.201581374072273,0.2079434529465439,21.799117794261466,23.03111098003311,24.332731167416135
0.000103,0.19541394449822716,0.201581374072273,0.2079434529465439,24.332731167416135,25.707913377650407,27.160815022597262
8.6e-05,0.19541394449822716,0.201581374072273,0.2079434529465439,27.160815022597262,28.695828473309135,30.317594338921154
9.1e-05,0.19541394449822716,0.201581374072273,0.2079434529465439,30.317594338921154,32.03101549600908,33.84127191082679
7.4e-05,0.19541394449822716,0.201581374072273,0.2079434529465439,33.84127191082679,35.75383629923332,37.77449067165226
8.2e-05,0.19541394449822716,0.201581374072273,0.2079434529465439,37.77449067165226,39.909343813081726,42.1648497509999
6.5e-05,0.19541394449822716,0.201581374072273,0.2079434529465439,42.1648497509999,44.547827266997885,47.06548051112691
7.1e-05,0.19541394449822716,0.201581374072273,0.2079434529465439,47.06548051112691,49.72542078128044,52.535689533454075
4.4e-05,0.19541394449822716,0.201581374072273,0.2079434529465439,52.535689533454075,55.504782692447314,58.641676336502556
5.8e-05,0.19541394449822716,0.201581374072273,0.2079434529465439,58.641676336502556,61.955853833530256,65.45733451095779
4.7e-05,0.19541394449822716,0.201581374072273,0.2079434529465439,65.45733451095779,69.15670394587609,73.06514596705614
2.4e-05,0.19541394449822716,0.201581374072273,0.2079434529465439,73.06514596705614,77.19447646558302,81.55717911632256
1.8e-05,0.19541394449822716,0.201581374072273,0.2079434529465439,81.55717911632256,86.16644311821332,91.03620306747894
1.9e-05,0.19541394449822716,0.201581374072273,0.2079434529465439,91.03620306747894,96.18118108430411,101.61693132033079
2.1e-05,0.19541394449822716,0.201581374072273,0.2079434529465439,101.61693132033079,107.35988698152859,113.42741000859688
1.1e-05,0.19541394449822716,0.201581374072273,0.2079434529465439,113.42741000859688,119.83784356509167,126.61056749195744
9e-06,0.19541394449822716,0.201581374072273,0.2079434529465439,126.61056749195744,133.76605689611287,141.32594405021308
1e-05,0.19541394449822716,0.201581374072273,0.2079434529465439,141.32594405021308,149.31308379072314,157.7516226120118
1.9e-05,0.19541394449822716,0.201581374072273,0.2079434529465439,157.7516226120118,166.66707166534817,176.08638388349098
2e-05,0.19541394449822716,0.201581374072273,0.2079434529465439,176.08638388349098,186.0380354640305,196.55211195782155
1.5e-05,0.19541394449822716,0.201581374072273,0.2079434529465439,196.55211195782155,207.66039922276806,219.39647951792662
9e-06,0.19541394449822716,0.201581374072273,0.2079434529465439,219.39647951792662,231.79583302844003,244.8959451282275
6e-06,0.19541394449822716,0.201581374072273,0.2079434529465439,244.8959451282275,258.73641970470345,273.35909888812694
8e-06,0.19541394449822716,0.201581374072273,0.2079434529465439,273.35909888812694,288.8081895475435,305.13039693573796
9e-06,0.19541394449822716,0.201581374072273,0.2079434529465439,305.13039693573796,322.37506588723016,340.5943299961796
1.1e-05,0.19541394449822716,0.201581374072273,0.2079434529465439,340.5943299961796,359.843269225189,380.18007642148444
1.2e-05,0.19541394449822716,0.201581374072273,0.2079434529465439,380.18007642148444,401.66623324388144,424.3666960323934
9e-06,0.19541394449822716,0.201581374072273,0.2079434529465439,424.3666960323934,448.35009218239543,473.6889276170203
8e-06,0.19541394449822716,0.201581374072273,0.2079434529465439,473.6889276170203,500.45980598500944,528.7436602466912
7e-06,0.19541394449822716,0.201581374072273,0.2079434529465439,528.7436602466912,558.6259973482117,590.1971567237096
4e-06,0.19541394449822716,0.201581374072273,0.2079434529465439,590.1971567237096,623.5525834069318,658.7931165779523
3e-06,0.19541394449822716,0.201581374072273,0.2079434529465439,658.7931165779523,696.0252944173212,735.3616761892738
4e-06,0.19541394449822716,0.201581374072273,0.2079434529465439,735.3616761892738,776.9211825277038,820.8294549536521
4e-06,0.19541394449822716,0.201581374072273,0.2079434529465439,820.8294549536521,867.2192357111913,916.2307690700113
6e-06,0.19541394449822716,0.201581374072273,0.2079434529465439,916.2307690700113,968.0122253079195,1022.7201486550255
5e-06,0.19541394449822716,0.201581374072273,0.2079434529465439,1022.7201486550255,1080.5199305538154,1141.5863096658716
3e-06,0.19541394449822716,0.201581374072273,0.2079434529465439,1141.5863096658716,1206.1039001368388,1274.2677497166753
1e-06,0.19541394449822716,0.201581374072273,0.2079434529465439,1274.2677497166753,1346.2839294224782,1422.370156526539
2e-06,0.19541394449822716,0.201581374072273,0.2079434529465439,1422.370156526539,1502.7564527530292,1587.68583967315
4e-06,0.19541394449822716,0.201581374072273,0.2079434529465439,1587.68583967315,1677.4150734010555,1772.2154208116622
1e-06,0.19541394449822716,0.201581374072273,0.2079434529465439,1772.2154208116622,1872.373479626966,1978.1920448501505
3e-06,0.19541394449822716,0.201581374072273,0.2079434529465439,1978.1920448501505,2089.991024166855,2208.1084050810155
1e-06,0.19541394449822716,0.201581374072273,0.2079434529465439,2208.1084050810155,2332.9012767091076,2464.7469093218283
3e-06,0.19541394449822716,0.201581374072273,0.2079434529465439,2464.7469093218283,2604.0438948968845,2751.213352130962
2e-06,0.19541394449822716,0.201581374072273,0.2079434529465439,2751.213352130962,2906.7001995538217,3070.9745005933823
2e-06,0.19541394449822716,0.201581374072273,0.2079434529465439,3070.9745005933823,3244.5328846581474,3427.9000485331494
1e-06,0.19541394449822716,0.201581374072273,0.2079434529465439,3427.9000485331494,3621.630342628391,3826.309446875285
0.0,0.19541394449822716,0.201581374072273,0.2079434529465439,3826.309446875285,4042.556141337618,4271.024176889881
2e-06,0.19541394449822716,0.201581374072273,0.2079434529465439,4271.024176889881,4512.404251618383,4767.426098920123
0.000603,0.2079434529465439,0.21450632441779324,0.2212763256704222,0.07999999999999999,0.08452125887808527,0.08929804002920383
0.000582,0.2079434529465439,0.21450632441779324,0.2212763256704222,0.08929804002920383,0.09434478448267444,0.09967674941321612
0.000587,0.2079434529465439,0.21450632441779324,0.2212763256704222,0.09967674941321612,0.10531005426600588,0.11126172948852864
0.000577,0.2079434529465439,0.21450632441779324,0.2212763256704222,0.11126172948852864,0.11754976801654278,0.12419317966981348
0.000588,0.2079434529465439,0.21450632441779324,0.2212763256704222,0.12419317966981348,0.13121204862206076,0.13862759411886386
0.000568,0.2079434529465439,0.21450632441779324,0.2212763256704222,0.13862759411886386,0.14646223462708277,0.15473965560973155
0.000556,0.2079434529465439,0.21450632441779324,0.2212763256704222,0.15473965560973155,0.1634848811311985,0.1727243495092878
0.00059,0.2079434529465439,0.21450632441779324,0.2212763256704222,0.1727243495092878,0.1824859932427924,0.1927993234562322
0.000581,0.2079434529465439,0.21450632441779324,0.2212763256704222,0.1927993234562322,0.20369551911704872,0.21520752129497553
0.000577,0.2079434529465439,0.21450632441779324,0.2212763256704222,0.21520752129497553,0.22737013274854592,0.24022012313980576
0.000558,0.2079434529465439,0.21450632441779324,0.2212763256704222,0.24022012313980576,0.25379634019531294,0.26813982714948303
0.000567,0.2079434529465439,0.21450632441779324,0.2212763256704222,0.26813982714948303,0.28329394682533116,0.2993045127277292
0.000539,0.2079434529465439,0.21450632441779324,0.2212763256704222,0.2993045127277292,0.31621992754549455,0.3340913294810264
0.000536,0.2079434529465439,0.21450632441779324,0.2212763256704222,0.3340913294810264,0.3529727468498688,0.37292126141758264
0.000492,0.2079434529465439,0.21450632441779324,0.2212763256704222,0.37292126141758264,0.3939971809677202,0.41626422162260607
0.000522,0.2079434529465439,0.21450632441779324,0.2212763256704222,0.41626422162260607,0.4397897004681118,0.46464473906476067
0.00053,0.2079434529465439,0.21450632441779324,0.2212763256704222,0.46464473906476067,0.4909044784604127,0.5186483063545496
0.000521,0.2079434529465439,0.21450632441779324,0.2212763256704222,0.5186483063545496,0.547960097100917,0.5789284652740918
0.000535,0.2079434529465439,0.21450632441779324,0.2212763256704222,0.5789284652740918,0.6116470335665513,0.6462147158261423
0.000497,0.2079434529465439,0.21450632441779324,0.2212763256704222,0.6462147158261423,0.6827360160896209,0.7213213445162929
0.000526,0.2079434529465439,0.21450632441779324,0.2212763256704222,0.7213213445162929,0.7620873511768764,0.805157278706688
0.00048,0.2079434529465439,0.21450632441779324,0.2212763256704222,0.805157278706688,0.8506613348892827,0.8987370862969332
0.000498,0.2079434529465439,0.21450632441779324,0.2212763256704222,0.8987370862969332,0.9495298741779894,1.0031932538484196
0.00049,0.2079434529465439,0.21450632441779324,0.2212763256704222,1.0031932538484196,1.0598894589158872,1.1197898917397926
0.000508,0.2079434529465439,0.21450632441779324,0.2212763256704222,1.1197898917397926,1.183075641610026,1.249938032210973
0.000502,0.2079434529465439,0.21450632441779324,0.2212763256704222,1.249938032210973,1.3205792000258516,1.3952127054299968
0.000479,0.2079434529465439,0.21450632441779324,0.2212763256704222,1.3952127054299968,1.4740641783205308,1.5573720002342704
0.000468,0.2079434529465439,0.21450632441779324,0.2212763256704222,1.5573720002342704,1.6453880250160273,1.7383783402160131
0.000477,0.2079434529465439,0.21450632441779324,0.2212763256704222,1.7383783402160131,1.8366240715181728,1.9404222326313807
0.00075,0.2079434529465439,0.21450632441779324,0.2212763256704222,1.9404222326313807,2.050086623212864,2.1659487775384263
0.00101,0.2079434529465439,0.21450632441779324,0.2212763256704222,2.1659487775384263,2.2883589667874706,2.417687257972894
0.000974,0.2079434529465439,0.21450632441779324,0.2212763256704222,2.417687257972894,2.5543246327171887,2.6986841692569943
0.000962,0.2079434529465439,0.21450632441779324,0.2212763256704222,2.6986841692569943,2.851202291249511,3.0123400871561223
0.000983,0.2079434529465439,0.21450632441779324,0.2212763256704222,3.0123400871561223,3.1825847041919566,3.3624508210555346
0.000994,0.2079434529465439,0.21450632441779324,0.2212763256704222,3.3624508210555346,3.552482203890815,3.7532533501855805
0.000931,0.2079434529465439,0.21450632441779324,0.2212763256704222,3.7532533501855805,3.9653712255759532,4.189477098807692
0.000916,0.2079434529465439,0.21450632441779324,0.2212763256704222,4.189477098807692,4.42624848040168,4.676401170884524
0.000858,0.2079434529465439,0.21450632441779324,0.2212763256704222,4.676401170884524,4.940691424776398,5.219918236878273
0.000862,0.2079434529465439,0.21450632441779324,0.2212763256704222,5.219918236878273,5.514925757770336,5.82660584582409
0.000864,0.2079434529465439,0.21450632441779324,0.2212763256704222,5.82660584582409,6.155900763443285,6.5038060256849075
0.000809,0.2079434529465439,0.21450632441779324,0.2212763256704222,6.5038060256849075,6.871373409872062,7.25971413529735
0.000831,0.2079434529465439,0.21450632441779324,0.2212763256704222,7.25971413529735,7.670002222629526,8.103478043179491
0.000843,0.2079434529465439,0.21450632441779324,0.2212763256704222,8.103478043179491,8.561452068755672,9.045308833445212
0.000832,0.2079434529465439,0.21450632441779324,0.2212763256704222,9.045308833445212,9.556511119298175,10.096604378568765
0.000807,0.2079434529465439,0.21450632441779324,0.2212763256704222,10.096604378568765,10.66722140588275,11.27008727445586
0.000294,0.2079434529465439,0.21450632441779324,0.2212763256704222,11.27008727445586,11.907024551286224,12.579958807087245
0.000174,0.2079434529465439,0.21450632441779324,0.2212763256704222,12.579958807087245,13.290924437618376,14.042070814012659
0.000169,0.2079434529465439,0.21450632441779324,0.2212763256704222,14.042070814012659,14.835668780694615,15.67411752053271
0.000161,0.2079434529465439,0.21450632441779324,0.2212763256704222,15.67411752053271,16.55995180798096,17.49584967213718
0.000146,0.2079434529465439,0.21450632441779324,0.2212763256704222,17.49584967213718,18.484640492884626,19.529313554592992
0.000137,0.2079434529465439,0.21450632441779324,0.2212763256704222,19.529313554592992,20.63302708323817,21.799117794261466
0.000112,0.2079434529465439,0.21450632441779324,0.2212763256704222,21.799117794261466,23.03111098003311,24.332731167416135
0.000125,0.2079434529465439,0.21450632441779324,0.2212763256704222,24.332731167416135,25.707913377650407,27.160815022597262
0.000118,0.2079434529465439,0.21450632441779324,0.2212763256704222,27.160815022597262,28.695828473309135,30.317594338921154
9.5e-05,0.2079434529465439,0.21450632441779324,0.2212763256704222,30.317594338921154,32.03101549600908,33.84127191082679
7.2e-05,0.2079434529465439,0.21450632441779324,0.2212763256704222,33.84127191082679,35.75383629923332,37.77449067165226
6.5e-05,0.2079434529465439,0.21450632441779324,0.2212763256704222,37.77449067165226,39.909343813081726,42.1648497509999
6.6e-05,0.2079434529465439,0.21450632441779324,0.2212763256704222,42.1648497509999,44.547827266997885,47.06548051112691
5.7e-05,0.2079434529465439,0.21450632441779324,0.2212763256704222,47.06548051112691,49.72542078128044,52.535689533454075
6.4e-05,0.2079434529465439,0.21450632441779324,0.2212763256704222,52.535689533454075,55.504782692447314,58.641676336502556
5.5e-05,0.2079434529465439,0.21450632441779324,0.2212763256704222,58.641676336502556,61.955853833530256,65.45733451095779
3.6e-05,0.2079434529465439,0.21450632441779324,0.2212763256704222,65.45733451095779,69.15670394587609,73.06514596705614
2.8e-05,0.2079434529465439,0.21450632441779324,0.2212763256704222,73.06514596705614,77.19447646558302,81.55717911632256
2.9e-05,0.2079434529465439,0.21450632441779324,0.2212763256704222,81.55717911632256,86.16644311821332,91.03620306747894
2.2e-05,0.2079434529465439,0.21450632441779324,0.2212763256704222,91.03620306747894,96.18118108430411,101.61693132033079
2.1e-05,0.2079434529465439,0.21450632441779324,0.2212763256704222,101.61693132033079,107.35988698152859,113.42741000859688
1.8e-05,0.2079434529465439,0.21450632441779324,0.2212763256704222,113.42741000859688,119.83784356509167,126.61056749195744
1.5e-05,0.2079434529465439,0.21450632441779324,0.2212763256704222,126.61056749195744,133.76605689611287,141.32594405021308
1.7e-05,0.2079434529465439,0.21450632441779324,0.2212763256704222,141.32594405021308,149.31308379072314,157.7516226120118
1.2e-05,0.2079434529465439,0.21450632441779324,0.2212763256704222,157.7516226120118,166.66707166534817,176.08638388349098
1.5e-05,0.2079434529465439,0.21450632441779324,0.2212763256704222,176.08638388349098,186.0380354640305,196.55211195782155
2.1e-05,0.2079434529465439,0.21450632441779324,0.2212763256704222,196.55211195782155,207.66039922276806,219.39647951792662
8e-06,0.2079434529465439,0.21450632441779324,0.2212763256704222,219.39647951792662,231.79583302844003,244.8959451282275
1.3e-05,0.2079434529465439,0.21450632441779324,0.2212763256704222,244.8959451282275,258.73641970470345,273.35909888812694
1.1e-05,0.2079434529465439,0.21450632441779324,0.2212763256704222,273.35909888812694,288.8081895475435,305.13039693573796
4e-06,0.2079434529465439,0.21450632441779324,0.2212763256704222,305.13039693573796,322.37506588723016,340.5943299961796
1e-05,0.2079434529465439,0.21450632441779324,0.2212763256704222,340.5943299961796,359.843269225189,380.18007642148444
1.1e-05,0.2079434529465439,0.21450632441779324,0.2212763256704222,380.18007642148444,401.66623324388144,424.3666960323934
6e-06,0.2079434529465439,0.21450632441779324,0.2212763256704222,424.3666960323934,448.35009218239543,473.6889276170203
5e-06,0.2079434529465439,0.21450632441779324,0.2212763256704222,473.6889276170203,500.45980598500944,528.7436602466912
7e-06,0.2079434529465439,0.21450632441779324,0.2212763256704222,528.7436602466912,558.6259973482117,590.1971567237096
6e-06,0.2079434529465439,0.21450632441779324,0.2212763256704222,590.1971567237096,623.5525834069318,658.7931165779523
5e-06,0.2079434529465439,0.21450632441779324,0.2212763256704222,658.7931165779523,696.0252944173212,735.3616761892738
2e-06,0.2079434529465439,0.21450632441779324,0.2212763256704222,735.3616761892738,776.9211825277038,820.8294549536521
8e-06,0.2079434529465439,0.21450632441779324,0.2212763256704222,820.8294549536521,867.2192357111913,916.2307690700113
1e-06,0.2079434529465439,0.21450632441779324,0.2212763256704222,916.2307690700113,968.0122253079195,1022.7201486550255
3e-06,0.2079434529465439,0.21450632441779324,0.2212763256704222,1022.7201486550255,1080.5199305538154,1141.5863096658716
2e-06,0.2079434529465439,0.21450632441779324,0.2212763256704222,1141.5863096658716,1206.1039001368388,1274.2677497166753
2e-06,0.2079434529465439,0.21450632441779324,0.2212763256704222,1274.2677497166753,1346.2839294224782,1422.370156526539
4e-06,0.2079434529465439,0.21450632441779324,0.2212763256704222,1422.370156526539,1502.7564527530292,1587.68583967315
2e-06,0.2079434529465439,0.21450632441779324,0.2212763256704222,1587.68583967315,1677.4150734010555,1772.2154208116622
2e-06,0.2079434529465439,0.21450632441779324,0.2212763256704222,1772.2154208116622,1872.373479626966,1978.1920448501505
5e-06,0.2079434529465439,0.21450632441779324,0.2212763256704222,1978.1920448501505,2089.991024166855,2208.1084050810155
3e-06,0.2079434529465439,0.21450632441779324,0.2212763256704222,2208.1084050810155,2332.9012767091076,2464.7469093218283
2e-06,0.2079434529465439,0.21450632441779324,0.2212763256704222,2464.7469093218283,2604.0438948968845,2751.213352130962
2e-06,0.2079434529465439,0.21450632441779324,0.2212763256704222,2751.213352130962,2906.7001995538217,3070.9745005933823
1e-06,0.2079434529465439,0.21450632441779324,0.2212763256704222,3070.9745005933823,3244.5328846581474,3427.9000485331494
1e-06,0.2079434529465439,0.21450632441779324,0.2212763256704222,3427.9000485331494,3621.630342628391,3826.309446875285
2e-06,0.2079434529465439,0.21450632441779324,0.2212763256704222,3826.309446875285,4042.556141337618,4271.024176889881
2e-06,0.2079434529465439,0.21450632441779324,0.2212763256704222,4271.024176889881,4512.404251618383,4767.426098920123
0.000611,0.2212763256704222,0.22825999389573834,0.23546407260434277,0.07999999999999999,0.08452125887808527,0.08929804002920383
0.000634,0.2212763256704222,0.22825999389573834,0.23546407260434277,0.08929804002920383,0.09434478448267444,0.09967674941321612
0.000569,0.2212763256704222,0.22825999389573834,0.23546407260434277,0.09967674941321612,0.10531005426600588,0.11126172948852864
0.000612,0.2212763256704222,0.22825999389573834,0.23546407260434277,0.11126172948852864,0.11754976801654278,0.12419317966981348
0.000618,0.2212763256704222,0.22825999389573834,0.23546407260434277,0.12419317966981348,0.13121204862206076,0.13862759411886386
0.000596,0.2212763256704222,0.22825999389573834,0.23546407260434277,0.13862759411886386,0.14646223462708277,0.15473965560973155
0.000582,0.2212763256704222,0.22825999389573834,0.23546407260434277,0.15473965560973155,0.1634848811311985,0.1727243495092878
0.00054,0.2212763256704222,0.22825999389573834,0.23546407260434277,0.1727243495092878,0.1824859932427924,0.1927993234562322
0.000564,0.2212763256704222,0.22825999389573834,0.23546407260434277,0.1927993234562322,0.20369551911704872,0.21520752129497553
0.000572,0.2212763256704222,0.22825999389573834,0.23546407260434277,0.21520752129497553,0.22737013274854592,0.24022012313980576
0.000589,0.2212763256704222,0.22825999389573834,0.23546407260434277,0.24022012313980576,0.25379634019531294,0.26813982714948303
0.000558,0.2212763256704222,0.22825999389573834,0.23546407260434277,0.26813982714948303,0.28329394682533116,0.2993045127277292
0.000567,0.2212763256704222,0.22825999389573834,0.23546407260434277,0.2993045127277292,0.31621992754549455,0.3340913294810264
0.000555,0.2212763256704222,0.22825999389573834,0.23546407260434277,0.3340913294810264,0.3529727468498688,0.37292126141758264
0.000579,0.2212763256704222,0.22825999389573834,0.23546407260434277,0.37292126141758264,0.3939971809677202,0.41626422162260607
0.000558,0.2212763256704222,0.22825999389573834,0.23546407260434277,0.41626422162260607,0.4397897004681118,0.46464473906476067
0.000533,0.2212763256704222,0.22825999389573834,0.23546407260434277,0.46464473906476067,0.4909044784604127,0.5186483063545496
0.000607,0.2212763256704222,0.22825999389573834,0.23546407260434277,0.5186483063545496,0.547960097100917,0.5789284652740918
0.000522,0.2212763256704222,0.22825999389573834,0.23546407260434277,0.5789284652740918,0.6116470335665513,0.6462147158261423
0.000552,0.2212763256704222,0.22825999389573834,0.23546407260434277,0.6462147158261423,0.6827360160896209,0.7213213445162929
0.000488,0.2212763256704222,0.22825999389573834,0.23546407260434277,0.7213213445162929,0.7620873511768764,0.805157278706688
0.00054,0.2212763256704222,0.22825999389573834,0.23546407260434277,0.805157278706688,0.8506613348892827,0.8987370862969332
0.000507,0.2212763256704222,0.22825999389573834,0.23546407260434277,0.8987370862969332,0.9495298741779894,1.0031932538484196
0.000539,0.2212763256704222,0.22825999389573834,0.23546407260434277,1.0031932538484196,1.0598894589158872,1.1197898917397926
0.000504,0.2212763256704222,0.22825999389573834,0.23546407260434277,1.1197898917397926,1.183075641610026,1.249938032210973
0.000481,0.2212763256704222,0.22825999389573834,0.23546407260434277,1.249938032210973,1.3205792000258516,1.3952127054299968
0.000528,0.2212763256704222,0.22825999389573834,0.23546407260434277,1.3952127054299968,1.4740641783205308,1.5573720002342704
0.000492,0.2212763256704222,0.22825999389573834,0.23546407260434277,1.5573720002342704,1.6453880250160273,1.7383783402160131
0.000457,0.2212763256704222,0.22825999389573834,0.23546407260434277,1.7383783402160131,1.8366240715181728,1.9404222326313807
0.00082,0.2212763256704222,0.22825999389573834,0.23546407260434277,1.9404222326313807,2.050086623212864,2.1659487775384263
0.001045,0.2212763256704222,0.22825999389573834,0.23546407260434277,2.1659487775384263,2.2883589667874706,2.417687257972894
0.001054,0.2212763256704222,0.22825999389573834,0.23546407260434277,2.417687257972894,2.5543246327171887,2.6986841692569943
0.001044,0.2212763256704222,0.22825999389573834,0.23546407260434277,2.6986841692569943,2.851202291249511,3.0123400871561223
0.001008,0.2212763256704222,0.22825999389573834,0.23546407260434277,3.0123400871561223,3.1825847041919566,3.3624508210555346
0.000974,0.2212763256704222,0.22825999389573834,0.23546407260434277,3.3624508210555346,3.552482203890815,3.7532533501855805
0.000926,0.2212763256704222,0.22825999389573834,0.23546407260434277,3.7532533501855805,3.9653712255759532,4.189477098807692
0.00093,0.2212763256704222,0.22825999389573834,0.23546407260434277,4.189477098807692,4.42624848040168,4.676401170884524
0.000945,0.2212763256704222,0.22825999389573834,0.23546407260434277,4.676401170884524,4.940691424776398,5.219918236878273
0.000839,0.2212763256704222,0.22825999389573834,0.23546407260434277,5.219918236878273,5.514925757770336,5.82660584582409
0.000919,0.2212763256704222,0.22825999389573834,0.23546407260434277,5.82660584582409,6.155900763443285,6.5038060256849075
0.000884,0.2212763256704222,0.22825999389573834,0.23546407260434277,6.5038060256849075,6.871373409872062,7.25971413529735
0.000907,0.2212763256704222,0.22825999389573834,0.23546407260434277,7.25971413529735,7.670002222629526,8.103478043179491
0.000856,0.2212763256704222,0.22825999389573834,0.23546407260434277,8.103478043179491,8.561452068755672,9.045308833445212
0.000813,0.2212763256704222,0.22825999389573834,0.23546407260434277,9.045308833445212,9.556511119298175,10.096604378568765
0.000812,0.2212763256704222,0.22825999389573834,0.23546407260434277,10.096604378568765,10.66722140588275,11.27008727445586
0.000308,0.2212763256704222,0.22825999389573834,0.23546407260434277,11.27008727445586,11.907024551286224,12.579958807087245
0.00019,0.2212763256704222,0.22825999389573834,0.23546407260434277,12.579958807087245,13.290924437618376,14.042070814012659
0.000202,0.2212763256704222,0.22825999389573834,0.23546407260434277,14.042070814012659,14.835668780694615,15.67411752053271
0.00017,0.2212763256704222,0.22825999389573834,0.23546407260434277,15.67411752053271,16.55995180798096,17.49584967213718
0.000136,0.2212763256704222,0.22825999389573834,0.23546407260434277,17.49584967213718,18.484640492884626,19.529313554592992
0.000108,0.2212763256704222,0.22825999389573834,0.23546407260434277,19.529313554592992,20.63302708323817,21.799117794261466
0.000116,0.2212763256704222,0.22825999389573834,0.23546407260434277,21.799117794261466,23.03111098003311,24.332731167416135
9.1e-05,0.2212763256704222,0.22825999389573834,0.23546407260434277,24.332731167416135,25.707913377650407,27.160815022597262
0.000107,0.2212763256704222,0.22825999389573834,0.23546407260434277,27.160815022597262,28.695828473309135,30.317594338921154
8.2e-05,0.2212763256704222,0.22825999389573834,0.23546407260434277,30.317594338921154,32.03101549600908,33.84127191082679
8.5e-05,0.2212763256704222,0.22825999389573834,0.23546407260434277,33.84127191082679,35.75383629923332,37.77449067165226
9.8e-05,0.2212763256704222,0.22825999389573834,0.23546407260434277,37.77449067165226,39.909343813081726,42.1648497509999
7.4e-05,0.2212763256704222,0.22825999389573834,0.23546407260434277,42.1648497509999,44.547827266997885,47.06548051112691
7.4e-05,0.2212763256704222,0.22825999389573834,0.23546407260434277,47.06548051112691,49.72542078128044,52.535689533454075
5.5e-05,0.2212763256704222,0.22825999389573834,0.23546407260434277,52.535689533454075,55.504782692447314,58.641676336502556
4.8e-05,0.2212763256704222,0.22825999389573834,0.23546407260434277,58.641676336502556,61.955853833530256,65.45733451095779
4.8e-05,0.2212763256704222,0.22825999389573834,0.23546407260434277,65.45733451095779,69.15670394587609,73.06514596705614
3.1e-05,0.2212763256704222,0.22825999389573834,0.23546407260434277,73.06514596705614,77.19447646558302,81.55717911632256
3.6e-05,0.2212763256704222,0.22825999389573834,0.23546407260434277,81.55717911632256,86.16644311821332,91.03620306747894
2.3e-05,0.2212763256704222,0.22825999389573834,0.23546407260434277,91.03620306747894,96.18118108430411,101.61693132033079
2.5e-05,0.2212763256704222,0.22825999389573834,0.23546407260434277,101.61693132033079,107.35988698152859,113.42741000859688
1.6e-05,0.2212763256704222,0.22825999389573834,0.23546407260434277,113.42741000859688,119.83784356509167,126.61056749195744
1.9e-05,0.2212763256704222,0.22825999389573834,0.23546407260434277,126.61056749195744,133.76605689611287,141.32594405021308
1.2e-05,0.2212763256704222,0.22825999389573834,0.23546407260434277,141.32594405021308,149.31308379072314,157.7516226120118
1.6e-05,0.2212763256704222,0.22825999389573834,0.23546407260434277,157.7516226120118,166.66707166534817,176.08638388349098
1e-05,0.2212763256704222,0.22825999389573834,0.23546407260434277,176.08638388349098,186.0380354640305,196.55211195782155
1.3e-05,0.2212763256704222,0.22825999389573834,0.23546407260434277,196.55211195782155,207.66039922276806,219.39647951792662
1.3e-05,0.2212763256704222,0.22825999389573834,0.23546407260434277,219.39647951792662,231.79583302844003,244.8959451282275
1.1e-05,0.2212763256704222,0.22825999389573834,0.23546407260434277,244.8959451282275,258.73641970470345,273.35909888812694
1.1e-05,0.2212763256704222,0.22825999389573834,0.23546407260434277,273.35909888812694,288.8081895475435,305.13039693573796
1.2e-05,0.2212763256704222,0.22825999389573834,0.23546407260434277,305.13039693573796,322.37506588723016,340.5943299961796
3e-06,0.2212763256704222,0.22825999389573834,0.23546407260434277,340.5943299961796,359.843269225189,380.18007642148444
5e-06,0.2212763256704222,0.22825999389573834,0.23546407260434277,380.18007642148444,401.66623324388144,424.3666960323934
6e-06,0.2212763256704222,0.22825999389573834,0.23546407260434277,424.3666960323934,448.35009218239543,473.6889276170203
2e-06,0.2212763256704222,0.22825999389573834,0.23546407260434277,473.6889276170203,500.45980598500944,528.7436602466912
8e-06,0.2212763256704222,0.22825999389573834,0.23546407260434277,528.7436602466912,558.6259973482117,590.1971567237096
6e-06,0.2212763256704222,0.22825999389573834,0.23546407260434277,590.1971567237096,623.5525834069318,658.7931165779523
8e-06,0.2212763256704222,0.22825999389573834,0.23546407260434277,658.7931165779523,696.0252944173212,735.3616761892738
8e-06,0.2212763256704222,0.22825999389573834,0.23546407260434277,735.3616761892738,776.9211825277038,820.8294549536521
8e-06,0.2212763256704222,0.22825999389573834,0.23546407260434277,820.8294549536521,867.2192357111913,916.2307690700113
4e-06,0.2212763256704222,0.22825999389573834,0.23546407260434277,916.2307690700113,968.0122253079195,1022.7201486550255
2e-06,0.2212763256704222,0.22825999389573834,0.23546407260434277,1022.7201486550255,1080.5199305538154,1141.5863096658716
6e-06,0.2212763256704222,0.22825999389573834,0.23546407260434277,1141.5863096658716,1206.1039001368388,1274.2677497166753
2e-06,0.2212763256704222,0.22825999389573834,0.23546407260434277,1274.2677497166753,1346.2839294224782,1422.370156526539
2e-06,0.2212763256704222,0.22825999389573834,0.23546407260434277,1422.370156526539,1502.7564527530292,1587.68583967315
3e-06,0.2212763256704222,0.22825999389573834,0.23546407260434277,1587.68583967315,1677.4150734010555,1772.2154208116622
3e-06,0.2212763256704222,0.22825999389573834,0.23546407260434277,1772.2154208116622,1872.373479626966,1978.1920448501505
1e-06,0.2212763256704222,0.22825999389573834,0.23546407260434277,1978.1920448501505,2089.991024166855,2208.1084050810155
5e-06,0.2212763256704222,0.22825999389573834,0.23546407260434277,2208.1084050810155,2332.9012767091076,2464.7469093218283
4e-06,0.2212763256704222,0.22825999389573834,0.23546407260434277,2464.7469093218283,2604.0438948968845,2751.213352130962
3e-06,0.2212763256704222,0.22825999389573834,0.23546407260434277,2751.213352130962,2906.7001995538217,3070.9745005933823
4e-06,0.2212763256704222,0.22825999389573834,0.23546407260434277,3070.9745005933823,3244.5328846581474,3427.9000485331494
2e-06,0.2212763256704222,0.22825999389573834,0.23546407260434277,3427.9000485331494,3621.630342628391,3826.309446875285
1e-06,0.2212763256704222,0.22825999389573834,0.23546407260434277,3826.309446875285,4042.556141337618,4271.024176889881
1e-06,0.2212763256704222,0.22825999389573834,0.23546407260434277,4271.024176889881,4512.404251618383,4767.426098920123
0.00066,0.23546407260434277,0.24289551813774207,0.2505615063854717,0.07999999999999999,0.08452125887808527,0.08929804002920383
0.000567,0.23546407260434277,0.24289551813774207,0.2505615063854717,0.08929804002920383,0.09434478448267444,0.09967674941321612
0.000596,0.23546407260434277,0.24289551813774207,0.2505615063854717,0.09967674941321612,0.10531005426600588,0.11126172948852864
0.000627,0.23546407260434277,0.24289551813774207,0.2505615063854717,0.11126172948852864,0.11754976801654278,0.12419317966981348
0.000595,0.23546407260434277,0.24289551813774207,0.2505615063854717,0.12419317966981348,0.13121204862206076,0.13862759411886386
0.000597,0.23546407260434277,0.24289551813774207,0.2505615063854717,0.13862759411886386,0.14646223462708277,0.15473965560973155
0.000603,0.23546407260434277,0.24289551813774207,0.2505615063854717,0.15473965560973155,0.1634848811311985,0.1727243495092878
0.000573,0.23546407260434277,0.24289551813774207,0.2505615063854717,0.1727243495092878,0.1824859932427924,0.1927993234562322
0.000558,0.23546407260434277,0.24289551813774207,0.2505615063854717,0.1927993234562322,0.20369551911704872,0.21520752129497553
0.000592,0.23546407260434277,0.24289551813774207,0.2505615063854717,0.21520752129497553,0.22737013274854592,0.24022012313980576
0.000547,0.23546407260434277,0.24289551813774207,0.2505615063854717,0.24022012313980576,0.25379634019531294,0.26813982714948303
0.000603,0.23546407260434277,0.24289551813774207,0.2505615063854717,0.26813982714948303,0.28329394682533116,0.2993045127277292
0.000578,0.23546407260434277,0.24289551813774207,0.2505615063854717,0.2993045127277292,0.31621992754549455,0.3340913294810264
0.000606,0.23546407260434277,0.24289551813774207,0.2505615063854717,0.3340913294810264,0.3529727468498688,0.37292126141758264
0.000573,0.23546407260434277,0.24289551813774207,0.2505615063854717,0.37292126141758264,0.3939971809677202,0.41626422162260607
0.000579,0.23546407260434277,0.24289551813774207,0.2505615063854717,0.41626422162260607,0.4397897004681118,0.46464473906476067
0.00058,0.23546407260434277,0.24289551813774207,0.2505615063854717,0.46464473906476067,0.4909044784604127,0.5186483063545496
0.00056,0.23546407260434277,0.24289551813774207,0.2505615063854717,0.5186483063545496,0.547960097100917,0.5789284652740918
0.000561,0.23546407260434277,0.24289551813774207,0.2505615063854717,0.5789284652740918,0.6116470335665513,0.6462147158261423
0.000567,0.23546407260434277,0.24289551813774207,0.2505615063854717,0.6462147158261423,0.6827360160896209,0.7213213445162929
0.000547,0.23546407260434277,0.24289551813774207,0.2505615063854717,0.7213213445162929,0.7620873511768764,0.805157278706688
0.000569,0.23546407260434277,0.24289551813774207,0.2505615063854717,0.805157278706688,0.8506613348892827,0.8987370862969332
0.000497,0.23546407260434277,0.24289551813774207,0.2505615063854717,0.8987370862969332,0.9495298741779894,1.0031932538484196
0.000553,0.23546407260434277,0.24289551813774207,0.2505615063854717,1.0031932538484196,1.0598894589158872,1.1197898917397926
0.000502,0.23546407260434277,0.24289551813774207,0.2505615063854717,1.1197898917397926,1.183075641610026,1.249938032210973
0.000505,0.23546407260434277,0.24289551813774207,0.2505615063854717,1.249938032210973,1.3205792000258516,1.3952127054299968
0.000502,0.23546407260434277,0.24289551813774207,0.2505615063854717,1.3952127054299968,1.4740641783205308,1.5573720002342704
0.000526,0.23546407260434277,0.24289551813774207,0.2505615063854717,1.5573720002342704,1.6453880250160273,1.7383783402160131
0.000526,0.23546407260434277,0.24289551813774207,0.2505615063854717,1.7383783402160131,1.8366240715181728,1.9404222326313807
0.000819,0.23546407260434277,0.24289551813774207,0.2505615063854717,1.9404222326313807,2.050086623212864,2.1659487775384263
0.001094,0.23546407260434277,0.24289551813774207,0.2505615063854717,2.1659487775384263,2.2883589667874706,2.417687257972894
0.001,0.23546407260434277,0.24289551813774207,0.2505615063854717,2.417687257972894,2.5543246327171887,2.6986841692569943
0.001022,0.23546407260434277,0.24289551813774207,0.2505615063854717,2.6986841692569943,2.851202291249511,3.0123400871561223
0.001014,0.23546407260434277,0.24289551813774207,0.2505615063854717,3.0123400871561223,3.1825847041919566,3.3624508210555346
0.001018,0.23546407260434277,0.24289551813774207,0.2505615063854717,3.3624508210555346,3.552482203890815,3.7532533501855805
0.001031,0.23546407260434277,0.24289551813774207,0.2505615063854717,3.7532533501855805,3.9653712255759532,4.189477098807692
0.000946,0.23546407260434277,0.24289551813774207,0.2505615063854717,4.189477098807692,4.42624848040168,4.676401170884524
0.000946,0.23546407260434277,0.24289551813774207,0.2505615063854717,4.676401170884524,4.940691424776398,5.219918236878273
0.000936,0.23546407260434277,0.24289551813774207,0.2505615063854717,5.219918236878273,5.514925757770336,5.82660584582409
0.00089,0.23546407260434277,0.24289551813774207,0.2505615063854717,5.82660584582409,6.155900763443285,6.5038060256849075
0.000832,0.23546407260434277,0.24289551813774207,0.2505615063854717,6.5038060256849075,6.871373409872062,7.25971413529735
0.000858,0.23546407260434277,0.24289551813774207,0.2505615063854717,7.25971413529735,7.670002222629526,8.103478043179491
0.000857,0.23546407260434277,0.24289551813774207,0.2505615063854717,8.103478043179491,8.561452068755672,9.045308833445212
0.000807,0.23546407260434277,0.24289551813774207,0.2505615063854717,9.045308833445212,9.556511119298175,10.096604378568765
0.000862,0.23546407260434277,0.24289551813774207,0.2505615063854717,10.096604378568765,10.66722140588275,11.27008727445586
0.000308,0.23546407260434277,0.24289551813774207,0.2505615063854717,11.27008727445586,11.907024551286224,12.579958807087245
0.000218,0.23546407260434277,0.24289551813774207,0.2505615063854717,12.579958807087245,13.290924437618376,14.042070814012659
0.000191,0.23546407260434277,0.24289551813774207,0.2505615063854717,14.042070814012659,14.835668780694615,15.67411752053271
0.000172,0.23546407260434277,0.24289551813774207,0.2505615063854717,15.67411752053271,16.55995180798096,17.49584967213718
0.00015,0.23546407260434277,0.24289551813774207,0.2505615063854717,17.49584967213718,18.484640492884626,19.529313554592992
0.000131,0.23546407260434277,0.24289551813774207,0.2505615063854717,19.529313554592992,20.63302708323817,21.799117794261466
0.000139,0.23546407260434277,0.24289551813774207,0.2505615063854717,21.799117794261466,23.03111098003311,24.332731167416135
0.000128,0.23546407260434277,0.24289551813774207,0.2505615063854717,24.332731167416135,25.707913377650407,27.160815022597262
0.000121,0.23546407260434277,0.24289551813774207,0.2505615063854717,27.160815022597262,28.695828473309135,30.317594338921154
8e-05,0.23546407260434277,0.24289551813774207,0.2505615063854717,30.317594338921154,32.03101549600908,33.84127191082679
9.5e-05,0.23546407260434277,0.24289551813774207,0.2505615063854717,33.84127191082679,35.75383629923332,37.77449067165226
8.7e-05,0.23546407260434277,0.24289551813774207,0.2505615063854717,37.77449067165226,39.909343813081726,42.1648497509999
7.8e-05,0.23546407260434277,0.24289551813774207,0.2505615063854717,42.1648497509999,44.547827266997885,47.06548051112691
6e-05,0.23546407260434277,0.24289551813774207,0.2505615063854717,47.06548051112691,49.72542078128044,52.535689533454075
6e-05,0.23546407260434277,0.24289551813774207,0.2505615063854717,52.535689533454075,55.504782692447314,58.641676336502556
7.5e-05,0.23546407260434277,0.24289551813774207,0.2505615063854717,58.641676336502556,61.955853833530256,65.45733451095779
5.4e-05,0.23546407260434277,0.24289551813774207,0.2505615063854717,65.45733451095779,69.15670394587609,73.06514596705614
4.3e-05,0.23546407260434277,0.24289551813774207,0.2505615063854717,73.06514596705614,77.19447646558302,81.55717911632256
2.9e-05,0.23546407260434277,0.24289551813774207,0.2505615063854717,81.55717911632256,86.16644311821332,91.03620306747894
2.8e-05,0.23546407260434277,0.24289551813774207,0.2505615063854717,91.03620306747894,96.18118108430411,101.61693132033079
2.6e-05,0.23546407260434277,0.24289551813774207,0.2505615063854717,101.61693132033079,107.35988698152859,113.42741000859688
1.6e-05,0.23546407260434277,0.24289551813774207,0.2505615063854717,113.42741000859688,119.83784356509167,126.61056749195744
3.3e-05,0.23546407260434277,0.24289551813774207,0.2505615063854717,126.61056749195744,133.76605689611287,141.32594405021308
2e-05,0.23546407260434277,0.24289551813774207,0.2505615063854717,141.32594405021308,149.31308379072314,157.7516226120118
2.3e-05,0.23546407260434277,0.24289551813774207,0.2505615063854717,157.7516226120118,166.66707166534817,176.08638388349098
1.7e-05,0.23546407260434277,0.24289551813774207,0.2505615063854717,176.08638388349098,186.0380354640305,196.55211195782155
1.5e-05,0.23546407260434277,0.24289551813774207,0.2505615063854717,196.55211195782155,207.66039922276806,219.39647951792662
1.3e-05,0.23546407260434277,0.24289551813774207,0.2505615063854717,219.39647951792662,231.79583302844003,244.8959451282275
1e-05,0.23546407260434277,0.24289551813774207,0.2505615063854717,244.8959451282275,258.73641970470345,273.35909888812694
1.4e-05,0.23546407260434277,0.24289551813774207,0.2505615063854717,273.35909888812694,288.8081895475435,305.13039693573796
1.2e-05,0.23546407260434277,0.24289551813774207,0.2505615063854717,305.13039693573796,322.37506588723016,340.5943299961796
7e-06,0.23546407260434277,0.24289551813774207,0.2505615063854717,340.5943299961796,359.843269225189,380.18007642148444
1e-05,0.23546407260434277,0.24289551813774207,0.2505615063854717,380.18007642148444,401.66623324388144,424.3666960323934
7e-06,0.23546407260434277,0.24289551813774207,0.2505615063854717,424.3666960323934,448.35009218239543,473.6889276170203
1.2e-05,0.23546407260434277,0.24289551813774207,0.2505615063854717,473.6889276170203,500.45980598500944,528.7436602466912
1.3e-05,0.23546407260434277,0.24289551813774207,0.2505615063854717,528.7436602466912,558.6259973482117,590.1971567237096
5e-06,0.23546407260434277,0.24289551813774207,0.2505615063854717,590.1971567237096,623.5525834069318,658.7931165779523
8e-06,0.23546407260434277,0.24289551813774207,0.2505615063854717,658.7931165779523,696.0252944173212,735.3616761892738
3e-06,0.23546407260434277,0.24289551813774207,0.2505615063854717,735.3616761892738,776.9211825277038,820.8294549536521
4e-06,0.23546407260434277,0.24289551813774207,0.2505615063854717,820.8294549536521,867.2192357111913,916.2307690700113
5e-06,0.23546407260434277,0.24289551813774207,0.2505615063854717,916.2307690700113,968.0122253079195,1022.7201486550255
8e-06,0.23546407260434277,0.24289551813774207,0.2505615063854717,1022.7201486550255,1080.5199305538154,1141.5863096658716
7e-06,0.23546407260434277,0.24289551813774207,0.2505615063854717,1141.5863096658716,1206.1039001368388,1274.2677497166753
5e-06,0.23546407260434277,0.24289551813774207,0.2505615063854717,1274.2677497166753,1346.2839294224782,1422.370156526539
3e-06,0.23546407260434277,0.24289551813774207,0.2505615063854717,1422.370156526539,1502.7564527530292,1587.68583967315
2e-06,0.23546407260434277,0.24289551813774207,0.2505615063854717,1587.68583967315,1677.4150734010555,1772.2154208116622
4e-06,0.23546407260434277,0.24289551813774207,0.2505615063854717,1772.2154208116622,1872.373479626966,1978.1920448501505
4e-06,0.23546407260434277,0.24289551813774207,0.2505615063854717,1978.1920448501505,2089.991024166855,2208.1084050810155
2e-06,0.23546407260434277,0.24289551813774207,0.2505615063854717,2208.1084050810155,2332.9012767091076,2464.7469093218283
4e-06,0.23546407260434277,0.24289551813774207,0.2505615063854717,2464.7469093218283,2604.0438948968845,2751.213352130962
5e-06,0.23546407260434277,0.24289551813774207,0.2505615063854717,2751.213352130962,2906.7001995538217,3070.9745005933823
4e-06,0.23546407260434277,0.24289551813774207,0.2505615063854717,3070.9745005933823,3244.5328846581474,3427.9000485331494
2e-06,0.23546407260434277,0.24289551813774207,0.2505615063854717,3427.9000485331494,3621.630342628391,3826.309446875285
0.0,0.23546407260434277,0.24289551813774207,0.2505615063854717,3826.309446875285,4042.556141337618,4271.024176889881
6e-06,0.23546407260434277,0.24289551813774207,0.2505615063854717,4271.024176889881,4512.404251618383,4767.426098920123
0.000679,0.2505615063854717,0.2584694397142176,0.266626954115627,0.07999999999999999,0.08452125887808527,0.08929804002920383
0.000637,0.2505615063854717,0.2584694397142176,0.266626954115627,0.08929804002920383,0.09434478448267444,0.09967674941321612
0.000604,0.2505615063854717,0.2584694397142176,0.266626954115627,0.09967674941321612,0.10531005426600588,0.11126172948852864
0.000628,0.2505615063854717,0.2584694397142176,0.266626954115627,0.11126172948852864,0.11754976801654278,0.12419317966981348
0.000627,0.2505615063854717,0.2584694397142176,0.266626954115627,0.12419317966981348,0.13121204862206076,0.13862759411886386
0.000593,0.2505615063854717,0.2584694397142176,0.266626954115627,0.13862759411886386,0.14646223462708277,0.15473965560973155
0.000582,0.2505615063854717,0.2584694397142176,0.266626954115627,0.15473965560973155,0.1634848811311985,0.1727243495092878
0.000571,0.2505615063854717,0.2584694397142176,0.266626954115627,0.1727243495092878,0.1824859932427924,0.1927993234562322
0.000628,0.2505615063854717,0.2584694397142176,0.266626954115627,0.1927993234562322,0.20369551911704872,0.21520752129497553
0.000608,0.2505615063854717,0.2584694397142176,0.266626954115627,0.21520752129497553,0.22737013274854592,0.24022012313980576
0.000561,0.2505615063854717,0.2584694397142176,0.266626954115627,0.24022012313980576,0.25379634019531294,0.26813982714948303
0.000608,0.2505615063854717,0.2584694397142176,0.266626954115627,0.26813982714948303,0.28329394682533116,0.2993045127277292
0.000589,0.2505615063854717,0.2584694397142176,0.266626954115627,0.2993045127277292,0.31621992754549455,0.3340913294810264
0.00055,0.2505615063854717,0.2584694397142176,0.266626954115627,0.3340913294810264,0.3529727468498688,0.37292126141758264
0.000569,0.2505615063854717,0.2584694397142176,0.266626954115627,0.37292126141758264,0.3939971809677202,0.41626422162260607
0.000596,0.2505615063854717,0.2584694397142176,0.266626954115627,0.41626422162260607,0.4397897004681118,0.46464473906476067
0.000548,0.2505615063854717,0.2584694397142176,0.266626954115627,0.46464473906476067,0.4909044784604127,0.5186483063545496
0.000563,0.2505615063854717,0.2584694397142176,0.266626954115627,0.5186483063545496,0.547960097100917,0.5789284652740918
0.00057,0.2505615063854717,0.2584694397142176,0.266626954115627,0.5789284652740918,0.6116470335665513,0.6462147158261423
0.000548,0.2505615063854717,0.2584694397142176,0.266626954115627,0.6462147158261423,0.6827360160896209,0.7213213445162929
0.000576,0.2505615063854717,0.2584694397142176,0.266626954115627,0.7213213445162929,0.7620873511768764,0.805157278706688
0.000555,0.2505615063854717,0.2584694397142176,0.266626954115627,0.805157278706688,0.8506613348892827,0.8987370862969332
0.000551,0.2505615063854717,0.2584694397142176,0.266626954115627,0.8987370862969332,0.9495298741779894,1.0031932538484196
0.000511,0.2505615063854717,0.2584694397142176,0.266626954115627,1.0031932538484196,1.0598894589158872,1.1197898917397926
0.000565,0.2505615063854717,0.2584694397142176,0.266626954115627,1.1197898917397926,1.183075641610026,1.249938032210973
0.000589,0.2505615063854717,0.2584694397142176,0.266626954115627,1.249938032210973,1.3205792000258516,1.3952127054299968
0.000577,0.2505615063854717,0.2584694397142176,0.266626954115627,1.3952127054299968,1.4740641783205308,1.5573720002342704
0.000536,0.2505615063854717,0.2584694397142176,0.266626954115627,1.5573720002342704,1.6453880250160273,1.7383783402160131
0.000502,0.2505615063854717,0.2584694397142176,0.266626954115627,1.7383783402160131,1.8366240715181728,1.9404222326313807
0.000795,0.2505615063854717,0.2584694397142176,0.266626954115627,1.9404222326313807,2.050086623212864,2.1659487775384263
0.001065,0.2505615063854717,0.2584694397142176,0.266626954115627,2.1659487775384263,2.2883589667874706,2.417687257972894
0.001076,0.2505615063854717,0.2584694397142176,0.266626954115627,2.417687257972894,2.5543246327171887,2.6986841692569943
0.001013,0.2505615063854717,0.2584694397142176,0.266626954115627,2.6986841692569943,2.851202291249511,3.0123400871561223
0.001028,0.2505615063854717,0.2584694397142176,0.266626954115627,3.0123400871561223,3.1825847041919566,3.3624508210555346
0.000951,0.2505615063854717,0.2584694397142176,0.266626954115627,3.3624508210555346,3.552482203890815,3.7532533501855805
0.001026,0.2505615063854717,0.2584694397142176,0.266626954115627,3.7532533501855805,3.9653712255759532,4.189477098807692
0.001033,0.2505615063854717,0.2584694397142176,0.266626954115627,4.189477098807692,4.42624848040168,4.676401170884524
0.001,0.2505615063854717,0.2584694397142176,0.266626954115627,4.676401170884524,4.940691424776398,5.219918236878273
0.000924,0.2505615063854717,0.2584694397142176,0.266626954115627,5.219918236878273,5.514925757770336,5.82660584582409
0.000937,0.2505615063854717,0.2584694397142176,0.266626954115627,5.82660584582409,6.155900763443285,6.5038060256849075
0.000959,0.2505615063854717,0.2584694397142176,0.266626954115627,6.5038060256849075,6.871373409872062,7.25971413529735
0.000858,0.2505615063854717,0.2584694397142176,0.266626954115627,7.25971413529735,7.670002222629526,8.103478043179491
0.000806,0.2505615063854717,0.2584694397142176,0.266626954115627,8.103478043179491,8.561452068755672,9.045308833445212
0.00085,0.2505615063854717,0.2584694397142176,0.266626954115627,9.045308833445212,9.556511119298175,10.096604378568765
0.00084,0.2505615063854717,0.2584694397142176,0.266626954115627,10.096604378568765,10.66722140588275,11.27008727445586
0.000301,0.2505615063854717,0.2584694397142176,0.266626954115627,11.27008727445586,11.907024551286224,12.579958807087245
0.000234,0.2505615063854717,0.2584694397142176,0.266626954115627,12.579958807087245,13.290924437618376,14.042070814012659
0.000174,0.2505615063854717,0.2584694397142176,0.266626954115627,14.042070814012659,14.835668780694615,15.67411752053271
0.000187,0.2505615063854717,0.2584694397142176,0.266626954115627,15.67411752053271,16.55995180798096,17.49584967213718
0.00016,0.2505615063854717,0.2584694397142176,0.266626954115627,17.49584967213718,18.484640492884626,19.529313554592992
0.000154,0.2505615063854717,0.2584694397142176,0.266626954115627,19.529313554592992,20.63302708323817,21.799117794261466
0.000146,0.2505615063854717,0.2584694397142176,0.266626954115627,21.799117794261466,23.03111098003311,24.332731167416135
0.000125,0.2505615063854717,0.2584694397142176,0.266626954115627,24.332731167416135,25.707913377650407,27.160815022597262
0.000117,0.2505615063854717,0.2584694397142176,0.266626954115627,27.160815022597262,28.695828473309135,30.317594338921154
0.000129,0.2505615063854717,0.2584694397142176,0.266626954115627,30.317594338921154,32.03101549600908,33.84127191082679
9.3e-05,0.2505615063854717,0.2584694397142176,0.266626954115627,33.84127191082679,35.75383629923332,37.77449067165226
8.1e-05,0.2505615063854717,0.2584694397142176,0.266626954115627,37.77449067165226,39.909343813081726,42.1648497509999
0.000101,0.2505615063854717,0.2584694397142176,0.266626954115627,42.1648497509999,44.547827266997885,47.06548051112691
8.2e-05,0.2505615063854717,0.2584694397142176,0.266626954115627,47.06548051112691,49.72542078128044,52.535689533454075
5.9e-05,0.2505615063854717,0.2584694397142176,0.266626954115627,52.535689533454075,55.504782692447314,58.641676336502556
7.4e-05,0.2505615063854717,0.2584694397142176,0.266626954115627,58.641676336502556,61.955853833530256,65.45733451095779
5.3e-05,0.2505615063854717,0.2584694397142176,0.266626954115627,65.45733451095779,69.15670394587609,73.06514596705614
3.7e-05,0.2505615063854717,0.2584694397142176,0.266626954115627,73.06514596705614,77.19447646558302,81.55717911632256
2.4e-05,0.2505615063854717,0.2584694397142176,0.266626954115627,81.55717911632256,86.16644311821332,91.03620306747894
2.6e-05,0.2505615063854717,0.2584694397142176,0.266626954115627,91.03620306747894,96.18118108430411,101.61693132033079
1.4e-05,0.2505615063854717,0.2584694397142176,0.266626954115627,101.61693132033079,107.35988698152859,113.42741000859688
2e-05,0.2505615063854717,0.2584694397142176,0.266626954115627,113.42741000859688,119.83784356509167,126.61056749195744
1.8e-05,0.2505615063854717,0.2584694397142176,0.266626954115627,126.61056749195744,133.76605689611287,141.32594405021308
2.2e-05,0.2505615063854717,0.2584694397142176,0.266626954115627,141.32594405021308,149.31308379072314,157.7516226120118
1.9e-05,0.2505615063854717,0.2584694397142176,0.266626954115627,157.7516226120118,166.66707166534817,176.08638388349098
1.5e-05,0.2505615063854717,0.2584694397142176,0.266626954115627,176.08638388349098,186.0380354640305,196.55211195782155
9e-06,0.2505615063854717,0.2584694397142176,0.266626954115627,196.55211195782155,207.66039922276806,219.39647951792662
2e-05,0.2505615063854717,0.2584694397142176,0.266626954115627,219.39647951792662,231.79583302844003,244.8959451282275
1.2e-05,0.2505615063854717,0.2584694397142176,0.266626954115627,244.8959451282275,258.73641970470345,273.35909888812694
7e-06,0.2505615063854717,0.2584694397142176,0.266626954115627,273.35909888812694,288.8081895475435,305.13039693573796
1.5e-05,0.2505615063854717,0.2584694397142176,0.266626954115627,305.13039693573796,322.37506588723016,340.5943299961796
1e-05,0.2505615063854717,0.2584694397142176,0.266626954115627,340.5943299961796,359.843269225189,380.18007642148444
1.6e-05,0.2505615063854717,0.2584694397142176,0.266626954115627,380.18007642148444,401.66623324388144,424.3666960323934
9e-06,0.2505615063854717,0.2584694397142176,0.266626954115627,424.3666960323934,448.35009218239543,473.6889276170203
7e-06,0.2505615063854717,0.2584694397142176,0.266626954115627,473.6889276170203,500.45980598500944,528.7436602466912
5e-06,0.2505615063854717,0.2584694397142176,0.266626954115627,528.7436602466912,558.6259973482117,590.1971567237096
8e-06,0.2505615063854717,0.2584694397142176,0.266626954115627,590.1971567237096,623.5525834069318,658.7931165779523
1e-05,0.2505615063854717,0.2584694397142176,0.266626954115627,658.7931165779523,696.0252944173212,735.3616761892738
3e-06,0.2505615063854717,0.2584694397142176,0.266626954115627,735.3616761892738,776.9211825277038,820.8294549536521
6e-06,0.2505615063854717,0.2584694397142176,0.266626954115627,820.8294549536521,867.2192357111913,916.2307690700113
8e-06,0.2505615063854717,0.2584694397142176,0.266626954115627,916.2307690700113,968.0122253079195,1022.7201486550255
3e-06,0.2505615063854717,0.2584694397142176,0.266626954115627,1022.7201486550255,1080.5199305538154,1141.5863096658716
6e-06,0.2505615063854717,0.2584694397142176,0.266626954115627,1141.5863096658716,1206.1039001368388,1274.2677497166753
1e-06,0.2505615063854717,0.2584694397142176,0.266626954115627,1274.2677497166753,1346.2839294224782,1422.370156526539
4e-06,0.2505615063854717,0.2584694397142176,0.266626954115627,1422.370156526539,1502.7564527530292,1587.68583967315
6e-06,0.2505615063854717,0.2584694397142176,0.266626954115627,1587.68583967315,1677.4150734010555,1772.2154208116622
5e-06,0.2505615063854717,0.2584694397142176,0.266626954115627,1772.2154208116622,1872.373479626966,1978.1920448501505
2e-06,0.2505615063854717,0.2584694397142176,0.266626954115627,1978.1920448501505,2089.991024166855,2208.1084050810155
1e-06,0.2505615063854717,0.2584694397142176,0.266626954115627,2208.1084050810155,2332.9012767091076,2464.7469093218283
3e-06,0.2505615063854717,0.2584694397142176,0.266626954115627,2464.7469093218283,2604.0438948968845,2751.213352130962
7e-06,0.2505615063854717,0.2584694397142176,0.266626954115627,2751.213352130962,2906.7001995538217,3070.9745005933823
0.0,0.2505615063854717,0.2584694397142176,0.266626954115627,3070.9745005933823,3244.5328846581474,3427.9000485331494
5e-06,0.2505615063854717,0.2584694397142176,0.266626954115627,3427.9000485331494,3621.630342628391,3826.309446875285
0.0,0.2505615063854717,0.2584694397142176,0.266626954115627,3826.309446875285,4042.556141337618,4271.024176889881
1e-06,0.2505615063854717,0.2584694397142176,0.266626954115627,4271.024176889881,4512.404251618383,4767.426098920123
0.000661,0.266626954115627,0.2750419265797102,0.28372248270095274,0.07999999999999999,0.08452125887808527,0.08929804002920383
0.000611,0.266626954115627,0.2750419265797102,0.28372248270095274,0.08929804002920383,0.09434478448267444,0.09967674941321612
0.000629,0.266626954115627,0.2750419265797102,0.28372248270095274,0.09967674941321612,0.10531005426600588,0.11126172948852864
0.000682,0.266626954115627,0.2750419265797102,0.28372248270095274,0.11126172948852864,0.11754976801654278,0.12419317966981348
0.000641,0.266626954115627,0.2750419265797102,0.28372248270095274,0.12419317966981348,0.13121204862206076,0.13862759411886386
0.000558,0.266626954115627,0.2750419265797102,0.28372248270095274,0.13862759411886386,0.14646223462708277,0.15473965560973155
0.000632,0.266626954115627,0.2750419265797102,0.28372248270095274,0.15473965560973155,0.1634848811311985,0.1727243495092878
0.000601,0.266626954115627,0.2750419265797102,0.28372248270095274,0.1727243495092878,0.1824859932427924,0.1927993234562322
0.000634,0.266626954115627,0.2750419265797102,0.28372248270095274,0.1927993234562322,0.20369551911704872,0.21520752129497553
0.000617,0.266626954115627,0.2750419265797102,0.28372248270095274,0.21520752129497553,0.22737013274854592,0.24022012313980576
0.000604,0.266626954115627,0.2750419265797102,0.28372248270095274,0.24022012313980576,0.25379634019531294,0.26813982714948303
0.000595,0.266626954115627,0.2750419265797102,0.28372248270095274,0.26813982714948303,0.28329394682533116,0.2993045127277292
0.000609,0.266626954115627,0.2750419265797102,0.28372248270095274,0.2993045127277292,0.31621992754549455,0.3340913294810264
0.000583,0.266626954115627,0.2750419265797102,0.28372248270095274,0.3340913294810264,0.3529727468498688,0.37292126141758264
0.000608,0.266626954115627,0.2750419265797102,0.28372248270095274,0.37292126141758264,0.3939971809677202,0.41626422162260607
0.000596,0.266626954115627,0.2750419265797102,0.28372248270095274,0.41626422162260607,0.4397897004681118,0.46464473906476067
0.000616,0.266626954115627,0.2750419265797102,0.28372248270095274,0.46464473906476067,0.4909044784604127,0.5186483063545496
0.00058,0.266626954115627,0.2750419265797102,0.28372248270095274,0.5186483063545496,0.547960097100917,0.5789284652740918
0.000552,0.266626954115627,0.2750419265797102,0.28372248270095274,0.5789284652740918,0.6116470335665513,0.6462147158261423
0.000573,0.266626954115627,0.2750419265797102,0.28372248270095274,0.6462147158261423,0.6827360160896209,0.7213213445162929
0.000586,0.266626954115627,0.2750419265797102,0.28372248270095274,0.7213213445162929,0.7620873511768764,0.805157278706688
0.000548,0.266626954115627,0.2750419265797102,0.28372248270095274,0.805157278706688,0.8506613348892827,0.8987370862969332
0.000547,0.266626954115627,0.2750419265797102,0.28372248270095274,0.8987370862969332,0.9495298741779894,1.0031932538484196
0.000581,0.266626954115627,0.2750419265797102,0.28372248270095274,1.0031932538484196,1.0598894589158872,1.1197898917397926
0.000533,0.266626954115627,0.2750419265797102,0.28372248270095274,1.1197898917397926,1.183075641610026,1.249938032210973
0.000536,0.266626954115627,0.2750419265797102,0.28372248270095274,1.249938032210973,1.3205792000258516,1.3952127054299968
0.000537,0.266626954115627,0.2750419265797102,0.28372248270095274,1.3952127054299968,1.4740641783205308,1.5573720002342704
0.000503,0.266626954115627,0.2750419265797102,0.28372248270095274,1.5573720002342704,1.6453880250160273,1.7383783402160131
0.000507,0.266626954115627,0.2750419265797102,0.28372248270095274,1.7383783402160131,1.8366240715181728,1.9404222326313807
0.000846,0.266626954115627,0.2750419265797102,0.28372248270095274,1.9404222326313807,2.050086623212864,2.1659487775384263
0.001135,0.266626954115627,0.2750419265797102,0.28372248270095274,2.1659487775384263,2.2883589667874706,2.417687257972894
0.001027,0.266626954115627,0.2750419265797102,0.28372248270095274,2.417687257972894,2.5543246327171887,2.6986841692569943
0.001078,0.266626954115627,0.2750419265797102,0.28372248270095274,2.6986841692569943,2.851202291249511,3.0123400871561223
0.001083,0.266626954115627,0.2750419265797102,0.28372248270095274,3.0123400871561223,3.1825847041919566,3.3624508210555346
0.001019,0.266626954115627,0.2750419265797102,0.28372248270095274,3.3624508210555346,3.552482203890815,3.7532533501855805
0.000989,0.266626954115627,0.2750419265797102,0.28372248270095274,3.7532533501855805,3.9653712255759532,4.189477098807692
0.00101,0.266626954115627,0.2750419265797102,0.28372248270095274,4.189477098807692,4.42624848040168,4.676401170884524
0.000958,0.266626954115627,0.2750419265797102,0.28372248270095274,4.676401170884524,4.940691424776398,5.219918236878273
0.000966,0.266626954115627,0.2750419265797102,0.28372248270095274,5.219918236878273,5.514925757770336,5.82660584582409
0.000969,0.266626954115627,0.2750419265797102,0.28372248270095274,5.82660584582409,6.155900763443285,6.5038060256849075
0.000947,0.266626954115627,0.2750419265797102,0.28372248270095274,6.5038060256849075,6.871373409872062,7.25971413529735
0.0009,0.266626954115627,0.2750419265797102,0.28372248270095274,7.25971413529735,7.670002222629526,8.103478043179491
0.000885,0.266626954115627,0.2750419265797102,0.28372248270095274,8.103478043179491,8.561452068755672,9.045308833445212
0.000851,0.266626954115627,0.2750419265797102,0.28372248270095274,9.045308833445212,9.556511119298175,10.096604378568765
0.000815,0.266626954115627,0.2750419265797102,0.28372248270095274,10.096604378568765,10.66722140588275,11.27008727445586
0.000352,0.266626954115627,0.2750419265797102,0.28372248270095274,11.27008727445586,11.907024551286224,12.579958807087245
0.000195,0.266626954115627,0.2750419265797102,0.28372248270095274,12.579958807087245,13.290924437618376,14.042070814012659
0.000193,0.266626954115627,0.2750419265797102,0.28372248270095274,14.042070814012659,14.835668780694615,15.67411752053271
0.000209,0.266626954115627,0.2750419265797102,0.28372248270095274,15.67411752053271,16.55995180798096,17.49584967213718
0.00015,0.266626954115627,0.2750419265797102,0.28372248270095274,17.49584967213718,18.484640492884626,19.529313554592992
0.000148,0.266626954115627,0.2750419265797102,0.28372248270095274,19.529313554592992,20.63302708323817,21.799117794261466
0.000144,0.266626954115627,0.2750419265797102,0.28372248270095274,21.799117794261466,23.03111098003311,24.332731167416135
0.000122,0.266626954115627,0.2750419265797102,0.28372248270095274,24.332731167416135,25.707913377650407,27.160815022597262
0.000129,0.266626954115627,0.2750419265797102,0.28372248270095274,27.160815022597262,28.695828473309135,30.317594338921154
0.00012,0.266626954115627,0.2750419265797102,0.28372248270095274,30.317594338921154,32.03101549600908,33.84127191082679
0.000122,0.266626954115627,0.2750419265797102,0.28372248270095274,33.84127191082679,35.75383629923332,37.77449067165226
0.000111,0.266626954115627,0.2750419265797102,0.28372248270095274,37.77449067165226,39.909343813081726,42.1648497509999
0.000101,0.266626954115627,0.2750419265797102,0.28372248270095274,42.1648497509999,44.547827266997885,47.06548051112691
7.2e-05,0.266626954115627,0.2750419265797102,0.28372248270095274,47.06548051112691,49.72542078128044,52.535689533454075
6.6e-05,0.266626954115627,0.2750419265797102,0.28372248270095274,52.535689533454075,55.504782692447314,58.641676336502556
6.5e-05,0.266626954115627,0.2750419265797102,0.28372248270095274,58.641676336502556,61.955853833530256,65.45733451095779
5.4e-05,0.266626954115627,0.2750419265797102,0.28372248270095274,65.45733451095779,69.15670394587609,73.06514596705614
2.9e-05,0.266626954115627,0.2750419265797102,0.28372248270095274,73.06514596705614,77.19447646558302,81.55717911632256
3.5e-05,0.266626954115627,0.2750419265797102,0.28372248270095274,81.55717911632256,86.16644311821332,91.03620306747894
2.9e-05,0.266626954115627,0.2750419265797102,0.28372248270095274,91.03620306747894,96.18118108430411,101.61693132033079
3.2e-05,0.266626954115627,0.2750419265797102,0.28372248270095274,101.61693132033079,107.35988698152859,113.42741000859688
2.7e-05,0.266626954115627,0.2750419265797102,0.28372248270095274,113.42741000859688,119.83784356509167,126.61056749195744
3.2e-05,0.266626954115627,0.2750419265797102,0.28372248270095274,126.61056749195744,133.76605689611287,141.32594405021308
2.4e-05,0.266626954115627,0.2750419265797102,0.28372248270095274,141.32594405021308,149.31308379072314,157.7516226120118
2.2e-05,0.266626954115627,0.2750419265797102,0.28372248270095274,157.7516226120118,166.66707166534817,176.08638388349098
1.8e-05,0.266626954115627,0.2750419265797102,0.28372248270095274,176.08638388349098,186.0380354640305,196.55211195782155
1e-05,0.266626954115627,0.2750419265797102,0.28372248270095274,196.55211195782155,207.66039922276806,219.39647951792662
1.9e-05,0.266626954115627,0.2750419265797102,0.28372248270095274,219.39647951792662,231.79583302844003,244.8959451282275
1.5e-05,0.266626954115627,0.2750419265797102,0.28372248270095274,244.8959451282275,258.73641970470345,273.35909888812694
1.8e-05,0.266626954115627,0.2750419265797102,0.28372248270095274,273.35909888812694,288.8081895475435,305.13039693573796
1.6e-05,0.266626954115627,0.2750419265797102,0.28372248270095274,305.13039693573796,322.37506588723016,340.5943299961796
1.6e-05,0.266626954115627,0.2750419265797102,0.28372248270095274,340.5943299961796,359.843269225189,380.18007642148444
1.5e-05,0.266626954115627,0.2750419265797102,0.28372248270095274,380.18007642148444,401.66623324388144,424.3666960323934
1.6e-05,0.266626954115627,0.2750419265797102,0.28372248270095274,424.3666960323934,448.35009218239543,473.6889276170203
5e-06,0.266626954115627,0.2750419265797102,0.28372248270095274,473.6889276170203,500.45980598500944,528.7436602466912
3e-06,0.266626954115627,0.2750419265797102,0.28372248270095274,528.7436602466912,558.6259973482117,590.1971567237096
7e-06,0.266626954115627,0.2750419265797102,0.28372248270095274,590.1971567237096,623.5525834069318,658.7931165779523
7e-06,0.266626954115627,0.2750419265797102,0.28372248270095274,658.7931165779523,696.0252944173212,735.3616761892738
7e-06,0.266626954115627,0.2750419265797102,0.28372248270095274,735.3616761892738,776.9211825277038,820.8294549536521
7e-06,0.266626954115627,0.2750419265797102,0.28372248270095274,820.8294549536521,867.2192357111913,916.2307690700113
9e-06,0.266626954115627,0.2750419265797102,0.28372248270095274,916.2307690700113,968.0122253079195,1022.7201486550255
9e-06,0.266626954115627,0.2750419265797102,0.28372248270095274,1022.7201486550255,1080.5199305538154,1141.5863096658716
4e-06,0.266626954115627,0.2750419265797102,0.28372248270095274,1141.5863096658716,1206.1039001368388,1274.2677497166753
4e-06,0.266626954115627,0.2750419265797102,0.28372248270095274,1274.2677497166753,1346.2839294224782,1422.370156526539
4e-06,0.266626954115627,0.2750419265797102,0.28372248270095274,1422.370156526539,1502.7564527530292,1587.68583967315
5e-06,0.266626954115627,0.2750419265797102,0.28372248270095274,1587.68583967315,1677.4150734010555,1772.2154208116622
5e-06,0.266626954115627,0.2750419265797102,0.28372248270095274,1772.2154208116622,1872.373479626966,1978.1920448501505
4e-06,0.266626954115627,0.2750419265797102,0.28372248270095274,1978.1920448501505,2089.991024166855,2208.1084050810155
4e-06,0.266626954115627,0.2750419265797102,0.28372248270095274,2208.1084050810155,2332.9012767091076,2464.7469093218283
3e-06,0.266626954115627,0.2750419265797102,0.28372248270095274,2464.7469093218283,2604.0438948968845,2751.213352130962
1e-06,0.266626954115627,0.2750419265797102,0.28372248270095274,2751.213352130962,2906.7001995538217,3070.9745005933823
2e-06,0.266626954115627,0.2750419265797102,0.28372248270095274,3070.9745005933823,3244.5328846581474,3427.9000485331494
7e-06,0.266626954115627,0.2750419265797102,0.28372248270095274,3427.9000485331494,3621.630342628391,3826.309446875285
4e-06,0.266626954115627,0.2750419265797102,0.28372248270095274,3826.309446875285,4042.556141337618,4271.024176889881
3e-06,0.266626954115627,0.2750419265797102,0.28372248270095274,4271.024176889881,4512.404251618383,4767.426098920123
0.000707,0.28372248270095274,0.2926770045244832,0.30191413863987293,0.07999999999999999,0.08452125887808527,0.08929804002920383
0.000623,0.28372248270095274,0.2926770045244832,0.30191413863987293,0.08929804002920383,0.09434478448267444,0.09967674941321612
0.000685,0.28372248270095274,0.2926770045244832,0.30191413863987293,0.09967674941321612,0.10531005426600588,0.11126172948852864
0.000641,0.28372248270095274,0.2926770045244832,0.30191413863987293,0.11126172948852864,0.11754976801654278,0.12419317966981348
0.000645,0.28372248270095274,0.2926770045244832,0.30191413863987293,0.12419317966981348,0.13121204862206076,0.13862759411886386
0.000621,0.28372248270095274,0.2926770045244832,0.30191413863987293,0.13862759411886386,0.14646223462708277,0.15473965560973155
0.000615,0.28372248270095274,0.2926770045244832,0.30191413863987293,0.15473965560973155,0.1634848811311985,0.1727243495092878
0.000629,0.28372248270095274,0.2926770045244832,0.30191413863987293,0.1727243495092878,0.1824859932427924,0.1927993234562322
0.000602,0.28372248270095274,0.2926770045244832,0.30191413863987293,0.1927993234562322,0.20369551911704872,0.21520752129497553
0.000638,0.28372248270095274,0.2926770045244832,0.30191413863987293,0.21520752129497553,0.22737013274854592,0.24022012313980576
0.000611,0.28372248270095274,0.2926770045244832,0.30191413863987293,0.24022012313980576,0.25379634019531294,0.26813982714948303
0.000605,0.28372248270095274,0.2926770045244832,0.30191413863987293,0.26813982714948303,0.28329394682533116,0.2993045127277292
0.000602,0.28372248270095274,0.2926770045244832,0.30191413863987293,0.2993045127277292,0.31621992754549455,0.3340913294810264
0.000648,0.28372248270095274,0.2926770045244832,0.30191413863987293,0.3340913294810264,0.3529727468498688,0.37292126141758264
0.00057,0.28372248270095274,0.2926770045244832,0.30191413863987293,0.37292126141758264,0.3939971809677202,0.41626422162260607
0.000607,0.28372248270095274,0.2926770045244832,0.30191413863987293,0.41626422162260607,0.4397897004681118,0.46464473906476067
0.000591,0.28372248270095274,0.2926770045244832,0.30191413863987293,0.46464473906476067,0.4909044784604127,0.5186483063545496
0.000595,0.28372248270095274,0.2926770045244832,0.30191413863987293,0.5186483063545496,0.547960097100917,0.5789284652740918
0.000632,0.28372248270095274,0.2926770045244832,0.30191413863987293,0.5789284652740918,0.6116470335665513,0.6462147158261423
0.000581,0.28372248270095274,0.2926770045244832,0.30191413863987293,0.6462147158261423,0.6827360160896209,0.7213213445162929
0.000588,0.28372248270095274,0.2926770045244832,0.30191413863987293,0.7213213445162929,0.7620873511768764,0.805157278706688
0.000596,0.28372248270095274,0.2926770045244832,0.30191413863987293,0.805157278706688,0.8506613348892827,0.8987370862969332
0.000566,0.28372248270095274,0.2926770045244832,0.30191413863987293,0.8987370862969332,0.9495298741779894,1.0031932538484196
0.000584,0.28372248270095274,0.2926770045244832,0.30191413863987293,1.0031932538484196,1.0598894589158872,1.1197898917397926
0.000574,0.28372248270095274,0.2926770045244832,0.30191413863987293,1.1197898917397926,1.183075641610026,1.249938032210973
0.000557,0.28372248270095274,0.2926770045244832,0.30191413863987293,1.249938032210973,1.3205792000258516,1.3952127054299968
0.000517,0.28372248270095274,0.2926770045244832,0.30191413863987293,1.3952127054299968,1.4740641783205308,1.5573720002342704
0.000537,0.28372248270095274,0.2926770045244832,0.30191413863987293,1.5573720002342704,1.6453880250160273,1.7383783402160131
0.000517,0.28372248270095274,0.2926770045244832,0.30191413863987293,1.7383783402160131,1.8366240715181728,1.9404222326313807
0.000797,0.28372248270095274,0.2926770045244832,0.30191413863987293,1.9404222326313807,2.050086623212864,2.1659487775384263
0.001098,0.28372248270095274,0.2926770045244832,0.30191413863987293,2.1659487775384263,2.2883589667874706,2.417687257972894
0.001094,0.28372248270095274,0.2926770045244832,0.30191413863987293,2.417687257972894,2.5543246327171887,2.6986841692569943
0.001148,0.28372248270095274,0.2926770045244832,0.30191413863987293,2.6986841692569943,2.851202291249511,3.0123400871561223
0.001063,0.28372248270095274,0.2926770045244832,0.30191413863987293,3.0123400871561223,3.1825847041919566,3.3624508210555346
0.001101,0.28372248270095274,0.2926770045244832,0.30191413863987293,3.3624508210555346,3.552482203890815,3.7532533501855805
0.00097,0.28372248270095274,0.2926770045244832,0.30191413863987293,3.7532533501855805,3.9653712255759532,4.189477098807692
0.000944,0.28372248270095274,0.2926770045244832,0.30191413863987293,4.189477098807692,4.42624848040168,4.676401170884524
0.000969,0.28372248270095274,0.2926770045244832,0.30191413863987293,4.676401170884524,4.940691424776398,5.219918236878273
0.000931,0.28372248270095274,0.2926770045244832,0.30191413863987293,5.219918236878273,5.514925757770336,5.82660584582409
0.000959,0.28372248270095274,0.2926770045244832,0.30191413863987293,5.82660584582409,6.155900763443285,6.5038060256849075
0.000914,0.28372248270095274,0.2926770045244832,0.30191413863987293,6.5038060256849075,6.871373409872062,7.25971413529735
0.000896,0.28372248270095274,0.2926770045244832,0.30191413863987293,7.25971413529735,7.670002222629526,8.103478043179491
0.000903,0.28372248270095274,0.2926770045244832,0.30191413863987293,8.103478043179491,8.561452068755672,9.045308833445212
0.000896,0.28372248270095274,0.2926770045244832,0.30191413863987293,9.045308833445212,9.556511119298175,10.096604378568765
0.000869,0.28372248270095274,0.2926770045244832,0.30191413863987293,10.096604378568765,10.66722140588275,11.27008727445586
0.000355,0.28372248270095274,0.2926770045244832,0.30191413863987293,11.27008727445586,11.907024551286224,12.579958807087245
0.000225,0.28372248270095274,0.2926770045244832,0.30191413863987293,12.579958807087245,13.290924437618376,14.042070814012659
0.000224,0.28372248270095274,0.2926770045244832,0.30191413863987293,14.042070814012659,14.835668780694615,15.67411752053271
0.000189,0.28372248270095274,0.2926770045244832,0.30191413863987293,15.67411752053271,16.55995180798096,17.49584967213718
0.000211,0.28372248270095274,0.2926770045244832,0.30191413863987293,17.49584967213718,18.484640492884626,19.529313554592992
0.00016,0.28372248270095274,0.2926770045244832,0.30191413863987293,19.529313554592992,20.63302708323817,21.799117794261466
0.000162,0.28372248270095274,0.2926770045244832,0.30191413863987293,21.799117794261466,23.03111098003311,24.332731167416135
0.00015,0.28372248270095274,0.2926770045244832,0.30191413863987293,24.332731167416135,25.707913377650407,27.160815022597262
0.000124,0.28372248270095274,0.2926770045244832,0.30191413863987293,27.160815022597262,28.695828473309135,30.317594338921154
0.000107,0.28372248270095274,0.2926770045244832,0.30191413863987293,30.317594338921154,32.03101549600908,33.84127191082679
0.000113,0.28372248270095274,0.2926770045244832,0.30191413863987293,33.84127191082679,35.75383629923332,37.77449067165226
0.000125,0.28372248270095274,0.2926770045244832,0.30191413863987293,37.77449067165226,39.909343813081726,42.1648497509999
9.9e-05,0.28372248270095274,0.2926770045244832,0.30191413863987293,42.1648497509999,44.547827266997885,47.06548051112691
8.6e-05,0.28372248270095274,0.2926770045244832,0.30191413863987293,47.06548051112691,49.72542078128044,52.535689533454075
7.7e-05,0.28372248270095274,0.2926770045244832,0.30191413863987293,52.535689533454075,55.504782692447314,58.641676336502556
7.1e-05,0.28372248270095274,0.2926770045244832,0.30191413863987293,58.641676336502556,61.955853833530256,65.45733451095779
5.2e-05,0.28372248270095274,0.2926770045244832,0.30191413863987293,65.45733451095779,69.15670394587609,73.06514596705614
4.4e-05,0.28372248270095274,0.2926770045244832,0.30191413863987293,73.06514596705614,77.19447646558302,81.55717911632256
3.2e-05,0.28372248270095274,0.2926770045244832,0.30191413863987293,81.55717911632256,86.16644311821332,91.03620306747894
3.8e-05,0.28372248270095274,0.2926770045244832,0.30191413863987293,91.03620306747894,96.18118108430411,101.61693132033079
2.8e-05,0.28372248270095274,0.2926770045244832,0.30191413863987293,101.61693132033079,107.35988698152859,113.42741000859688
2e-05,0.28372248270095274,0.2926770045244832,0.30191413863987293,113.42741000859688,119.83784356509167,126.61056749195744
3.1e-05,0.28372248270095274,0.2926770045244832,0.30191413863987293,126.61056749195744,133.76605689611287,141.32594405021308
1.7e-05,0.28372248270095274,0.2926770045244832,0.30191413863987293,141.32594405021308,149.31308379072314,157.7516226120118
8e-06,0.28372248270095274,0.2926770045244832,0.30191413863987293,157.7516226120118,166.66707166534817,176.08638388349098
2e-05,0.28372248270095274,0.2926770045244832,0.30191413863987293,176.08638388349098,186.0380354640305,196.55211195782155
1.8e-05,0.28372248270095274,0.2926770045244832,0.30191413863987293,196.55211195782155,207.66039922276806,219.39647951792662
1.8e-05,0.28372248270095274,0.2926770045244832,0.30191413863987293,219.39647951792662,231.79583302844003,244.8959451282275
1.3e-05,0.28372248270095274,0.2926770045244832,0.30191413863987293,244.8959451282275,258.73641970470345,273.35909888812694
1.7e-05,0.28372248270095274,0.2926770045244832,0.30191413863987293,273.35909888812694,288.8081895475435,305.13039693573796
1e-05,0.28372248270095274,0.2926770045244832,0.30191413863987293,305.13039693573796,322.37506588723016,340.5943299961796
1.1e-05,0.28372248270095274,0.2926770045244832,0.30191413863987293,340.5943299961796,359.843269225189,380.18007642148444
1.3e-05,0.28372248270095274,0.2926770045244832,0.30191413863987293,380.18007642148444,401.66623324388144,424.3666960323934
1.7e-05,0.28372248270095274,0.2926770045244832,0.30191413863987293,424.3666960323934,448.35009218239543,473.6889276170203
1.3e-05,0.28372248270095274,0.2926770045244832,0.30191413863987293,473.6889276170203,500.45980598500944,528.7436602466912
5e-06,0.28372248270095274,0.2926770045244832,0.30191413863987293,528.7436602466912,558.6259973482117,590.1971567237096
1.3e-05,0.28372248270095274,0.2926770045244832,0.30191413863987293,590.1971567237096,623.5525834069318,658.7931165779523
7e-06,0.28372248270095274,0.2926770045244832,0.30191413863987293,658.7931165779523,696.0252944173212,735.3616761892738
1e-05,0.28372248270095274,0.2926770045244832,0.30191413863987293,735.3616761892738,776.9211825277038,820.8294549536521
3e-06,0.28372248270095274,0.2926770045244832,0.30191413863987293,820.8294549536521,867.2192357111913,916.2307690700113
5e-06,0.28372248270095274,0.2926770045244832,0.30191413863987293,916.2307690700113,968.0122253079195,1022.7201486550255
4e-06,0.28372248270095274,0.2926770045244832,0.30191413863987293,1022.7201486550255,1080.5199305538154,1141.5863096658716
2e-06,0.28372248270095274,0.2926770045244832,0.30191413863987293,1141.5863096658716,1206.1039001368388,1274.2677497166753
2e-06,0.28372248270095274,0.2926770045244832,0.30191413863987293,1274.2677497166753,1346.2839294224782,1422.370156526539
1e-05,0.28372248270095274,0.2926770045244832,0.30191413863987293,1422.370156526539,1502.7564527530292,1587.68583967315
3e-06,0.28372248270095274,0.2926770045244832,0.30191413863987293,1587.68583967315,1677.4150734010555,1772.2154208116622
1e-06,0.28372248270095274,0.2926770045244832,0.30191413863987293,1772.2154208116622,1872.373479626966,1978.1920448501505
3e-06,0.28372248270095274,0.2926770045244832,0.30191413863987293,1978.1920448501505,2089.991024166855,2208.1084050810155
4e-06,0.28372248270095274,0.2926770045244832,0.30191413863987293,2208.1084050810155,2332.9012767091076,2464.7469093218283
1e-06,0.28372248270095274,0.2926770045244832,0.30191413863987293,2464.7469093218283,2604.0438948968845,2751.213352130962
1e-06,0.28372248270095274,0.2926770045244832,0.30191413863987293,2751.213352130962,2906.7001995538217,3070.9745005933823
4e-06,0.28372248270095274,0.2926770045244832,0.30191413863987293,3070.9745005933823,3244.5328846581474,3427.9000485331494
0.0,0.28372248270095274,0.2926770045244832,0.30191413863987293,3427.9000485331494,3621.630342628391,3826.309446875285
4e-06,0.28372248270095274,0.2926770045244832,0.30191413863987293,3826.309446875285,4042.556141337618,4271.024176889881
4e-06,0.28372248270095274,0.2926770045244832,0.30191413863987293,4271.024176889881,4512.404251618383,4767.426098920123
0.000642,0.30191413863987293,0.3114428045303822,0.3212722031857164,0.07999999999999999,0.08452125887808527,0.08929804002920383
0.000687,0.30191413863987293,0.3114428045303822,0.3212722031857164,0.08929804002920383,0.09434478448267444,0.09967674941321612
0.000611,0.30191413863987293,0.3114428045303822,0.3212722031857164,0.09967674941321612,0.10531005426600588,0.11126172948852864
0.000643,0.30191413863987293,0.3114428045303822,0.3212722031857164,0.11126172948852864,0.11754976801654278,0.12419317966981348
0.000622,0.30191413863987293,0.3114428045303822,0.3212722031857164,0.12419317966981348,0.13121204862206076,0.13862759411886386
0.000686,0.30191413863987293,0.3114428045303822,0.3212722031857164,0.13862759411886386,0.14646223462708277,0.15473965560973155
0.000651,0.30191413863987293,0.3114428045303822,0.3212722031857164,0.15473965560973155,0.1634848811311985,0.1727243495092878
0.000612,0.30191413863987293,0.3114428045303822,0.3212722031857164,0.1727243495092878,0.1824859932427924,0.1927993234562322
0.00065,0.30191413863987293,0.3114428045303822,0.3212722031857164,0.1927993234562322,0.20369551911704872,0.21520752129497553
0.000678,0.30191413863987293,0.3114428045303822,0.3212722031857164,0.21520752129497553,0.22737013274854592,0.24022012313980576
0.000646,0.30191413863987293,0.3114428045303822,0.3212722031857164,0.24022012313980576,0.25379634019531294,0.26813982714948303
0.000643,0.30191413863987293,0.3114428045303822,0.3212722031857164,0.26813982714948303,0.28329394682533116,0.2993045127277292
0.000643,0.30191413863987293,0.3114428045303822,0.3212722031857164,0.2993045127277292,0.31621992754549455,0.3340913294810264
0.000671,0.30191413863987293,0.3114428045303822,0.3212722031857164,0.3340913294810264,0.3529727468498688,0.37292126141758264
0.000628,0.30191413863987293,0.3114428045303822,0.3212722031857164,0.37292126141758264,0.3939971809677202,0.41626422162260607
0.000611,0.30191413863987293,0.3114428045303822,0.3212722031857164,0.41626422162260607,0.4397897004681118,0.46464473906476067
0.000633,0.30191413863987293,0.3114428045303822,0.3212722031857164,0.46464473906476067,0.4909044784604127,0.5186483063545496
0.000604,0.30191413863987293,0.3114428045303822,0.3212722031857164,0.5186483063545496,0.547960097100917,0.5789284652740918
0.000565,0.30191413863987293,0.3114428045303822,0.3212722031857164,0.5789284652740918,0.6116470335665513,0.6462147158261423
0.000596,0.30191413863987293,0.3114428045303822,0.3212722031857164,0.6462147158261423,0.6827360160896209,0.7213213445162929
0.000586,0.30191413863987293,0.3114428045303822,0.3212722031857164,0.7213213445162929,0.7620873511768764,0.805157278706688
0.000565,0.30191413863987293,0.3114428045303822,0.3212722031857164,0.805157278706688,0.8506613348892827,0.8987370862969332
0.000593,0.30191413863987293,0.3114428045303822,0.3212722031857164,0.8987370862969332,0.9495298741779894,1.0031932538484196
0.000576,0.30191413863987293,0.3114428045303822,0.3212722031857164,1.0031932538484196,1.0598894589158872,1.1197898917397926
0.000573,0.30191413863987293,0.3114428045303822,0.3212722031857164,1.1197898917397926,1.183075641610026,1.249938032210973
0.000546,0.30191413863987293,0.3114428045303822,0.3212722031857164,1.249938032210973,1.3205792000258516,1.3952127054299968
0.000556,0.30191413863987293,0.3114428045303822,0.3212722031857164,1.3952127054299968,1.4740641783205308,1.5573720002342704
0.000574,0.30191413863987293,0.3114428045303822,0.3212722031857164,1.5573720002342704,1.6453880250160273,1.7383783402160131
0.000545,0.30191413863987293,0.3114428045303822,0.3212722031857164,1.7383783402160131,1.8366240715181728,1.9404222326313807
0.000896,0.30191413863987293,0.3114428045303822,0.3212722031857164,1.9404222326313807,2.050086623212864,2.1659487775384263
0.001204,0.30191413863987293,0.3114428045303822,0.3212722031857164,2.1659487775384263,2.2883589667874706,2.417687257972894
0.001186,0.30191413863987293,0.3114428045303822,0.3212722031857164,2.417687257972894,2.5543246327171887,2.6986841692569943
0.001085,0.30191413863987293,0.3114428045303822,0.3212722031857164,2.6986841692569943,2.851202291249511,3.0123400871561223
0.001045,0.30191413863987293,0.3114428045303822,0.3212722031857164,3.0123400871561223,3.1825847041919566,3.3624508210555346
0.001039,0.30191413863987293,0.3114428045303822,0.3212722031857164,3.3624508210555346,3.552482203890815,3.7532533501855805
0.001022,0.30191413863987293,0.3114428045303822,0.3212722031857164,3.7532533501855805,3.9653712255759532,4.189477098807692
0.001015,0.30191413863987293,0.3114428045303822,0.3212722031857164,4.189477098807692,4.42624848040168,4.676401170884524
0.001016,0.30191413863987293,0.3114428045303822,0.3212722031857164,4.676401170884524,4.940691424776398,5.219918236878273
0.000938,0.30191413863987293,0.3114428045303822,0.3212722031857164,5.219918236878273,5.514925757770336,5.82660584582409
0.000959,0.30191413863987293,0.3114428045303822,0.3212722031857164,5.82660584582409,6.155900763443285,6.5038060256849075
0.000946,0.30191413863987293,0.3114428045303822,0.3212722031857164,6.5038060256849075,6.871373409872062,7.25971413529735
0.000961,0.30191413863987293,0.3114428045303822,0.3212722031857164,7.25971413529735,7.670002222629526,8.103478043179491
0.000906,0.30191413863987293,0.3114428045303822,0.3212722031857164,8.103478043179491,8.561452068755672,9.045308833445212
0.000869,0.30191413863987293,0.3114428045303822,0.3212722031857164,9.045308833445212,9.556511119298175,10.096604378568765
0.000904,0.30191413863987293,0.3114428045303822,0.3212722031857164,10.096604378568765,10.66722140588275,11.27008727445586
0.000343,0.30191413863987293,0.3114428045303822,0.3212722031857164,11.27008727445586,11.907024551286224,12.579958807087245
0.000251,0.30191413863987293,0.3114428045303822,0.3212722031857164,12.579958807087245,13.290924437618376,14.042070814012659
0.0002,0.30191413863987293,0.3114428045303822,0.3212722031857164,14.042070814012659,14.835668780694615,15.67411752053271
0.000228,0.30191413863987293,0.3114428045303822,0.3212722031857164,15.67411752053271,16.55995180798096,17.49584967213718
0.000182,0.30191413863987293,0.3114428045303822,0.3212722031857164,17.49584967213718,18.484640492884626,19.529313554592992
0.000195,0.30191413863987293,0.3114428045303822,0.3212722031857164,19.529313554592992,20.63302708323817,21.799117794261466
0.000149,0.30191413863987293,0.3114428045303822,0.3212722031857164,21.799117794261466,23.03111098003311,24.332731167416135
0.000135,0.30191413863987293,0.3114428045303822,0.3212722031857164,24.332731167416135,25.707913377650407,27.160815022597262
0.000127,0.30191413863987293,0.3114428045303822,0.3212722031857164,27.160815022597262,28.695828473309135,30.317594338921154
0.000114,0.30191413863987293,0.3114428045303822,0.3212722031857164,30.317594338921154,32.03101549600908,33.84127191082679
0.000109,0.30191413863987293,0.3114428045303822,0.3212722031857164,33.84127191082679,35.75383629923332,37.77449067165226
0.0001,0.30191413863987293,0.3114428045303822,0.3212722031857164,37.77449067165226,39.909343813081726,42.1648497509999
9e-05,0.30191413863987293,0.3114428045303822,0.3212722031857164,42.1648497509999,44.547827266997885,47.06548051112691
7.1e-05,0.30191413863987293,0.3114428045303822,0.3212722031857164,47.06548051112691,49.72542078128044,52.535689533454075
7.9e-05,0.30191413863987293,0.3114428045303822,0.3212722031857164,52.535689533454075,55.504782692447314,58.641676336502556
8.4e-05,0.30191413863987293,0.3114428045303822,0.3212722031857164,58.641676336502556,61.955853833530256,65.45733451095779
5.9e-05,0.30191413863987293,0.3114428045303822,0.3212722031857164,65.45733451095779,69.15670394587609,73.06514596705614
3.4e-05,0.30191413863987293,0.3114428045303822,0.3212722031857164,73.06514596705614,77.19447646558302,81.55717911632256
4.3e-05,0.30191413863987293,0.3114428045303822,0.3212722031857164,81.55717911632256,86.16644311821332,91.03620306747894
2.4e-05,0.30191413863987293,0.3114428045303822,0.3212722031857164,91.03620306747894,96.18118108430411,101.61693132033079
3.8e-05,0.30191413863987293,0.3114428045303822,0.3212722031857164,101.61693132033079,107.35988698152859,113.42741000859688
2.3e-05,0.30191413863987293,0.3114428045303822,0.3212722031857164,113.42741000859688,119.83784356509167,126.61056749195744
1.7e-05,0.30191413863987293,0.3114428045303822,0.3212722031857164,126.61056749195744,133.76605689611287,141.32594405021308
2.4e-05,0.30191413863987293,0.3114428045303822,0.3212722031857164,141.32594405021308,149.31308379072314,157.7516226120118
3.1e-05,0.30191413863987293,0.3114428045303822,0.3212722031857164,157.7516226120118,166.66707166534817,176.08638388349098
2.1e-05,0.30191413863987293,0.3114428045303822,0.3212722031857164,176.08638388349098,186.0380354640305,196.55211195782155
2e-05,0.30191413863987293,0.3114428045303822,0.3212722031857164,196.55211195782155,207.66039922276806,219.39647951792662
2e-05,0.30191413863987293,0.3114428045303822,0.3212722031857164,219.39647951792662,231.79583302844003,244.8959451282275
2e-05,0.30191413863987293,0.3114428045303822,0.3212722031857164,244.8959451282275,258.73641970470345,273.35909888812694
1.4e-05,0.30191413863987293,0.3114428045303822,0.3212722031857164,273.35909888812694,288.8081895475435,305.13039693573796
7e-06,0.30191413863987293,0.3114428045303822,0.3212722031857164,305.13039693573796,322.37506588723016,340.5943299961796
1.7e-05,0.30191413863987293,0.3114428045303822,0.3212722031857164,340.5943299961796,359.843269225189,380.18007642148444
1.1e-05,0.30191413863987293,0.3114428045303822,0.3212722031857164,380.18007642148444,401.66623324388144,424.3666960323934
1.2e-05,0.30191413863987293,0.3114428045303822,0.3212722031857164,424.3666960323934,448.35009218239543,473.6889276170203
1.5e-05,0.30191413863987293,0.3114428045303822,0.3212722031857164,473.6889276170203,500.45980598500944,528.7436602466912
8e-06,0.30191413863987293,0.3114428045303822,0.3212722031857164,528.7436602466912,558.6259973482117,590.1971567237096
1.1e-05,0.30191413863987293,0.3114428045303822,0.3212722031857164,590.1971567237096,623.5525834069318,658.7931165779523
9e-06,0.30191413863987293,0.3114428045303822,0.3212722031857164,658.7931165779523,696.0252944173212,735.3616761892738
9e-06,0.30191413863987293,0.3114428045303822,0.3212722031857164,735.3616761892738,776.9211825277038,820.8294549536521
9e-06,0.30191413863987293,0.3114428045303822,0.3212722031857164,820.8294549536521,867.2192357111913,916.2307690700113
9e-06,0.30191413863987293,0.3114428045303822,0.3212722031857164,916.2307690700113,968.0122253079195,1022.7201486550255
6e-06,0.30191413863987293,0.3114428045303822,0.3212722031857164,1022.7201486550255,1080.5199305538154,1141.5863096658716
4e-06,0.30191413863987293,0.3114428045303822,0.3212722031857164,1141.5863096658716,1206.1039001368388,1274.2677497166753
2e-06,0.30191413863987293,0.3114428045303822,0.3212722031857164,1274.2677497166753,1346.2839294224782,1422.370156526539
1.2e-05,0.30191413863987293,0.3114428045303822,0.3212722031857164,1422.370156526539,1502.7564527530292,1587.68583967315
5e-06,0.30191413863987293,0.3114428045303822,0.3212722031857164,1587.68583967315,1677.4150734010555,1772.2154208116622
5e-06,0.30191413863987293,0.3114428045303822,0.3212722031857164,1772.2154208116622,1872.373479626966,1978.1920448501505
5e-06,0.30191413863987293,0.3114428045303822,0.3212722031857164,1978.1920448501505,2089.991024166855,2208.1084050810155
1e-05,0.30191413863987293,0.3114428045303822,0.3212722031857164,2208.1084050810155,2332.9012767091076,2464.7469093218283
4e-06,0.30191413863987293,0.3114428045303822,0.3212722031857164,2464.7469093218283,2604.0438948968845,2751.213352130962
3e-06,0.30191413863987293,0.3114428045303822,0.3212722031857164,2751.213352130962,2906.7001995538217,3070.9745005933823
3e-06,0.30191413863987293,0.3114428045303822,0.3212722031857164,3070.9745005933823,3244.5328846581474,3427.9000485331494
2e-06,0.30191413863987293,0.3114428045303822,0.3212722031857164,3427.9000485331494,3621.630342628391,3826.309446875285
3e-06,0.30191413863987293,0.3114428045303822,0.3212722031857164,3826.309446875285,4042.556141337618,4271.024176889881
6e-06,0.30191413863987293,0.3114428045303822,0.3212722031857164,4271.024176889881,4512.404251618383,4767.426098920123
0.000661,0.3212722031857164,0.3314118259866083,0.3418714638698039,0.07999999999999999,0.08452125887808527,0.08929804002920383
0.000669,0.3212722031857164,0.3314118259866083,0.3418714638698039,0.08929804002920383,0.09434478448267444,0.09967674941321612
0.000698,0.3212722031857164,0.3314118259866083,0.3418714638698039,0.09967674941321612,0.10531005426600588,0.11126172948852864
0.000692,0.3212722031857164,0.3314118259866083,0.3418714638698039,0.11126172948852864,0.11754976801654278,0.12419317966981348
0.00066,0.3212722031857164,0.3314118259866083,0.3418714638698039,0.12419317966981348,0.13121204862206076,0.13862759411886386
0.000654,0.3212722031857164,0.3314118259866083,0.3418714638698039,0.13862759411886386,0.14646223462708277,0.15473965560973155
0.000666,0.3212722031857164,0.3314118259866083,0.3418714638698039,0.15473965560973155,0.1634848811311985,0.1727243495092878
0.000665,0.3212722031857164,0.3314118259866083,0.3418714638698039,0.1727243495092878,0.1824859932427924,0.1927993234562322
0.000684,0.3212722031857164,0.3314118259866083,0.3418714638698039,0.1927993234562322,0.20369551911704872,0.21520752129497553
0.00058,0.3212722031857164,0.3314118259866083,0.3418714638698039,0.21520752129497553,0.22737013274854592,0.24022012313980576
0.000658,0.3212722031857164,0.3314118259866083,0.3418714638698039,0.24022012313980576,0.25379634019531294,0.26813982714948303
0.000675,0.3212722031857164,0.3314118259866083,0.3418714638698039,0.26813982714948303,0.28329394682533116,0.2993045127277292
0.000644,0.3212722031857164,0.3314118259866083,0.3418714638698039,0.2993045127277292,0.31621992754549455,0.3340913294810264
0.000638,0.3212722031857164,0.3314118259866083,0.3418714638698039,0.3340913294810264,0.3529727468498688,0.37292126141758264
0.000614,0.3212722031857164,0.3314118259866083,0.3418714638698039,0.37292126141758264,0.3939971809677202,0.41626422162260607
0.000606,0.3212722031857164,0.3314118259866083,0.3418714638698039,0.41626422162260607,0.4397897004681118,0.46464473906476067
0.000607,0.3212722031857164,0.3314118259866083,0.3418714638698039,0.46464473906476067,0.4909044784604127,0.5186483063545496
0.000634,0.3212722031857164,0.3314118259866083,0.3418714638698039,0.5186483063545496,0.547960097100917,0.5789284652740918
0.000622,0.3212722031857164,0.3314118259866083,0.3418714638698039,0.5789284652740918,0.6116470335665513,0.6462147158261423
0.000581,0.3212722031857164,0.3314118259866083,0.3418714638698039,0.6462147158261423,0.6827360160896209,0.7213213445162929
0.000636,0.3212722031857164,0.3314118259866083,0.3418714638698039,0.7213213445162929,0.7620873511768764,0.805157278706688
0.000617,0.3212722031857164,0.3314118259866083,0.3418714638698039,0.805157278706688,0.8506613348892827,0.8987370862969332
0.000608,0.3212722031857164,0.3314118259866083,0.3418714638698039,0.8987370862969332,0.9495298741779894,1.0031932538484196
0.000536,0.3212722031857164,0.3314118259866083,0.3418714638698039,1.0031932538484196,1.0598894589158872,1.1197898917397926
0.000582,0.3212722031857164,0.3314118259866083,0.3418714638698039,1.1197898917397926,1.183075641610026,1.249938032210973
0.000577,0.3212722031857164,0.3314118259866083,0.3418714638698039,1.249938032210973,1.3205792000258516,1.3952127054299968
0.000575,0.3212722031857164,0.3314118259866083,0.3418714638698039,1.3952127054299968,1.4740641783205308,1.5573720002342704
0.000588,0.3212722031857164,0.3314118259866083,0.3418714638698039,1.5573720002342704,1.6453880250160273,1.7383783402160131
0.000539,0.3212722031857164,0.3314118259866083,0.3418714638698039,1.7383783402160131,1.8366240715181728,1.9404222326313807
0.000964,0.3212722031857164,0.3314118259866083,0.3418714638698039,1.9404222326313807,2.050086623212864,2.1659487775384263
0.001175,0.3212722031857164,0.3314118259866083,0.3418714638698039,2.1659487775384263,2.2883589667874706,2.417687257972894
0.001142,0.3212722031857164,0.3314118259866083,0.3418714638698039,2.417687257972894,2.5543246327171887,2.6986841692569943
0.001146,0.3212722031857164,0.3314118259866083,0.3418714638698039,2.6986841692569943,2.851202291249511,3.0123400871561223
0.001084,0.3212722031857164,0.3314118259866083,0.3418714638698039,3.0123400871561223,3.1825847041919566,3.3624508210555346
0.001084,0.3212722031857164,0.3314118259866083,0.3418714638698039,3.3624508210555346,3.552482203890815,3.7532533501855805
0.001056,0.3212722031857164,0.3314118259866083,0.3418714638698039,3.7532533501855805,3.9653712255759532,4.189477098807692
0.001019,0.3212722031857164,0.3314118259866083,0.3418714638698039,4.189477098807692,4.42624848040168,4.676401170884524
0.001028,0.3212722031857164,0.3314118259866083,0.3418714638698039,4.676401170884524,4.940691424776398,5.219918236878273
0.001014,0.3212722031857164,0.3314118259866083,0.3418714638698039,5.219918236878273,5.514925757770336,5.82660584582409
0.000979,0.3212722031857164,0.3314118259866083,0.3418714638698039,5.82660584582409,6.155900763443285,6.5038060256849075
0.000985,0.3212722031857164,0.3314118259866083,0.3418714638698039,6.5038060256849075,6.871373409872062,7.25971413529735
0.000944,0.3212722031857164,0.3314118259866083,0.3418714638698039,7.25971413529735,7.670002222629526,8.103478043179491
0.000955,0.3212722031857164,0.3314118259866083,0.3418714638698039,8.103478043179491,8.561452068755672,9.045308833445212
0.000973,0.3212722031857164,0.3314118259866083,0.3418714638698039,9.045308833445212,9.556511119298175,10.096604378568765
0.000833,0.3212722031857164,0.3314118259866083,0.3418714638698039,10.096604378568765,10.66722140588275,11.27008727445586
0.000355,0.3212722031857164,0.3314118259866083,0.3418714638698039,11.27008727445586,11.907024551286224,12.579958807087245
0.000261,0.3212722031857164,0.3314118259866083,0.3418714638698039,12.579958807087245,13.290924437618376,14.042070814012659
0.000234,0.3212722031857164,0.3314118259866083,0.3418714638698039,14.042070814012659,14.835668780694615,15.67411752053271
0.000211,0.3212722031857164,0.3314118259866083,0.3418714638698039,15.67411752053271,16.55995180798096,17.49584967213718
0.000209,0.3212722031857164,0.3314118259866083,0.3418714638698039,17.49584967213718,18.484640492884626,19.529313554592992
0.000194,0.3212722031857164,0.3314118259866083,0.3418714638698039,19.529313554592992,20.63302708323817,21.799117794261466
0.000149,0.3212722031857164,0.3314118259866083,0.3418714638698039,21.799117794261466,23.03111098003311,24.332731167416135
0.000156,0.3212722031857164,0.3314118259866083,0.3418714638698039,24.332731167416135,25.707913377650407,27.160815022597262
0.000122,0.3212722031857164,0.3314118259866083,0.3418714638698039,27.160815022597262,28.695828473309135,30.317594338921154
0.000145,0.3212722031857164,0.3314118259866083,0.3418714638698039,30.317594338921154,32.03101549600908,33.84127191082679
0.000124,0.3212722031857164,0.3314118259866083,0.3418714638698039,33.84127191082679,35.75383629923332,37.77449067165226
0.000105,0.3212722031857164,0.3314118259866083,0.3418714638698039,37.77449067165226,39.909343813081726,42.1648497509999
9.4e-05,0.3212722031857164,0.3314118259866083,0.3418714638698039,42.1648497509999,44.547827266997885,47.06548051112691
0.000103,0.3212722031857164,0.3314118259866083,0.3418714638698039,47.06548051112691,49.72542078128044,52.535689533454075
7.6e-05,0.3212722031857164,0.3314118259866083,0.3418714638698039,52.535689533454075,55.504782692447314,58.641676336502556
7.9e-05,0.3212722031857164,0.3314118259866083,0.3418714638698039,58.641676336502556,61.955853833530256,65.45733451095779
6.2e-05,0.3212722031857164,0.3314118259866083,0.3418714638698039,65.45733451095779,69.15670394587609,73.06514596705614
4e-05,0.3212722031857164,0.3314118259866083,0.3418714638698039,73.06514596705614,77.19447646558302,81.55717911632256
4.7e-05,0.3212722031857164,0.3314118259866083,0.3418714638698039,81.55717911632256,86.16644311821332,91.03620306747894
3.2e-05,0.3212722031857164,0.3314118259866083,0.3418714638698039,91.03620306747894,96.18118108430411,101.61693132033079
2.3e-05,0.3212722031857164,0.3314118259866083,0.3418714638698039,101.61693132033079,107.35988698152859,113.42741000859688
3.2e-05,0.3212722031857164,0.3314118259866083,0.3418714638698039,113.42741000859688,119.83784356509167,126.61056749195744
2.8e-05,0.3212722031857164,0.3314118259866083,0.3418714638698039,126.61056749195744,133.76605689611287,141.32594405021308
2.5e-05,0.3212722031857164,0.3314118259866083,0.3418714638698039,141.32594405021308,149.31308379072314,157.7516226120118
2e-05,0.3212722031857164,0.3314118259866083,0.3418714638698039,157.7516226120118,166.66707166534817,176.08638388349098
1.8e-05,0.3212722031857164,0.3314118259866083,0.3418714638698039,176.08638388349098,186.0380354640305,196.55211195782155
2e-05,0.3212722031857164,0.3314118259866083,0.3418714638698039,196.55211195782155,207.66039922276806,219.39647951792662
1.8e-05,0.3212722031857164,0.3314118259866083,0.3418714638698039,219.39647951792662,231.79583302844003,244.8959451282275
2e-05,0.3212722031857164,0.3314118259866083,0.3418714638698039,244.8959451282275,258.73641970470345,273.35909888812694
2.5e-05,0.3212722031857164,0.3314118259866083,0.3418714638698039,273.35909888812694,288.8081895475435,305.13039693573796
1.1e-05,0.3212722031857164,0.3314118259866083,0.3418714638698039,305.13039693573796,322.37506588723016,340.5943299961796
6e-06,0.3212722031857164,0.3314118259866083,0.3418714638698039,340.5943299961796,359.843269225189,380.18007642148444
1.9e-05,0.3212722031857164,0.3314118259866083,0.3418714638698039,380.18007642148444,401.66623324388144,424.3666960323934
1.4e-05,0.3212722031857164,0.3314118259866083,0.3418714638698039,424.3666960323934,448.35009218239543,473.6889276170203
1e-05,0.3212722031857164,0.3314118259866083,0.3418714638698039,473.6889276170203,500.45980598500944,528.7436602466912
1e-05,0.3212722031857164,0.3314118259866083,0.3418714638698039,528.7436602466912,558.6259973482117,590.1971567237096
1.2e-05,0.3212722031857164,0.3314118259866083,0.3418714638698039,590.1971567237096,623.5525834069318,658.7931165779523
7e-06,0.3212722031857164,0.3314118259866083,0.3418714638698039,658.7931165779523,696.0252944173212,735.3616761892738
1.1e-05,0.3212722031857164,0.3314118259866083,0.3418714638698039,735.3616761892738,776.9211825277038,820.8294549536521
1.2e-05,0.3212722031857164,0.3314118259866083,0.3418714638698039,820.8294549536521,867.2192357111913,916.2307690700113
1.1e-05,0.3212722031857164,0.3314118259866083,0.3418714638698039,916.2307690700113,968.0122253079195,1022.7201486550255
9e-06,0.3212722031857164,0.3314118259866083,0.3418714638698039,1022.7201486550255,1080.5199305538154,1141.5863096658716
1e-05,0.3212722031857164,0.3314118259866083,0.3418714638698039,1141.5863096658716,1206.1039001368388,1274.2677497166753
6e-06,0.3212722031857164,0.3314118259866083,0.3418714638698039,1274.2677497166753,1346.2839294224782,1422.370156526539
4e-06,0.3212722031857164,0.3314118259866083,0.3418714638698039,1422.370156526539,1502.7564527530292,1587.68583967315
4e-06,0.3212722031857164,0.3314118259866083,0.3418714638698039,1587.68583967315,1677.4150734010555,1772.2154208116622
5e-06,0.3212722031857164,0.3314118259866083,0.3418714638698039,1772.2154208116622,1872.373479626966,1978.1920448501505
9e-06,0.3212722031857164,0.3314118259866083,0.3418714638698039,1978.1920448501505,2089.991024166855,2208.1084050810155
7e-06,0.3212722031857164,0.3314118259866083,0.3418714638698039,2208.1084050810155,2332.9012767091076,2464.7469093218283
4e-06,0.3212722031857164,0.3314118259866083,0.3418714638698039,2464.7469093218283,2604.0438948968845,2751.213352130962
6e-06,0.3212722031857164,0.3314118259866083,0.3418714638698039,2751.213352130962,2906.7001995538217,3070.9745005933823
4e-06,0.3212722031857164,0.3314118259866083,0.3418714638698039,3070.9745005933823,3244.5328846581474,3427.9000485331494
5e-06,0.3212722031857164,0.3314118259866083,0.3418714638698039,3427.9000485331494,3621.630342628391,3826.309446875285
4e-06,0.3212722031857164,0.3314118259866083,0.3418714638698039,3826.309446875285,4042.556141337618,4271.024176889881
3e-06,0.3212722031857164,0.3314118259866083,0.3418714638698039,4271.024176889881,4512.404251618383,4767.426098920123
0.000665,0.3418714638698039,0.3526612167823044,0.3637915034339916,0.07999999999999999,0.08452125887808527,0.08929804002920383
0.000654,0.3418714638698039,0.3526612167823044,0.3637915034339916,0.08929804002920383,0.09434478448267444,0.09967674941321612
0.00071,0.3418714638698039,0.3526612167823044,0.3637915034339916,0.09967674941321612,0.10531005426600588,0.11126172948852864
0.000695,0.3418714638698039,0.3526612167823044,0.3637915034339916,0.11126172948852864,0.11754976801654278,0.12419317966981348
0.000709,0.3418714638698039,0.3526612167823044,0.3637915034339916,0.12419317966981348,0.13121204862206076,0.13862759411886386
0.000663,0.3418714638698039,0.3526612167823044,0.3637915034339916,0.13862759411886386,0.14646223462708277,0.15473965560973155
0.000689,0.3418714638698039,0.3526612167823044,0.3637915034339916,0.15473965560973155,0.1634848811311985,0.1727243495092878
0.00075,0.3418714638698039,0.3526612167823044,0.3637915034339916,0.1727243495092878,0.1824859932427924,0.1927993234562322
0.00065,0.3418714638698039,0.3526612167823044,0.3637915034339916,0.1927993234562322,0.20369551911704872,0.21520752129497553
0.000653,0.3418714638698039,0.3526612167823044,0.3637915034339916,0.21520752129497553,0.22737013274854592,0.24022012313980576
0.000635,0.3418714638698039,0.3526612167823044,0.3637915034339916,0.24022012313980576,0.25379634019531294,0.26813982714948303
0.000632,0.3418714638698039,0.3526612167823044,0.3637915034339916,0.26813982714948303,0.28329394682533116,0.2993045127277292
0.000643,0.3418714638698039,0.3526612167823044,0.3637915034339916,0.2993045127277292,0.31621992754549455,0.3340913294810264
0.000665,0.3418714638698039,0.3526612167823044,0.3637915034339916,0.3340913294810264,0.3529727468498688,0.37292126141758264
0.000636,0.3418714638698039,0.3526612167823044,0.3637915034339916,0.37292126141758264,0.3939971809677202,0.41626422162260607
0.00065,0.3418714638698039,0.3526612167823044,0.3637915034339916,0.41626422162260607,0.4397897004681118,0.46464473906476067
0.00063,0.3418714638698039,0.3526612167823044,0.3637915034339916,0.46464473906476067,0.4909044784604127,0.5186483063545496
0.000625,0.3418714638698039,0.3526612167823044,0.3637915034339916,0.5186483063545496,0.547960097100917,0.5789284652740918
0.000589,0.3418714638698039,0.3526612167823044,0.3637915034339916,0.5789284652740918,0.6116470335665513,0.6462147158261423
0.000626,0.3418714638698039,0.3526612167823044,0.3637915034339916,0.6462147158261423,0.6827360160896209,0.7213213445162929
0.000603,0.3418714638698039,0.3526612167823044,0.3637915034339916,0.7213213445162929,0.7620873511768764,0.805157278706688
0.000628,0.3418714638698039,0.3526612167823044,0.3637915034339916,0.805157278706688,0.8506613348892827,0.8987370862969332
0.000637,0.3418714638698039,0.3526612167823044,0.3637915034339916,0.8987370862969332,0.9495298741779894,1.0031932538484196
0.000568,0.3418714638698039,0.3526612167823044,0.3637915034339916,1.0031932538484196,1.0598894589158872,1.1197898917397926
0.000604,0.3418714638698039,0.3526612167823044,0.3637915034339916,1.1197898917397926,1.183075641610026,1.249938032210973
0.000622,0.3418714638698039,0.3526612167823044,0.3637915034339916,1.249938032210973,1.3205792000258516,1.3952127054299968
0.000563,0.3418714638698039,0.3526612167823044,0.3637915034339916,1.3952127054299968,1.4740641783205308,1.5573720002342704
0.000621,0.3418714638698039,0.3526612167823044,0.3637915034339916,1.5573720002342704,1.6453880250160273,1.7383783402160131
0.000596,0.3418714638698039,0.3526612167823044,0.3637915034339916,1.7383783402160131,1.8366240715181728,1.9404222326313807
0.000874,0.3418714638698039,0.3526612167823044,0.3637915034339916,1.9404222326313807,2.050086623212864,2.1659487775384263
0.001079,0.3418714638698039,0.3526612167823044,0.3637915034339916,2.1659487775384263,2.2883589667874706,2.417687257972894
0.001131,0.3418714638698039,0.3526612167823044,0.3637915034339916,2.417687257972894,2.5543246327171887,2.6986841692569943
0.001201,0.3418714638698039,0.3526612167823044,0.3637915034339916,2.6986841692569943,2.851202291249511,3.0123400871561223
0.001175,0.3418714638698039,0.3526612167823044,0.3637915034339916,3.0123400871561223,3.1825847041919566,3.3624508210555346
0.001056,0.3418714638698039,0.3526612167823044,0.3637915034339916,3.3624508210555346,3.552482203890815,3.7532533501855805
0.001049,0.3418714638698039,0.3526612167823044,0.3637915034339916,3.7532533501855805,3.9653712255759532,4.189477098807692
0.001067,0.3418714638698039,0.3526612167823044,0.3637915034339916,4.189477098807692,4.42624848040168,4.676401170884524
0.001066,0.3418714638698039,0.3526612167823044,0.3637915034339916,4.676401170884524,4.940691424776398,5.219918236878273
0.000981,0.3418714638698039,0.3526612167823044,0.3637915034339916,5.219918236878273,5.514925757770336,5.82660584582409
0.001026,0.3418714638698039,0.3526612167823044,0.3637915034339916,5.82660584582409,6.155900763443285,6.5038060256849075
0.000991,0.3418714638698039,0.3526612167823044,0.3637915034339916,6.5038060256849075,6.871373409872062,7.25971413529735
0.001006,0.3418714638698039,0.3526612167823044,0.3637915034339916,7.25971413529735,7.670002222629526,8.103478043179491
0.000905,0.3418714638698039,0.3526612167823044,0.3637915034339916,8.103478043179491,8.561452068755672,9.045308833445212
0.000927,0.3418714638698039,0.3526612167823044,0.3637915034339916,9.045308833445212,9.556511119298175,10.096604378568765
0.000922,0.3418714638698039,0.3526612167823044,0.3637915034339916,10.096604378568765,10.66722140588275,11.27008727445586
0.0004,0.3418714638698039,0.3526612167823044,0.3637915034339916,11.27008727445586,11.907024551286224,12.579958807087245
0.000244,0.3418714638698039,0.3526612167823044,0.3637915034339916,12.579958807087245,13.290924437618376,14.042070814012659
0.000227,0.3418714638698039,0.3526612167823044,0.3637915034339916,14.042070814012659,14.835668780694615,15.67411752053271
0.000226,0.3418714638698039,0.3526612167823044,0.3637915034339916,15.67411752053271,16.55995180798096,17.49584967213718
0.000202,0.3418714638698039,0.3526612167823044,0.3637915034339916,17.49584967213718,18.484640492884626,19.529313554592992
0.000192,0.3418714638698039,0.3526612167823044,0.3637915034339916,19.529313554592992,20.63302708323817,21.799117794261466
0.000167,0.3418714638698039,0.3526612167823044,0.3637915034339916,21.799117794261466,23.03111098003311,24.332731167416135
0.000198,0.3418714638698039,0.3526612167823044,0.3637915034339916,24.332731167416135,25.707913377650407,27.160815022597262
0.000141,0.3418714638698039,0.3526612167823044,0.3637915034339916,27.160815022597262,28.695828473309135,30.317594338921154
0.000126,0.3418714638698039,0.3526612167823044,0.3637915034339916,30.317594338921154,32.03101549600908,33.84127191082679
0.000122,0.3418714638698039,0.3526612167823044,0.3637915034339916,33.84127191082679,35.75383629923332,37.77449067165226
0.000119,0.3418714638698039,0.3526612167823044,0.3637915034339916,37.77449067165226,39.909343813081726,42.1648497509999
0.000107,0.3418714638698039,0.3526612167823044,0.3637915034339916,42.1648497509999,44.547827266997885,47.06548051112691
9e-05,0.3418714638698039,0.3526612167823044,0.3637915034339916,47.06548051112691,49.72542078128044,52.535689533454075
7.8e-05,0.3418714638698039,0.3526612167823044,0.3637915034339916,52.535689533454075,55.504782692447314,58.641676336502556
7.9e-05,0.3418714638698039,0.3526612167823044,0.3637915034339916,58.641676336502556,61.955853833530256,65.45733451095779
6.7e-05,0.3418714638698039,0.3526612167823044,0.3637915034339916,65.45733451095779,69.15670394587609,73.06514596705614
4.6e-05,0.3418714638698039,0.3526612167823044,0.3637915034339916,73.06514596705614,77.19447646558302,81.55717911632256
3.6e-05,0.3418714638698039,0.3526612167823044,0.3637915034339916,81.55717911632256,86.16644311821332,91.03620306747894
4.5e-05,0.3418714638698039,0.3526612167823044,0.3637915034339916,91.03620306747894,96.18118108430411,101.61693132033079
3.3e-05,0.3418714638698039,0.3526612167823044,0.3637915034339916,101.61693132033079,107.35988698152859,113.42741000859688
3.2e-05,0.3418714638698039,0.3526612167823044,0.3637915034339916,113.42741000859688,119.83784356509167,126.61056749195744
3.8e-05,0.3418714638698039,0.3526612167823044,0.3637915034339916,126.61056749195744,133.76605689611287,141.32594405021308
2.9e-05,0.3418714638698039,0.3526612167823044,0.3637915034339916,141.32594405021308,149.31308379072314,157.7516226120118
3.6e-05,0.3418714638698039,0.3526612167823044,0.3637915034339916,157.7516226120118,166.66707166534817,176.08638388349098
1.6e-05,0.3418714638698039,0.3526612167823044,0.3637915034339916,176.08638388349098,186.0380354640305,196.55211195782155
1.5e-05,0.3418714638698039,0.3526612167823044,0.3637915034339916,196.55211195782155,207.66039922276806,219.39647951792662
2.6e-05,0.3418714638698039,0.3526612167823044,0.3637915034339916,219.39647951792662,231.79583302844003,244.8959451282275
1.9e-05,0.3418714638698039,0.3526612167823044,0.3637915034339916,244.8959451282275,258.73641970470345,273.35909888812694
1.9e-05,0.3418714638698039,0.3526612167823044,0.3637915034339916,273.35909888812694,288.8081895475435,305.13039693573796
1.1e-05,0.3418714638698039,0.3526612167823044,0.3637915034339916,305.13039693573796,322.37506588723016,340.5943299961796
2.3e-05,0.3418714638698039,0.3526612167823044,0.3637915034339916,340.5943299961796,359.843269225189,380.18007642148444
1.2e-05,0.3418714638698039,0.3526612167823044,0.3637915034339916,380.18007642148444,401.66623324388144,424.3666960323934
1.2e-05,0.3418714638698039,0.3526612167823044,0.3637915034339916,424.3666960323934,448.35009218239543,473.6889276170203
1.9e-05,0.3418714638698039,0.3526612167823044,0.3637915034339916,473.6889276170203,500.45980598500944,528.7436602466912
1.5e-05,0.3418714638698039,0.3526612167823044,0.3637915034339916,528.7436602466912,558.6259973482117,590.1971567237096
1.1e-05,0.3418714638698039,0.3526612167823044,0.3637915034339916,590.1971567237096,623.5525834069318,658.7931165779523
1e-05,0.3418714638698039,0.3526612167823044,0.3637915034339916,658.7931165779523,696.0252944173212,735.3616761892738
8e-06,0.3418714638698039,0.3526612167823044,0.3637915034339916,735.3616761892738,776.9211825277038,820.8294549536521
1.3e-05,0.3418714638698039,0.3526612167823044,0.3637915034339916,820.8294549536521,867.2192357111913,916.2307690700113
8e-06,0.3418714638698039,0.3526612167823044,0.3637915034339916,916.2307690700113,968.0122253079195,1022.7201486550255
1.4e-05,0.3418714638698039,0.3526612167823044,0.3637915034339916,1022.7201486550255,1080.5199305538154,1141.5863096658716
9e-06,0.3418714638698039,0.3526612167823044,0.3637915034339916,1141.5863096658716,1206.1039001368388,1274.2677497166753
1.1e-05,0.3418714638698039,0.3526612167823044,0.3637915034339916,1274.2677497166753,1346.2839294224782,1422.370156526539
7e-06,0.3418714638698039,0.3526612167823044,0.3637915034339916,1422.370156526539,1502.7564527530292,1587.68583967315
7e-06,0.3418714638698039,0.3526612167823044,0.3637915034339916,1587.68583967315,1677.4150734010555,1772.2154208116622
7e-06,0.3418714638698039,0.3526612167823044,0.3637915034339916,1772.2154208116622,1872.373479626966,1978.1920448501505
6e-06,0.3418714638698039,0.3526612167823044,0.3637915034339916,1978.1920448501505,2089.991024166855,2208.1084050810155
6e-06,0.3418714638698039,0.3526612167823044,0.3637915034339916,2208.1084050810155,2332.9012767091076,2464.7469093218283
4e-06,0.3418714638698039,0.3526612167823044,0.3637915034339916,2464.7469093218283,2604.0438948968845,2751.213352130962
1e-06,0.3418714638698039,0.3526612167823044,0.3637915034339916,2751.213352130962,2906.7001995538217,3070.9745005933823
3e-06,0.3418714638698039,0.3526612167823044,0.3637915034339916,3070.9745005933823,3244.5328846581474,3427.9000485331494
6e-06,0.3418714638698039,0.3526612167823044,0.3637915034339916,3427.9000485331494,3621.630342628391,3826.309446875285
4e-06,0.3418714638698039,0.3526612167823044,0.3637915034339916,3826.309446875285,4042.556141337618,4271.024176889881
4e-06,0.3418714638698039,0.3526612167823044,0.3637915034339916,4271.024176889881,4512.404251618383,4767.426098920123
0.000746,0.3637915034339916,0.3752730713580541,0.38711700728892956,0.07999999999999999,0.08452125887808527,0.08929804002920383
0.000709,0.3637915034339916,0.3752730713580541,0.38711700728892956,0.08929804002920383,0.09434478448267444,0.09967674941321612
0.000701,0.3637915034339916,0.3752730713580541,0.38711700728892956,0.09967674941321612,0.10531005426600588,0.11126172948852864
0.000691,0.3637915034339916,0.3752730713580541,0.38711700728892956,0.11126172948852864,0.11754976801654278,0.12419317966981348
0.00066,0.3637915034339916,0.3752730713580541,0.38711700728892956,0.12419317966981348,0.13121204862206076,0.13862759411886386
0.000691,0.3637915034339916,0.3752730713580541,0.38711700728892956,0.13862759411886386,0.14646223462708277,0.15473965560973155
0.000698,0.3637915034339916,0.3752730713580541,0.38711700728892956,0.15473965560973155,0.1634848811311985,0.1727243495092878
0.000693,0.3637915034339916,0.3752730713580541,0.38711700728892956,0.1727243495092878,0.1824859932427924,0.1927993234562322
0.00069,0.3637915034339916,0.3752730713580541,0.38711700728892956,0.1927993234562322,0.20369551911704872,0.21520752129497553
0.000692,0.3637915034339916,0.3752730713580541,0.38711700728892956,0.21520752129497553,0.22737013274854592,0.24022012313980576
0.000736,0.3637915034339916,0.3752730713580541,0.38711700728892956,0.24022012313980576,0.25379634019531294,0.26813982714948303
0.000603,0.3637915034339916,0.3752730713580541,0.38711700728892956,0.26813982714948303,0.28329394682533116,0.2993045127277292
0.000666,0.3637915034339916,0.3752730713580541,0.38711700728892956,0.2993045127277292,0.31621992754549455,0.3340913294810264
0.000618,0.3637915034339916,0.3752730713580541,0.38711700728892956,0.3340913294810264,0.3529727468498688,0.37292126141758264
0.000608,0.3637915034339916,0.3752730713580541,0.38711700728892956,0.37292126141758264,0.3939971809677202,0.41626422162260607
0.000609,0.3637915034339916,0.3752730713580541,0.38711700728892956,0.41626422162260607,0.4397897004681118,0.46464473906476067
0.000617,0.3637915034339916,0.3752730713580541,0.38711700728892956,0.46464473906476067,0.4909044784604127,0.5186483063545496
0.000615,0.3637915034339916,0.3752730713580541,0.38711700728892956,0.5186483063545496,0.547960097100917,0.5789284652740918
0.000638,0.3637915034339916,0.3752730713580541,0.38711700728892956,0.5789284652740918,0.6116470335665513,0.6462147158261423
0.000621,0.3637915034339916,0.3752730713580541,0.38711700728892956,0.6462147158261423,0.6827360160896209,0.7213213445162929
0.000655,0.3637915034339916,0.3752730713580541,0.38711700728892956,0.7213213445162929,0.7620873511768764,0.805157278706688
0.000611,0.3637915034339916,0.3752730713580541,0.38711700728892956,0.805157278706688,0.8506613348892827,0.8987370862969332
0.000655,0.3637915034339916,0.3752730713580541,0.38711700728892956,0.8987370862969332,0.9495298741779894,1.0031932538484196
0.000614,0.3637915034339916,0.3752730713580541,0.38711700728892956,1.0031932538484196,1.0598894589158872,1.1197898917397926
0.000597,0.3637915034339916,0.3752730713580541,0.38711700728892956,1.1197898917397926,1.183075641610026,1.249938032210973
0.000647,0.3637915034339916,0.3752730713580541,0.38711700728892956,1.249938032210973,1.3205792000258516,1.3952127054299968
0.00061,0.3637915034339916,0.3752730713580541,0.38711700728892956,1.3952127054299968,1.4740641783205308,1.5573720002342704
0.00055,0.3637915034339916,0.3752730713580541,0.38711700728892956,1.5573720002342704,1.6453880250160273,1.7383783402160131
0.000584,0.3637915034339916,0.3752730713580541,0.38711700728892956,1.7383783402160131,1.8366240715181728,1.9404222326313807
0.000925,0.3637915034339916,0.3752730713580541,0.38711700728892956,1.9404222326313807,2.050086623212864,2.1659487775384263
0.001161,0.3637915034339916,0.3752730713580541,0.38711700728892956,2.1659487775384263,2.2883589667874706,2.417687257972894
0.001201,0.3637915034339916,0.3752730713580541,0.38711700728892956,2.417687257972894,2.5543246327171887,2.6986841692569943
0.001183,0.3637915034339916,0.3752730713580541,0.38711700728892956,2.6986841692569943,2.851202291249511,3.0123400871561223
0.001158,0.3637915034339916,0.3752730713580541,0.38711700728892956,3.0123400871561223,3.1825847041919566,3.3624508210555346
0.001109,0.3637915034339916,0.3752730713580541,0.38711700728892956,3.3624508210555346,3.552482203890815,3.7532533501855805
0.001053,0.3637915034339916,0.3752730713580541,0.38711700728892956,3.7532533501855805,3.9653712255759532,4.189477098807692
0.001084,0.3637915034339916,0.3752730713580541,0.38711700728892956,4.189477098807692,4.42624848040168,4.676401170884524
0.001046,0.3637915034339916,0.3752730713580541,0.38711700728892956,4.676401170884524,4.940691424776398,5.219918236878273
0.001073,0.3637915034339916,0.3752730713580541,0.38711700728892956,5.219918236878273,5.514925757770336,5.82660584582409
0.001091,0.3637915034339916,0.3752730713580541,0.38711700728892956,5.82660584582409,6.155900763443285,6.5038060256849075
0.001018,0.3637915034339916,0.3752730713580541,0.38711700728892956,6.5038060256849075,6.871373409872062,7.25971413529735
0.001007,0.3637915034339916,0.3752730713580541,0.38711700728892956,7.25971413529735,7.670002222629526,8.103478043179491
0.001009,0.3637915034339916,0.3752730713580541,0.38711700728892956,8.103478043179491,8.561452068755672,9.045308833445212
0.00101,0.3637915034339916,0.3752730713580541,0.38711700728892956,9.045308833445212,9.556511119298175,10.096604378568765
0.000959,0.3637915034339916,0.3752730713580541,0.38711700728892956,10.096604378568765,10.66722140588275,11.27008727445586
0.00041,0.3637915034339916,0.3752730713580541,0.38711700728892956,11.27008727445586,11.907024551286224,12.579958807087245
0.000281,0.3637915034339916,0.3752730713580541,0.38711700728892956,12.579958807087245,13.290924437618376,14.042070814012659
0.00027,0.3637915034339916,0.3752730713580541,0.38711700728892956,14.042070814012659,14.835668780694615,15.67411752053271
0.000233,0.3637915034339916,0.3752730713580541,0.38711700728892956,15.67411752053271,16.55995180798096,17.49584967213718
0.000229,0.3637915034339916,0.3752730713580541,0.38711700728892956,17.49584967213718,18.484640492884626,19.529313554592992
0.0002,0.3637915034339916,0.3752730713580541,0.38711700728892956,19.529313554592992,20.63302708323817,21.799117794261466
0.000191,0.3637915034339916,0.3752730713580541,0.38711700728892956,21.799117794261466,23.03111098003311,24.332731167416135
0.000146,0.3637915034339916,0.3752730713580541,0.38711700728892956,24.332731167416135,25.707913377650407,27.160815022597262
0.000169,0.3637915034339916,0.3752730713580541,0.38711700728892956,27.160815022597262,28.695828473309135,30.317594338921154
0.000136,0.3637915034339916,0.3752730713580541,0.38711700728892956,30.317594338921154,32.03101549600908,33.84127191082679
0.000127,0.3637915034339916,0.3752730713580541,0.38711700728892956,33.84127191082679,35.75383629923332,37.77449067165226
0.00011,0.3637915034339916,0.3752730713580541,0.38711700728892956,37.77449067165226,39.909343813081726,42.1648497509999
0.00013,0.3637915034339916,0.3752730713580541,0.38711700728892956,42.1648497509999,44.547827266997885,47.06548051112691
9.8e-05,0.3637915034339916,0.3752730713580541,0.38711700728892956,47.06548051112691,49.72542078128044,52.535689533454075
8.6e-05,0.3637915034339916,0.3752730713580541,0.38711700728892956,52.535689533454075,55.504782692447314,58.641676336502556
7.2e-05,0.3637915034339916,0.3752730713580541,0.38711700728892956,58.641676336502556,61.955853833530256,65.45733451095779
6.6e-05,0.3637915034339916,0.3752730713580541,0.38711700728892956,65.45733451095779,69.15670394587609,73.06514596705614
5.6e-05,0.3637915034339916,0.3752730713580541,0.38711700728892956,73.06514596705614,77.19447646558302,81.55717911632256
4.1e-05,0.3637915034339916,0.3752730713580541,0.38711700728892956,81.55717911632256,86.16644311821332,91.03620306747894
3.3e-05,0.3637915034339916,0.3752730713580541,0.38711700728892956,91.03620306747894,96.18118108430411,101.61693132033079
3.7e-05,0.3637915034339916,0.3752730713580541,0.38711700728892956,101.61693132033079,107.35988698152859,113.42741000859688
3.6e-05,0.3637915034339916,0.3752730713580541,0.38711700728892956,113.42741000859688,119.83784356509167,126.61056749195744
3.4e-05,0.3637915034339916,0.3752730713580541,0.38711700728892956,126.61056749195744,133.76605689611287,141.32594405021308
3.6e-05,0.3637915034339916,0.3752730713580541,0.38711700728892956,141.32594405021308,149.31308379072314,157.7516226120118
2.7e-05,0.3637915034339916,0.3752730713580541,0.38711700728892956,157.7516226120118,166.66707166534817,176.08638388349098
2.9e-05,0.3637915034339916,0.3752730713580541,0.38711700728892956,176.08638388349098,186.0380354640305,196.55211195782155
1.6e-05,0.3637915034339916,0.3752730713580541,0.38711700728892956,196.55211195782155,207.66039922276806,219.39647951792662
2.5e-05,0.3637915034339916,0.3752730713580541,0.38711700728892956,219.39647951792662,231.79583302844003,244.8959451282275
2.6e-05,0.3637915034339916,0.3752730713580541,0.38711700728892956,244.8959451282275,258.73641970470345,273.35909888812694
2e-05,0.3637915034339916,0.3752730713580541,0.38711700728892956,273.35909888812694,288.8081895475435,305.13039693573796
2e-05,0.3637915034339916,0.3752730713580541,0.38711700728892956,305.13039693573796,322.37506588723016,340.5943299961796
1.7e-05,0.3637915034339916,0.3752730713580541,0.38711700728892956,340.5943299961796,359.843269225189,380.18007642148444
2.2e-05,0.3637915034339916,0.3752730713580541,0.38711700728892956,380.18007642148444,401.66623324388144,424.3666960323934
2.1e-05,0.3637915034339916,0.3752730713580541,0.38711700728892956,424.3666960323934,448.35009218239543,473.6889276170203
1.4e-05,0.3637915034339916,0.3752730713580541,0.38711700728892956,473.6889276170203,500.45980598500944,528.7436602466912
1.3e-05,0.3637915034339916,0.3752730713580541,0.38711700728892956,528.7436602466912,558.6259973482117,590.1971567237096
1.6e-05,0.3637915034339916,0.3752730713580541,0.38711700728892956,590.1971567237096,623.5525834069318,658.7931165779523
1.2e-05,0.3637915034339916,0.3752730713580541,0.38711700728892956,658.7931165779523,696.0252944173212,735.3616761892738
1e-05,0.3637915034339916,0.3752730713580541,0.38711700728892956,735.3616761892738,776.9211825277038,820.8294549536521
7e-06,0.3637915034339916,0.3752730713580541,0.38711700728892956,820.8294549536521,867.2192357111913,916.2307690700113
9e-06,0.3637915034339916,0.3752730713580541,0.38711700728892956,916.2307690700113,968.0122253079195,1022.7201486550255
1.3e-05,0.3637915034339916,0.3752730713580541,0.38711700728892956,1022.7201486550255,1080.5199305538154,1141.5863096658716
8e-06,0.3637915034339916,0.3752730713580541,0.38711700728892956,1141.5863096658716,1206.1039001368388,1274.2677497166753
1.2e-05,0.3637915034339916,0.3752730713580541,0.38711700728892956,1274.2677497166753,1346.2839294224782,1422.370156526539
1.1e-05,0.3637915034339916,0.3752730713580541,0.38711700728892956,1422.370156526539,1502.7564527530292,1587.68583967315
1e-06,0.3637915034339916,0.3752730713580541,0.38711700728892956,1587.68583967315,1677.4150734010555,1772.2154208116622
8e-06,0.3637915034339916,0.3752730713580541,0.38711700728892956,1772.2154208116622,1872.373479626966,1978.1920448501505
6e-06,0.3637915034339916,0.3752730713580541,0.38711700728892956,1978.1920448501505,2089.991024166855,2208.1084050810155
4e-06,0.3637915034339916,0.3752730713580541,0.38711700728892956,2208.1084050810155,2332.9012767091076,2464.7469093218283
6e-06,0.3637915034339916,0.3752730713580541,0.38711700728892956,2464.7469093218283,2604.0438948968845,2751.213352130962
5e-06,0.3637915034339916,0.3752730713580541,0.38711700728892956,2751.213352130962,2906.7001995538217,3070.9745005933823
5e-06,0.3637915034339916,0.3752730713580541,0.38711700728892956,3070.9745005933823,3244.5328846581474,3427.9000485331494
3e-06,0.3637915034339916,0.3752730713580541,0.38711700728892956,3427.9000485331494,3621.630342628391,3826.309446875285
9e-06,0.3637915034339916,0.3752730713580541,0.38711700728892956,3826.309446875285,4042.556141337618,4271.024176889881
4e-06,0.3637915034339916,0.3752730713580541,0.38711700728892956,4271.024176889881,4512.404251618383,4767.426098920123
0.000628,0.38711700728892956,0.3993347478677833,0.41193809068586057,0.07999999999999999,0.08452125887808527,0.08929804002920383
0.000694,0.38711700728892956,0.3993347478677833,0.41193809068586057,0.08929804002920383,0.09434478448267444,0.09967674941321612
0.000751,0.38711700728892956,0.3993347478677833,0.41193809068586057,0.09967674941321612,0.10531005426600588,0.11126172948852864
0.000677,0.38711700728892956,0.3993347478677833,0.41193809068586057,0.11126172948852864,0.11754976801654278,0.12419317966981348
0.000712,0.38711700728892956,0.3993347478677833,0.41193809068586057,0.12419317966981348,0.13121204862206076,0.13862759411886386
0.0007,0.38711700728892956,0.3993347478677833,0.41193809068586057,0.13862759411886386,0.14646223462708277,0.15473965560973155
0.000671,0.38711700728892956,0.3993347478677833,0.41193809068586057,0.15473965560973155,0.1634848811311985,0.1727243495092878
0.000668,0.38711700728892956,0.3993347478677833,0.41193809068586057,0.1727243495092878,0.1824859932427924,0.1927993234562322
0.000683,0.38711700728892956,0.3993347478677833,0.41193809068586057,0.1927993234562322,0.20369551911704872,0.21520752129497553
0.000681,0.38711700728892956,0.3993347478677833,0.41193809068586057,0.21520752129497553,0.22737013274854592,0.24022012313980576
0.000641,0.38711700728892956,0.3993347478677833,0.41193809068586057,0.24022012313980576,0.25379634019531294,0.26813982714948303
0.000675,0.38711700728892956,0.3993347478677833,0.41193809068586057,0.26813982714948303,0.28329394682533116,0.2993045127277292
0.00072,0.38711700728892956,0.3993347478677833,0.41193809068586057,0.2993045127277292,0.31621992754549455,0.3340913294810264
0.000644,0.38711700728892956,0.3993347478677833,0.41193809068586057,0.3340913294810264,0.3529727468498688,0.37292126141758264
0.000652,0.38711700728892956,0.3993347478677833,0.41193809068586057,0.37292126141758264,0.3939971809677202,0.41626422162260607
0.000658,0.38711700728892956,0.3993347478677833,0.41193809068586057,0.41626422162260607,0.4397897004681118,0.46464473906476067
0.000675,0.38711700728892956,0.3993347478677833,0.41193809068586057,0.46464473906476067,0.4909044784604127,0.5186483063545496
0.000596,0.38711700728892956,0.3993347478677833,0.41193809068586057,0.5186483063545496,0.547960097100917,0.5789284652740918
0.000616,0.38711700728892956,0.3993347478677833,0.41193809068586057,0.5789284652740918,0.6116470335665513,0.6462147158261423
0.000611,0.38711700728892956,0.3993347478677833,0.41193809068586057,0.6462147158261423,0.6827360160896209,0.7213213445162929
0.000611,0.38711700728892956,0.3993347478677833,0.41193809068586057,0.7213213445162929,0.7620873511768764,0.805157278706688
0.000652,0.38711700728892956,0.3993347478677833,0.41193809068586057,0.805157278706688,0.8506613348892827,0.8987370862969332
0.000614,0.38711700728892956,0.3993347478677833,0.41193809068586057,0.8987370862969332,0.9495298741779894,1.0031932538484196
0.000642,0.38711700728892956,0.3993347478677833,0.41193809068586057,1.0031932538484196,1.0598894589158872,1.1197898917397926
0.000602,0.38711700728892956,0.3993347478677833,0.41193809068586057,1.1197898917397926,1.183075641610026,1.249938032210973
0.000607,0.38711700728892956,0.3993347478677833,0.41193809068586057,1.249938032210973,1.3205792000258516,1.3952127054299968
0.000588,0.38711700728892956,0.3993347478677833,0.41193809068586057,1.3952127054299968,1.4740641783205308,1.5573720002342704
0.000573,0.38711700728892956,0.3993347478677833,0.41193809068586057,1.5573720002342704,1.6453880250160273,1.7383783402160131
0.000571,0.38711700728892956,0.3993347478677833,0.41193809068586057,1.7383783402160131,1.8366240715181728,1.9404222326313807
0.00089,0.38711700728892956,0.3993347478677833,0.41193809068586057,1.9404222326313807,2.050086623212864,2.1659487775384263
0.001199,0.38711700728892956,0.3993347478677833,0.41193809068586057,2.1659487775384263,2.2883589667874706,2.417687257972894
0.001244,0.38711700728892956,0.3993347478677833,0.41193809068586057,2.417687257972894,2.5543246327171887,2.6986841692569943
0.001145,0.38711700728892956,0.3993347478677833,0.41193809068586057,2.6986841692569943,2.851202291249511,3.0123400871561223
0.001192,0.38711700728892956,0.3993347478677833,0.41193809068586057,3.0123400871561223,3.1825847041919566,3.3624508210555346
0.001082,0.38711700728892956,0.3993347478677833,0.41193809068586057,3.3624508210555346,3.552482203890815,3.7532533501855805
0.001095,0.38711700728892956,0.3993347478677833,0.41193809068586057,3.7532533501855805,3.9653712255759532,4.189477098807692
0.001062,0.38711700728892956,0.3993347478677833,0.41193809068586057,4.189477098807692,4.42624848040168,4.676401170884524
0.001112,0.38711700728892956,0.3993347478677833,0.41193809068586057,4.676401170884524,4.940691424776398,5.219918236878273
0.001048,0.38711700728892956,0.3993347478677833,0.41193809068586057,5.219918236878273,5.514925757770336,5.82660584582409
0.001055,0.38711700728892956,0.3993347478677833,0.41193809068586057,5.82660584582409,6.155900763443285,6.5038060256849075
0.000977,0.38711700728892956,0.3993347478677833,0.41193809068586057,6.5038060256849075,6.871373409872062,7.25971413529735
0.000971,0.38711700728892956,0.3993347478677833,0.41193809068586057,7.25971413529735,7.670002222629526,8.103478043179491
0.000993,0.38711700728892956,0.3993347478677833,0.41193809068586057,8.103478043179491,8.561452068755672,9.045308833445212
0.000964,0.38711700728892956,0.3993347478677833,0.41193809068586057,9.045308833445212,9.556511119298175,10.096604378568765
0.00094,0.38711700728892956,0.3993347478677833,0.41193809068586057,10.096604378568765,10.66722140588275,11.27008727445586
0.000437,0.38711700728892956,0.3993347478677833,0.41193809068586057,11.27008727445586,11.907024551286224,12.579958807087245
0.000268,0.38711700728892956,0.3993347478677833,0.41193809068586057,12.579958807087245,13.290924437618376,14.042070814012659
0.000274,0.38711700728892956,0.3993347478677833,0.41193809068586057,14.042070814012659,14.835668780694615,15.67411752053271
0.000244,0.38711700728892956,0.3993347478677833,0.41193809068586057,15.67411752053271,16.55995180798096,17.49584967213718
0.000257,0.38711700728892956,0.3993347478677833,0.41193809068586057,17.49584967213718,18.484640492884626,19.529313554592992
0.000202,0.38711700728892956,0.3993347478677833,0.41193809068586057,19.529313554592992,20.63302708323817,21.799117794261466
0.000205,0.38711700728892956,0.3993347478677833,0.41193809068586057,21.799117794261466,23.03111098003311,24.332731167416135
0.000179,0.38711700728892956,0.3993347478677833,0.41193809068586057,24.332731167416135,25.707913377650407,27.160815022597262
0.000171,0.38711700728892956,0.3993347478677833,0.41193809068586057,27.160815022597262,28.695828473309135,30.317594338921154
0.000166,0.38711700728892956,0.3993347478677833,0.41193809068586057,30.317594338921154,32.03101549600908,33.84127191082679
0.000127,0.38711700728892956,0.3993347478677833,0.41193809068586057,33.84127191082679,35.75383629923332,37.77449067165226
0.000116,0.38711700728892956,0.3993347478677833,0.41193809068586057,37.77449067165226,39.909343813081726,42.1648497509999
0.000129,0.38711700728892956,0.3993347478677833,0.41193809068586057,42.1648497509999,44.547827266997885,47.06548051112691
0.000123,0.38711700728892956,0.3993347478677833,0.41193809068586057,47.06548051112691,49.72542078128044,52.535689533454075
0.000112,0.38711700728892956,0.3993347478677833,0.41193809068586057,52.535689533454075,55.504782692447314,58.641676336502556
9.1e-05,0.38711700728892956,0.3993347478677833,0.41193809068586057,58.641676336502556,61.955853833530256,65.45733451095779
7.7e-05,0.38711700728892956,0.3993347478677833,0.41193809068586057,65.45733451095779,69.15670394587609,73.06514596705614
7.3e-05,0.38711700728892956,0.3993347478677833,0.41193809068586057,73.06514596705614,77.19447646558302,81.55717911632256
4.4e-05,0.38711700728892956,0.3993347478677833,0.41193809068586057,81.55717911632256,86.16644311821332,91.03620306747894
5.2e-05,0.38711700728892956,0.3993347478677833,0.41193809068586057,91.03620306747894,96.18118108430411,101.61693132033079
3.9e-05,0.38711700728892956,0.3993347478677833,0.41193809068586057,101.61693132033079,107.35988698152859,113.42741000859688
4.4e-05,0.38711700728892956,0.3993347478677833,0.41193809068586057,113.42741000859688,119.83784356509167,126.61056749195744
3.2e-05,0.38711700728892956,0.3993347478677833,0.41193809068586057,126.61056749195744,133.76605689611287,141.32594405021308
4.1e-05,0.38711700728892956,0.3993347478677833,0.41193809068586057,141.32594405021308,149.31308379072314,157.7516226120118
3.3e-05,0.38711700728892956,0.3993347478677833,0.41193809068586057,157.7516226120118,166.66707166534817,176.08638388349098
2.7e-05,0.38711700728892956,0.3993347478677833,0.41193809068586057,176.08638388349098,186.0380354640305,196.55211195782155
1.6e-05,0.38711700728892956,0.3993347478677833,0.41193809068586057,196.55211195782155,207.66039922276806,219.39647951792662
2.7e-05,0.38711700728892956,0.3993347478677833,0.41193809068586057,219.39647951792662,231.79583302844003,244.8959451282275
1.3e-05,0.38711700728892956,0.3993347478677833,0.41193809068586057,244.8959451282275,258.73641970470345,273.35909888812694
2.6e-05,0.38711700728892956,0.3993347478677833,0.41193809068586057,273.35909888812694,288.8081895475435,305.13039693573796
2.5e-05,0.38711700728892956,0.3993347478677833,0.41193809068586057,305.13039693573796,322.37506588723016,340.5943299961796
2.2e-05,0.38711700728892956,0.3993347478677833,0.41193809068586057,340.5943299961796,359.843269225189,380.18007642148444
1.3e-05,0.38711700728892956,0.3993347478677833,0.41193809068586057,380.18007642148444,401.66623324388144,424.3666960323934
2.2e-05,0.38711700728892956,0.3993347478677833,0.41193809068586057,424.3666960323934,448.35009218239543,473.6889276170203
1.1e-05,0.38711700728892956,0.3993347478677833,0.41193809068586057,473.6889276170203,500.45980598500944,528.7436602466912
2.2e-05,0.38711700728892956,0.3993347478677833,0.41193809068586057,528.7436602466912,558.6259973482117,590.1971567237096
1.5e-05,0.38711700728892956,0.3993347478677833,0.41193809068586057,590.1971567237096,623.5525834069318,658.7931165779523
1.2e-05,0.38711700728892956,0.3993347478677833,0.41193809068586057,658.7931165779523,696.0252944173212,735.3616761892738
1.1e-05,0.38711700728892956,0.3993347478677833,0.41193809068586057,735.3616761892738,776.9211825277038,820.8294549536521
1.4e-05,0.38711700728892956,0.3993347478677833,0.41193809068586057,820.8294549536521,867.2192357111913,916.2307690700113
1.8e-05,0.38711700728892956,0.3993347478677833,0.41193809068586057,916.2307690700113,968.0122253079195,1022.7201486550255
1.7e-05,0.38711700728892956,0.3993347478677833,0.41193809068586057,1022.7201486550255,1080.5199305538154,1141.5863096658716
1.1e-05,0.38711700728892956,0.3993347478677833,0.41193809068586057,1141.5863096658716,1206.1039001368388,1274.2677497166753
1.1e-05,0.38711700728892956,0.3993347478677833,0.41193809068586057,1274.2677497166753,1346.2839294224782,1422.370156526539
6e-06,0.38711700728892956,0.3993347478677833,0.41193809068586057,1422.370156526539,1502.7564527530292,1587.68583967315
4e-06,0.38711700728892956,0.3993347478677833,0.41193809068586057,1587.68583967315,1677.4150734010555,1772.2154208116622
7e-06,0.38711700728892956,0.3993347478677833,0.41193809068586057,1772.2154208116622,1872.373479626966,1978.1920448501505
2e-06,0.38711700728892956,0.3993347478677833,0.41193809068586057,1978.1920448501505,2089.991024166855,2208.1084050810155
8e-06,0.38711700728892956,0.3993347478677833,0.41193809068586057,2208.1084050810155,2332.9012767091076,2464.7469093218283
6e-06,0.38711700728892956,0.3993347478677833,0.41193809068586057,2464.7469093218283,2604.0438948968845,2751.213352130962
5e-06,0.38711700728892956,0.3993347478677833,0.41193809068586057,2751.213352130962,2906.7001995538217,3070.9745005933823
3e-06,0.38711700728892956,0.3993347478677833,0.41193809068586057,3070.9745005933823,3244.5328846581474,3427.9000485331494
4e-06,0.38711700728892956,0.3993347478677833,0.41193809068586057,3427.9000485331494,3621.630342628391,3826.309446875285
3e-06,0.38711700728892956,0.3993347478677833,0.41193809068586057,3826.309446875285,4042.556141337618,4271.024176889881
3e-06,0.38711700728892956,0.3993347478677833,0.41193809068586057,4271.024176889881,4512.404251618383,4767.426098920123
0.000736,0.41193809068586057,0.4249392056763775,0.43835064686594827,0.07999999999999999,0.08452125887808527,0.08929804002920383
0.000691,0.41193809068586057,0.4249392056763775,0.43835064686594827,0.08929804002920383,0.09434478448267444,0.09967674941321612
0.000746,0.41193809068586057,0.4249392056763775,0.43835064686594827,0.09967674941321612,0.10531005426600588,0.11126172948852864
0.000721,0.41193809068586057,0.4249392056763775,0.43835064686594827,0.11126172948852864,0.11754976801654278,0.12419317966981348
0.000716,0.41193809068586057,0.4249392056763775,0.43835064686594827,0.12419317966981348,0.13121204862206076,0.13862759411886386
0.000753,0.41193809068586057,0.4249392056763775,0.43835064686594827,0.13862759411886386,0.14646223462708277,0.15473965560973155
0.000674,0.41193809068586057,0.4249392056763775,0.43835064686594827,0.15473965560973155,0.1634848811311985,0.1727243495092878
0.000703,0.41193809068586057,0.4249392056763775,0.43835064686594827,0.1727243495092878,0.1824859932427924,0.1927993234562322
0.000621,0.41193809068586057,0.4249392056763775,0.43835064686594827,0.1927993234562322,0.20369551911704872,0.21520752129497553
0.000717,0.41193809068586057,0.4249392056763775,0.43835064686594827,0.21520752129497553,0.22737013274854592,0.24022012313980576
0.000709,0.41193809068586057,0.4249392056763775,0.43835064686594827,0.24022012313980576,0.25379634019531294,0.26813982714948303
0.000628,0.41193809068586057,0.4249392056763775,0.43835064686594827,0.26813982714948303,0.28329394682533116,0.2993045127277292
0.000706,0.41193809068586057,0.4249392056763775,0.43835064686594827,0.2993045127277292,0.31621992754549455,0.3340913294810264
0.000712,0.41193809068586057,0.4249392056763775,0.43835064686594827,0.3340913294810264,0.3529727468498688,0.37292126141758264
0.000657,0.41193809068586057,0.4249392056763775,0.43835064686594827,0.37292126141758264,0.3939971809677202,0.41626422162260607
0.00066,0.41193809068586057,0.4249392056763775,0.43835064686594827,0.41626422162260607,0.4397897004681118,0.46464473906476067
0.000673,0.41193809068586057,0.4249392056763775,0.43835064686594827,0.46464473906476067,0.4909044784604127,0.5186483063545496
0.000698,0.41193809068586057,0.4249392056763775,0.43835064686594827,0.5186483063545496,0.547960097100917,0.5789284652740918
0.000649,0.41193809068586057,0.4249392056763775,0.43835064686594827,0.5789284652740918,0.6116470335665513,0.6462147158261423
0.000661,0.41193809068586057,0.4249392056763775,0.43835064686594827,0.6462147158261423,0.6827360160896209,0.7213213445162929
0.000617,0.41193809068586057,0.4249392056763775,0.43835064686594827,0.7213213445162929,0.7620873511768764,0.805157278706688
0.000645,0.41193809068586057,0.4249392056763775,0.43835064686594827,0.805157278706688,0.8506613348892827,0.8987370862969332
0.000608,0.41193809068586057,0.4249392056763775,0.43835064686594827,0.8987370862969332,0.9495298741779894,1.0031932538484196
0.000614,0.41193809068586057,0.4249392056763775,0.43835064686594827,1.0031932538484196,1.0598894589158872,1.1197898917397926
0.000594,0.41193809068586057,0.4249392056763775,0.43835064686594827,1.1197898917397926,1.183075641610026,1.249938032210973
0.00057,0.41193809068586057,0.4249392056763775,0.43835064686594827,1.249938032210973,1.3205792000258516,1.3952127054299968
0.000588,0.41193809068586057,0.4249392056763775,0.43835064686594827,1.3952127054299968,1.4740641783205308,1.5573720002342704
0.00058,0.41193809068586057,0.4249392056763775,0.43835064686594827,1.5573720002342704,1.6453880250160273,1.7383783402160131
0.000577,0.41193809068586057,0.4249392056763775,0.43835064686594827,1.7383783402160131,1.8366240715181728,1.9404222326313807
0.000877,0.41193809068586057,0.4249392056763775,0.43835064686594827,1.9404222326313807,2.050086623212864,2.1659487775384263
0.001247,0.41193809068586057,0.4249392056763775,0.43835064686594827,2.1659487775384263,2.2883589667874706,2.417687257972894
0.001193,0.41193809068586057,0.4249392056763775,0.43835064686594827,2.417687257972894,2.5543246327171887,2.6986841692569943
0.001197,0.41193809068586057,0.4249392056763775,0.43835064686594827,2.6986841692569943,2.851202291249511,3.0123400871561223
0.001117,0.41193809068586057,0.4249392056763775,0.43835064686594827,3.0123400871561223,3.1825847041919566,3.3624508210555346
0.001091,0.41193809068586057,0.4249392056763775,0.43835064686594827,3.3624508210555346,3.552482203890815,3.7532533501855805
0.001101,0.41193809068586057,0.4249392056763775,0.43835064686594827,3.7532533501855805,3.9653712255759532,4.189477098807692
0.001061,0.41193809068586057,0.4249392056763775,0.43835064686594827,4.189477098807692,4.42624848040168,4.676401170884524
0.001097,0.41193809068586057,0.4249392056763775,0.43835064686594827,4.676401170884524,4.940691424776398,5.219918236878273
0.001077,0.41193809068586057,0.4249392056763775,0.43835064686594827,5.219918236878273,5.514925757770336,5.82660584582409
0.001116,0.41193809068586057,0.4249392056763775,0.43835064686594827,5.82660584582409,6.155900763443285,6.5038060256849075
0.001032,0.41193809068586057,0.4249392056763775,0.43835064686594827,6.5038060256849075,6.871373409872062,7.25971413529735
0.001043,0.41193809068586057,0.4249392056763775,0.43835064686594827,7.25971413529735,7.670002222629526,8.103478043179491
0.001018,0.41193809068586057,0.4249392056763775,0.43835064686594827,8.103478043179491,8.561452068755672,9.045308833445212
0.000994,0.41193809068586057,0.4249392056763775,0.43835064686594827,9.045308833445212,9.556511119298175,10.096604378568765
0.001015,0.41193809068586057,0.4249392056763775,0.43835064686594827,10.096604378568765,10.66722140588275,11.27008727445586
0.000459,0.41193809068586057,0.4249392056763775,0.43835064686594827,11.27008727445586,11.907024551286224,12.579958807087245
0.000329,0.41193809068586057,0.4249392056763775,0.43835064686594827,12.579958807087245,13.290924437618376,14.042070814012659
0.000297,0.41193809068586057,0.4249392056763775,0.43835064686594827,14.042070814012659,14.835668780694615,15.67411752053271
0.000256,0.41193809068586057,0.4249392056763775,0.43835064686594827,15.67411752053271,16.55995180798096,17.49584967213718
0.000247,0.41193809068586057,0.4249392056763775,0.43835064686594827,17.49584967213718,18.484640492884626,19.529313554592992
0.000217,0.41193809068586057,0.4249392056763775,0.43835064686594827,19.529313554592992,20.63302708323817,21.799117794261466
0.00019,0.41193809068586057,0.4249392056763775,0.43835064686594827,21.799117794261466,23.03111098003311,24.332731167416135
0.000214,0.41193809068586057,0.4249392056763775,0.43835064686594827,24.332731167416135,25.707913377650407,27.160815022597262
0.000163,0.41193809068586057,0.4249392056763775,0.43835064686594827,27.160815022597262,28.695828473309135,30.317594338921154
0.000172,0.41193809068586057,0.4249392056763775,0.43835064686594827,30.317594338921154,32.03101549600908,33.84127191082679
0.000136,0.41193809068586057,0.4249392056763775,0.43835064686594827,33.84127191082679,35.75383629923332,37.77449067165226
0.000151,0.41193809068586057,0.4249392056763775,0.43835064686594827,37.77449067165226,39.909343813081726,42.1648497509999
0.000124,0.41193809068586057,0.4249392056763775,0.43835064686594827,42.1648497509999,44.547827266997885,47.06548051112691
0.000114,0.41193809068586057,0.4249392056763775,0.43835064686594827,47.06548051112691,49.72542078128044,52.535689533454075
8.7e-05,0.41193809068586057,0.4249392056763775,0.43835064686594827,52.535689533454075,55.504782692447314,58.641676336502556
0.000111,0.41193809068586057,0.4249392056763775,0.43835064686594827,58.641676336502556,61.955853833530256,65.45733451095779
8.2e-05,0.41193809068586057,0.4249392056763775,0.43835064686594827,65.45733451095779,69.15670394587609,73.06514596705614
6.8e-05,0.41193809068586057,0.4249392056763775,0.43835064686594827,73.06514596705614,77.19447646558302,81.55717911632256
5.6e-05,0.41193809068586057,0.4249392056763775,0.43835064686594827,81.55717911632256,86.16644311821332,91.03620306747894
4.7e-05,0.41193809068586057,0.4249392056763775,0.43835064686594827,91.03620306747894,96.18118108430411,101.61693132033079
5.8e-05,0.41193809068586057,0.4249392056763775,0.43835064686594827,101.61693132033079,107.35988698152859,113.42741000859688
3.9e-05,0.41193809068586057,0.4249392056763775,0.43835064686594827,113.42741000859688,119.83784356509167,126.61056749195744
3e-05,0.41193809068586057,0.4249392056763775,0.43835064686594827,126.61056749195744,133.76605689611287,141.32594405021308
4.2e-05,0.41193809068586057,0.4249392056763775,0.43835064686594827,141.32594405021308,149.31308379072314,157.7516226120118
3.5e-05,0.41193809068586057,0.4249392056763775,0.43835064686594827,157.7516226120118,166.66707166534817,176.08638388349098
3.5e-05,0.41193809068586057,0.4249392056763775,0.43835064686594827,176.08638388349098,186.0380354640305,196.55211195782155
3.1e-05,0.41193809068586057,0.4249392056763775,0.43835064686594827,196.55211195782155,207.66039922276806,219.39647951792662
3.2e-05,0.41193809068586057,0.4249392056763775,0.43835064686594827,219.39647951792662,231.79583302844003,244.8959451282275
2.7e-05,0.41193809068586057,0.4249392056763775,0.43835064686594827,244.8959451282275,258.73641970470345,273.35909888812694
3.3e-05,0.41193809068586057,0.4249392056763775,0.43835064686594827,273.35909888812694,288.8081895475435,305.13039693573796
3e-05,0.41193809068586057,0.4249392056763775,0.43835064686594827,305.13039693573796,322.37506588723016,340.5943299961796
1.7e-05,0.41193809068586057,0.4249392056763775,0.43835064686594827,340.5943299961796,359.843269225189,380.18007642148444
2.4e-05,0.41193809068586057,0.4249392056763775,0.43835064686594827,380.18007642148444,401.66623324388144,424.3666960323934
1.9e-05,0.41193809068586057,0.4249392056763775,0.43835064686594827,424.3666960323934,448.35009218239543,473.6889276170203
1.2e-05,0.41193809068586057,0.4249392056763775,0.43835064686594827,473.6889276170203,500.45980598500944,528.7436602466912
1.5e-05,0.41193809068586057,0.4249392056763775,0.43835064686594827,528.7436602466912,558.6259973482117,590.1971567237096
1.1e-05,0.41193809068586057,0.4249392056763775,0.43835064686594827,590.1971567237096,623.5525834069318,658.7931165779523
1.5e-05,0.41193809068586057,0.4249392056763775,0.43835064686594827,658.7931165779523,696.0252944173212,735.3616761892738
1.3e-05,0.41193809068586057,0.4249392056763775,0.43835064686594827,735.3616761892738,776.9211825277038,820.8294549536521
1.2e-05,0.41193809068586057,0.4249392056763775,0.43835064686594827,820.8294549536521,867.2192357111913,916.2307690700113
1.4e-05,0.41193809068586057,0.4249392056763775,0.43835064686594827,916.2307690700113,968.0122253079195,1022.7201486550255
7e-06,0.41193809068586057,0.4249392056763775,0.43835064686594827,1022.7201486550255,1080.5199305538154,1141.5863096658716
1.4e-05,0.41193809068586057,0.4249392056763775,0.43835064686594827,1141.5863096658716,1206.1039001368388,1274.2677497166753
1.3e-05,0.41193809068586057,0.4249392056763775,0.43835064686594827,1274.2677497166753,1346.2839294224782,1422.370156526539
9e-06,0.41193809068586057,0.4249392056763775,0.43835064686594827,1422.370156526539,1502.7564527530292,1587.68583967315
1e-05,0.41193809068586057,0.4249392056763775,0.43835064686594827,1587.68583967315,1677.4150734010555,1772.2154208116622
1.1e-05,0.41193809068586057,0.4249392056763775,0.43835064686594827,1772.2154208116622,1872.373479626966,1978.1920448501505
8e-06,0.41193809068586057,0.4249392056763775,0.43835064686594827,1978.1920448501505,2089.991024166855,2208.1084050810155
6e-06,0.41193809068586057,0.4249392056763775,0.43835064686594827,2208.1084050810155,2332.9012767091076,2464.7469093218283
7e-06,0.41193809068586057,0.4249392056763775,0.43835064686594827,2464.7469093218283,2604.0438948968845,2751.213352130962
4e-06,0.41193809068586057,0.4249392056763775,0.43835064686594827,2751.213352130962,2906.7001995538217,3070.9745005933823
1e-05,0.41193809068586057,0.4249392056763775,0.43835064686594827,3070.9745005933823,3244.5328846581474,3427.9000485331494
5e-06,0.41193809068586057,0.4249392056763775,0.43835064686594827,3427.9000485331494,3621.630342628391,3826.309446875285
4e-06,0.41193809068586057,0.4249392056763775,0.43835064686594827,3826.309446875285,4042.556141337618,4271.024176889881
2e-06,0.41193809068586057,0.4249392056763775,0.43835064686594827,4271.024176889881,4512.404251618383,4767.426098920123
0.000749,0.43835064686594827,0.45218536449689856,0.46645671753216855,0.07999999999999999,0.08452125887808527,0.08929804002920383
0.000737,0.43835064686594827,0.45218536449689856,0.46645671753216855,0.08929804002920383,0.09434478448267444,0.09967674941321612
0.000704,0.43835064686594827,0.45218536449689856,0.46645671753216855,0.09967674941321612,0.10531005426600588,0.11126172948852864
0.0007,0.43835064686594827,0.45218536449689856,0.46645671753216855,0.11126172948852864,0.11754976801654278,0.12419317966981348
0.000666,0.43835064686594827,0.45218536449689856,0.46645671753216855,0.12419317966981348,0.13121204862206076,0.13862759411886386
0.000716,0.43835064686594827,0.45218536449689856,0.46645671753216855,0.13862759411886386,0.14646223462708277,0.15473965560973155
0.000749,0.43835064686594827,0.45218536449689856,0.46645671753216855,0.15473965560973155,0.1634848811311985,0.1727243495092878
0.000695,0.43835064686594827,0.45218536449689856,0.46645671753216855,0.1727243495092878,0.1824859932427924,0.1927993234562322
0.000695,0.43835064686594827,0.45218536449689856,0.46645671753216855,0.1927993234562322,0.20369551911704872,0.21520752129497553
0.000722,0.43835064686594827,0.45218536449689856,0.46645671753216855,0.21520752129497553,0.22737013274854592,0.24022012313980576
0.000681,0.43835064686594827,0.45218536449689856,0.46645671753216855,0.24022012313980576,0.25379634019531294,0.26813982714948303
0.000708,0.43835064686594827,0.45218536449689856,0.46645671753216855,0.26813982714948303,0.28329394682533116,0.2993045127277292
0.000713,0.43835064686594827,0.45218536449689856,0.46645671753216855,0.2993045127277292,0.31621992754549455,0.3340913294810264
0.000633,0.43835064686594827,0.45218536449689856,0.46645671753216855,0.3340913294810264,0.3529727468498688,0.37292126141758264
0.000656,0.43835064686594827,0.45218536449689856,0.46645671753216855,0.37292126141758264,0.3939971809677202,0.41626422162260607
0.000715,0.43835064686594827,0.45218536449689856,0.46645671753216855,0.41626422162260607,0.4397897004681118,0.46464473906476067
0.000681,0.43835064686594827,0.45218536449689856,0.46645671753216855,0.46464473906476067,0.4909044784604127,0.5186483063545496
0.000688,0.43835064686594827,0.45218536449689856,0.46645671753216855,0.5186483063545496,0.547960097100917,0.5789284652740918
0.000665,0.43835064686594827,0.45218536449689856,0.46645671753216855,0.5789284652740918,0.6116470335665513,0.6462147158261423
0.000678,0.43835064686594827,0.45218536449689856,0.46645671753216855,0.6462147158261423,0.6827360160896209,0.7213213445162929
0.000654,0.43835064686594827,0.45218536449689856,0.46645671753216855,0.7213213445162929,0.7620873511768764,0.805157278706688
0.000624,0.43835064686594827,0.45218536449689856,0.46645671753216855,0.805157278706688,0.8506613348892827,0.8987370862969332
0.00064,0.43835064686594827,0.45218536449689856,0.46645671753216855,0.8987370862969332,0.9495298741779894,1.0031932538484196
0.000618,0.43835064686594827,0.45218536449689856,0.46645671753216855,1.0031932538484196,1.0598894589158872,1.1197898917397926
0.000632,0.43835064686594827,0.45218536449689856,0.46645671753216855,1.1197898917397926,1.183075641610026,1.249938032210973
0.000666,0.43835064686594827,0.45218536449689856,0.46645671753216855,1.249938032210973,1.3205792000258516,1.3952127054299968
0.000585,0.43835064686594827,0.45218536449689856,0.46645671753216855,1.3952127054299968,1.4740641783205308,1.5573720002342704
0.000623,0.43835064686594827,0.45218536449689856,0.46645671753216855,1.5573720002342704,1.6453880250160273,1.7383783402160131
0.000594,0.43835064686594827,0.45218536449689856,0.46645671753216855,1.7383783402160131,1.8366240715181728,1.9404222326313807
0.00098,0.43835064686594827,0.45218536449689856,0.46645671753216855,1.9404222326313807,2.050086623212864,2.1659487775384263
0.001263,0.43835064686594827,0.45218536449689856,0.46645671753216855,2.1659487775384263,2.2883589667874706,2.417687257972894
0.001212,0.43835064686594827,0.45218536449689856,0.46645671753216855,2.417687257972894,2.5543246327171887,2.6986841692569943
0.001192,0.43835064686594827,0.45218536449689856,0.46645671753216855,2.6986841692569943,2.851202291249511,3.0123400871561223
0.001205,0.43835064686594827,0.45218536449689856,0.46645671753216855,3.0123400871561223,3.1825847041919566,3.3624508210555346
0.001223,0.43835064686594827,0.45218536449689856,0.46645671753216855,3.3624508210555346,3.552482203890815,3.7532533501855805
0.001162,0.43835064686594827,0.45218536449689856,0.46645671753216855,3.7532533501855805,3.9653712255759532,4.189477098807692
0.00116,0.43835064686594827,0.45218536449689856,0.46645671753216855,4.189477098807692,4.42624848040168,4.676401170884524
0.001129,0.43835064686594827,0.45218536449689856,0.46645671753216855,4.676401170884524,4.940691424776398,5.219918236878273
0.001113,0.43835064686594827,0.45218536449689856,0.46645671753216855,5.219918236878273,5.514925757770336,5.82660584582409
0.00117,0.43835064686594827,0.45218536449689856,0.46645671753216855,5.82660584582409,6.155900763443285,6.5038060256849075
0.001074,0.43835064686594827,0.45218536449689856,0.46645671753216855,6.5038060256849075,6.871373409872062,7.25971413529735
0.001055,0.43835064686594827,0.45218536449689856,0.46645671753216855,7.25971413529735,7.670002222629526,8.103478043179491
0.001045,0.43835064686594827,0.45218536449689856,0.46645671753216855,8.103478043179491,8.561452068755672,9.045308833445212
0.001058,0.43835064686594827,0.45218536449689856,0.46645671753216855,9.045308833445212,9.556511119298175,10.096604378568765
0.001068,0.43835064686594827,0.45218536449689856,0.46645671753216855,10.096604378568765,10.66722140588275,11.27008727445586
0.000498,0.43835064686594827,0.45218536449689856,0.46645671753216855,11.27008727445586,11.907024551286224,12.579958807087245
0.000344,0.43835064686594827,0.45218536449689856,0.46645671753216855,12.579958807087245,13.290924437618376,14.042070814012659
0.000316,0.43835064686594827,0.45218536449689856,0.46645671753216855,14.042070814012659,14.835668780694615,15.67411752053271
0.000274,0.43835064686594827,0.45218536449689856,0.46645671753216855,15.67411752053271,16.55995180798096,17.49584967213718
0.000248,0.43835064686594827,0.45218536449689856,0.46645671753216855,17.49584967213718,18.484640492884626,19.529313554592992
0.000268,0.43835064686594827,0.45218536449689856,0.46645671753216855,19.529313554592992,20.63302708323817,21.799117794261466
0.000238,0.43835064686594827,0.45218536449689856,0.46645671753216855,21.799117794261466,23.03111098003311,24.332731167416135
0.000205,0.43835064686594827,0.45218536449689856,0.46645671753216855,24.332731167416135,25.707913377650407,27.160815022597262
0.000209,0.43835064686594827,0.45218536449689856,0.46645671753216855,27.160815022597262,28.695828473309135,30.317594338921154
0.000186,0.43835064686594827,0.45218536449689856,0.46645671753216855,30.317594338921154,32.03101549600908,33.84127191082679
0.000172,0.43835064686594827,0.45218536449689856,0.46645671753216855,33.84127191082679,35.75383629923332,37.77449067165226
0.00017,0.43835064686594827,0.45218536449689856,0.46645671753216855,37.77449067165226,39.909343813081726,42.1648497509999
0.000134,0.43835064686594827,0.45218536449689856,0.46645671753216855,42.1648497509999,44.547827266997885,47.06548051112691
0.000147,0.43835064686594827,0.45218536449689856,0.46645671753216855,47.06548051112691,49.72542078128044,52.535689533454075
0.00011,0.43835064686594827,0.45218536449689856,0.46645671753216855,52.535689533454075,55.504782692447314,58.641676336502556
0.000124,0.43835064686594827,0.45218536449689856,0.46645671753216855,58.641676336502556,61.955853833530256,65.45733451095779
8.7e-05,0.43835064686594827,0.45218536449689856,0.46645671753216855,65.45733451095779,69.15670394587609,73.06514596705614
6.8e-05,0.43835064686594827,0.45218536449689856,0.46645671753216855,73.06514596705614,77.19447646558302,81.55717911632256
4.8e-05,0.43835064686594827,0.45218536449689856,0.46645671753216855,81.55717911632256,86.16644311821332,91.03620306747894
5.9e-05,0.43835064686594827,0.45218536449689856,0.46645671753216855,91.03620306747894,96.18118108430411,101.61693132033079
3.7e-05,0.43835064686594827,0.45218536449689856,0.46645671753216855,101.61693132033079,107.35988698152859,113.42741000859688
4.2e-05,0.43835064686594827,0.45218536449689856,0.46645671753216855,113.42741000859688,119.83784356509167,126.61056749195744
4.1e-05,0.43835064686594827,0.45218536449689856,0.46645671753216855,126.61056749195744,133.76605689611287,141.32594405021308
3.9e-05,0.43835064686594827,0.45218536449689856,0.46645671753216855,141.32594405021308,149.31308379072314,157.7516226120118
4.5e-05,0.43835064686594827,0.45218536449689856,0.46645671753216855,157.7516226120118,166.66707166534817,176.08638388349098
3.5e-05,0.43835064686594827,0.45218536449689856,0.46645671753216855,176.08638388349098,186.0380354640305,196.55211195782155
3e-05,0.43835064686594827,0.45218536449689856,0.46645671753216855,196.55211195782155,207.66039922276806,219.39647951792662
3.1e-05,0.43835064686594827,0.45218536449689856,0.46645671753216855,219.39647951792662,231.79583302844003,244.8959451282275
2.4e-05,0.43835064686594827,0.45218536449689856,0.46645671753216855,244.8959451282275,258.73641970470345,273.35909888812694
2.4e-05,0.43835064686594827,0.45218536449689856,0.46645671753216855,273.35909888812694,288.8081895475435,305.13039693573796
2.5e-05,0.43835064686594827,0.45218536449689856,0.46645671753216855,305.13039693573796,322.37506588723016,340.5943299961796
1.9e-05,0.43835064686594827,0.45218536449689856,0.46645671753216855,340.5943299961796,359.843269225189,380.18007642148444
2.9e-05,0.43835064686594827,0.45218536449689856,0.46645671753216855,380.18007642148444,401.66623324388144,424.3666960323934
2.4e-05,0.43835064686594827,0.45218536449689856,0.46645671753216855,424.3666960323934,448.35009218239543,473.6889276170203
2e-05,0.43835064686594827,0.45218536449689856,0.46645671753216855,473.6889276170203,500.45980598500944,528.7436602466912
2.4e-05,0.43835064686594827,0.45218536449689856,0.46645671753216855,528.7436602466912,558.6259973482117,590.1971567237096
1.2e-05,0.43835064686594827,0.45218536449689856,0.46645671753216855,590.1971567237096,623.5525834069318,658.7931165779523
1.2e-05,0.43835064686594827,0.45218536449689856,0.46645671753216855,658.7931165779523,696.0252944173212,735.3616761892738
1.5e-05,0.43835064686594827,0.45218536449689856,0.46645671753216855,735.3616761892738,776.9211825277038,820.8294549536521
1.6e-05,0.43835064686594827,0.45218536449689856,0.46645671753216855,820.8294549536521,867.2192357111913,916.2307690700113
1.9e-05,0.43835064686594827,0.45218536449689856,0.46645671753216855,916.2307690700113,968.0122253079195,1022.7201486550255
1.2e-05,0.43835064686594827,0.45218536449689856,0.46645671753216855,1022.7201486550255,1080.5199305538154,1141.5863096658716
1.3e-05,0.43835064686594827,0.45218536449689856,0.46645671753216855,1141.5863096658716,1206.1039001368388,1274.2677497166753
8e-06,0.43835064686594827,0.45218536449689856,0.46645671753216855,1274.2677497166753,1346.2839294224782,1422.370156526539
7e-06,0.43835064686594827,0.45218536449689856,0.46645671753216855,1422.370156526539,1502.7564527530292,1587.68583967315
9e-06,0.43835064686594827,0.45218536449689856,0.46645671753216855,1587.68583967315,1677.4150734010555,1772.2154208116622
1.3e-05,0.43835064686594827,0.45218536449689856,0.46645671753216855,1772.2154208116622,1872.373479626966,1978.1920448501505
1.3e-05,0.43835064686594827,0.45218536449689856,0.46645671753216855,1978.1920448501505,2089.991024166855,2208.1084050810155
4e-06,0.43835064686594827,0.45218536449689856,0.46645671753216855,2208.1084050810155,2332.9012767091076,2464.7469093218283
1.1e-05,0.43835064686594827,0.45218536449689856,0.46645671753216855,2464.7469093218283,2604.0438948968845,2751.213352130962
5e-06,0.43835064686594827,0.45218536449689856,0.46645671753216855,2751.213352130962,2906.7001995538217,3070.9745005933823
3e-06,0.43835064686594827,0.45218536449689856,0.46645671753216855,3070.9745005933823,3244.5328846581474,3427.9000485331494
8e-06,0.43835064686594827,0.45218536449689856,0.46645671753216855,3427.9000485331494,3621.630342628391,3826.309446875285
5e-06,0.43835064686594827,0.45218536449689856,0.46645671753216855,3826.309446875285,4042.556141337618,4271.024176889881
5e-06,0.43835064686594827,0.45218536449689856,0.46645671753216855,4271.024176889881,4512.404251618383,4767.426098920123
0.000833,0.46645671753216855,0.4811784865548819,0.4963648870750357,0.07999999999999999,0.08452125887808527,0.08929804002920383
0.000741,0.46645671753216855,0.4811784865548819,0.4963648870750357,0.08929804002920383,0.09434478448267444,0.09967674941321612
0.000724,0.46645671753216855,0.4811784865548819,0.4963648870750357,0.09967674941321612,0.10531005426600588,0.11126172948852864
0.000774,0.46645671753216855,0.4811784865548819,0.4963648870750357,0.11126172948852864,0.11754976801654278,0.12419317966981348
0.00074,0.46645671753216855,0.4811784865548819,0.4963648870750357,0.12419317966981348,0.13121204862206076,0.13862759411886386
0.000745,0.46645671753216855,0.4811784865548819,0.4963648870750357,0.13862759411886386,0.14646223462708277,0.15473965560973155
0.000709,0.46645671753216855,0.4811784865548819,0.4963648870750357,0.15473965560973155,0.1634848811311985,0.1727243495092878
0.000772,0.46645671753216855,0.4811784865548819,0.4963648870750357,0.1727243495092878,0.1824859932427924,0.1927993234562322
0.000765,0.46645671753216855,0.4811784865548819,0.4963648870750357,0.1927993234562322,0.20369551911704872,0.21520752129497553
0.000696,0.46645671753216855,0.4811784865548819,0.4963648870750357,0.21520752129497553,0.22737013274854592,0.24022012313980576
0.000761,0.46645671753216855,0.4811784865548819,0.4963648870750357,0.24022012313980576,0.25379634019531294,0.26813982714948303
0.000709,0.46645671753216855,0.4811784865548819,0.4963648870750357,0.26813982714948303,0.28329394682533116,0.2993045127277292
0.000703,0.46645671753216855,0.4811784865548819,0.4963648870750357,0.2993045127277292,0.31621992754549455,0.3340913294810264
0.000681,0.46645671753216855,0.4811784865548819,0.4963648870750357,0.3340913294810264,0.3529727468498688,0.37292126141758264
0.000681,0.46645671753216855,0.4811784865548819,0.4963648870750357,0.37292126141758264,0.3939971809677202,0.41626422162260607
0.000686,0.46645671753216855,0.4811784865548819,0.4963648870750357,0.41626422162260607,0.4397897004681118,0.46464473906476067
0.000685,0.46645671753216855,0.4811784865548819,0.4963648870750357,0.46464473906476067,0.4909044784604127,0.5186483063545496
0.000657,0.46645671753216855,0.4811784865548819,0.4963648870750357,0.5186483063545496,0.547960097100917,0.5789284652740918
0.000655,0.46645671753216855,0.4811784865548819,0.4963648870750357,0.5789284652740918,0.6116470335665513,0.6462147158261423
0.000676,0.46645671753216855,0.4811784865548819,0.4963648870750357,0.6462147158261423,0.6827360160896209,0.7213213445162929
0.000624,0.46645671753216855,0.4811784865548819,0.4963648870750357,0.7213213445162929,0.7620873511768764,0.805157278706688
0.000674,0.46645671753216855,0.4811784865548819,0.4963648870750357,0.805157278706688,0.8506613348892827,0.8987370862969332
0.000685,0.46645671753216855,0.4811784865548819,0.4963648870750357,0.8987370862969332,0.9495298741779894,1.0031932538484196
0.000656,0.46645671753216855,0.4811784865548819,0.4963648870750357,1.0031932538484196,1.0598894589158872,1.1197898917397926
0.000621,0.46645671753216855,0.4811784865548819,0.4963648870750357,1.1197898917397926,1.183075641610026,1.249938032210973
0.000646,0.46645671753216855,0.4811784865548819,0.4963648870750357,1.249938032210973,1.3205792000258516,1.3952127054299968
0.000597,0.46645671753216855,0.4811784865548819,0.4963648870750357,1.3952127054299968,1.4740641783205308,1.5573720002342704
0.000652,0.46645671753216855,0.4811784865548819,0.4963648870750357,1.5573720002342704,1.6453880250160273,1.7383783402160131
0.000605,0.46645671753216855,0.4811784865548819,0.4963648870750357,1.7383783402160131,1.8366240715181728,1.9404222326313807
0.000989,0.46645671753216855,0.4811784865548819,0.4963648870750357,1.9404222326313807,2.050086623212864,2.1659487775384263
0.001335,0.46645671753216855,0.4811784865548819,0.4963648870750357,2.1659487775384263,2.2883589667874706,2.417687257972894
0.001311,0.46645671753216855,0.4811784865548819,0.4963648870750357,2.417687257972894,2.5543246327171887,2.6986841692569943
0.001243,0.46645671753216855,0.4811784865548819,0.4963648870750357,2.6986841692569943,2.851202291249511,3.0123400871561223
0.001306,0.46645671753216855,0.4811784865548819,0.4963648870750357,3.0123400871561223,3.1825847041919566,3.3624508210555346
0.001274,0.46645671753216855,0.4811784865548819,0.4963648870750357,3.3624508210555346,3.552482203890815,3.7532533501855805
0.001248,0.46645671753216855,0.4811784865548819,0.4963648870750357,3.7532533501855805,3.9653712255759532,4.189477098807692
0.001192,0.46645671753216855,0.4811784865548819,0.4963648870750357,4.189477098807692,4.42624848040168,4.676401170884524
0.001222,0.46645671753216855,0.4811784865548819,0.4963648870750357,4.676401170884524,4.940691424776398,5.219918236878273
0.001183,0.46645671753216855,0.4811784865548819,0.4963648870750357,5.219918236878273,5.514925757770336,5.82660584582409
0.00115,0.46645671753216855,0.4811784865548819,0.4963648870750357,5.82660584582409,6.155900763443285,6.5038060256849075
0.001158,0.46645671753216855,0.4811784865548819,0.4963648870750357,6.5038060256849075,6.871373409872062,7.25971413529735
0.001149,0.46645671753216855,0.4811784865548819,0.4963648870750357,7.25971413529735,7.670002222629526,8.103478043179491
0.001131,0.46645671753216855,0.4811784865548819,0.4963648870750357,8.103478043179491,8.561452068755672,9.045308833445212
0.001131,0.46645671753216855,0.4811784865548819,0.4963648870750357,9.045308833445212,9.556511119298175,10.096604378568765
0.001137,0.46645671753216855,0.4811784865548819,0.4963648870750357,10.096604378568765,10.66722140588275,11.27008727445586
0.00055,0.46645671753216855,0.4811784865548819,0.4963648870750357,11.27008727445586,11.907024551286224,12.579958807087245
0.000371,0.46645671753216855,0.4811784865548819,0.4963648870750357,12.579958807087245,13.290924437618376,14.042070814012659
0.00038,0.46645671753216855,0.4811784865548819,0.4963648870750357,14.042070814012659,14.835668780694615,15.67411752053271
0.000312,0.46645671753216855,0.4811784865548819,0.4963648870750357,15.67411752053271,16.55995180798096,17.49584967213718
0.000273,0.46645671753216855,0.4811784865548819,0.4963648870750357,17.49584967213718,18.484640492884626,19.529313554592992
0.000288,0.46645671753216855,0.4811784865548819,0.4963648870750357,19.529313554592992,20.63302708323817,21.799117794261466
0.000246,0.46645671753216855,0.4811784865548819,0.4963648870750357,21.799117794261466,23.03111098003311,24.332731167416135
0.000239,0.46645671753216855,0.4811784865548819,0.4963648870750357,24.332731167416135,25.707913377650407,27.160815022597262
0.000233,0.46645671753216855,0.4811784865548819,0.4963648870750357,27.160815022597262,28.695828473309135,30.317594338921154
0.000217,0.46645671753216855,0.4811784865548819,0.4963648870750357,30.317594338921154,32.03101549600908,33.84127191082679
0.000195,0.46645671753216855,0.4811784865548819,0.4963648870750357,33.84127191082679,35.75383629923332,37.77449067165226
0.000177,0.46645671753216855,0.4811784865548819,0.4963648870750357,37.77449067165226,39.909343813081726,42.1648497509999
0.000137,0.46645671753216855,0.4811784865548819,0.4963648870750357,42.1648497509999,44.547827266997885,47.06548051112691
0.000141,0.46645671753216855,0.4811784865548819,0.4963648870750357,47.06548051112691,49.72542078128044,52.535689533454075
0.000137,0.46645671753216855,0.4811784865548819,0.4963648870750357,52.535689533454075,55.504782692447314,58.641676336502556
0.000127,0.46645671753216855,0.4811784865548819,0.4963648870750357,58.641676336502556,61.955853833530256,65.45733451095779
0.000115,0.46645671753216855,0.4811784865548819,0.4963648870750357,65.45733451095779,69.15670394587609,73.06514596705614
6.1e-05,0.46645671753216855,0.4811784865548819,0.4963648870750357,73.06514596705614,77.19447646558302,81.55717911632256
5.8e-05,0.46645671753216855,0.4811784865548819,0.4963648870750357,81.55717911632256,86.16644311821332,91.03620306747894
6e-05,0.46645671753216855,0.4811784865548819,0.4963648870750357,91.03620306747894,96.18118108430411,101.61693132033079
4.9e-05,0.46645671753216855,0.4811784865548819,0.4963648870750357,101.61693132033079,107.35988698152859,113.42741000859688
4.4e-05,0.46645671753216855,0.4811784865548819,0.4963648870750357,113.42741000859688,119.83784356509167,126.61056749195744
5.2e-05,0.46645671753216855,0.4811784865548819,0.4963648870750357,126.61056749195744,133.76605689611287,141.32594405021308
4.9e-05,0.46645671753216855,0.4811784865548819,0.4963648870750357,141.32594405021308,149.31308379072314,157.7516226120118
3.2e-05,0.46645671753216855,0.4811784865548819,0.4963648870750357,157.7516226120118,166.66707166534817,176.08638388349098
4.1e-05,0.46645671753216855,0.4811784865548819,0.4963648870750357,176.08638388349098,186.0380354640305,196.55211195782155
3.9e-05,0.46645671753216855,0.4811784865548819,0.4963648870750357,196.55211195782155,207.66039922276806,219.39647951792662
3e-05,0.46645671753216855,0.4811784865548819,0.4963648870750357,219.39647951792662,231.79583302844003,244.8959451282275
4.2e-05,0.46645671753216855,0.4811784865548819,0.4963648870750357,244.8959451282275,258.73641970470345,273.35909888812694
2.7e-05,0.46645671753216855,0.4811784865548819,0.4963648870750357,273.35909888812694,288.8081895475435,305.13039693573796
4.2e-05,0.46645671753216855,0.4811784865548819,0.4963648870750357,305.13039693573796,322.37506588723016,340.5943299961796
3e-05,0.46645671753216855,0.4811784865548819,0.4963648870750357,340.5943299961796,359.843269225189,380.18007642148444
2.7e-05,0.46645671753216855,0.4811784865548819,0.4963648870750357,380.18007642148444,401.66623324388144,424.3666960323934
2.1e-05,0.46645671753216855,0.4811784865548819,0.4963648870750357,424.3666960323934,448.35009218239543,473.6889276170203
2.9e-05,0.46645671753216855,0.4811784865548819,0.4963648870750357,473.6889276170203,500.45980598500944,528.7436602466912
1.7e-05,0.46645671753216855,0.4811784865548819,0.4963648870750357,528.7436602466912,558.6259973482117,590.1971567237096
1.8e-05,0.46645671753216855,0.4811784865548819,0.4963648870750357,590.1971567237096,623.5525834069318,658.7931165779523
2.8e-05,0.46645671753216855,0.4811784865548819,0.4963648870750357,658.7931165779523,696.0252944173212,735.3616761892738
1.5e-05,0.46645671753216855,0.4811784865548819,0.4963648870750357,735.3616761892738,776.9211825277038,820.8294549536521
1.6e-05,0.46645671753216855,0.4811784865548819,0.4963648870750357,820.8294549536521,867.2192357111913,916.2307690700113
1.9e-05,0.46645671753216855,0.4811784865548819,0.4963648870750357,916.2307690700113,968.0122253079195,1022.7201486550255
1e-05,0.46645671753216855,0.4811784865548819,0.4963648870750357,1022.7201486550255,1080.5199305538154,1141.5863096658716
2.3e-05,0.46645671753216855,0.4811784865548819,0.4963648870750357,1141.5863096658716,1206.1039001368388,1274.2677497166753
2.2e-05,0.46645671753216855,0.4811784865548819,0.4963648870750357,1274.2677497166753,1346.2839294224782,1422.370156526539
1.2e-05,0.46645671753216855,0.4811784865548819,0.4963648870750357,1422.370156526539,1502.7564527530292,1587.68583967315
1.5e-05,0.46645671753216855,0.4811784865548819,0.4963648870750357,1587.68583967315,1677.4150734010555,1772.2154208116622
8e-06,0.46645671753216855,0.4811784865548819,0.4963648870750357,1772.2154208116622,1872.373479626966,1978.1920448501505
7e-06,0.46645671753216855,0.4811784865548819,0.4963648870750357,1978.1920448501505,2089.991024166855,2208.1084050810155
7e-06,0.46645671753216855,0.4811784865548819,0.4963648870750357,2208.1084050810155,2332.9012767091076,2464.7469093218283
7e-06,0.46645671753216855,0.4811784865548819,0.4963648870750357,2464.7469093218283,2604.0438948968845,2751.213352130962
4e-06,0.46645671753216855,0.4811784865548819,0.4963648870750357,2751.213352130962,2906.7001995538217,3070.9745005933823
4e-06,0.46645671753216855,0.4811784865548819,0.4963648870750357,3070.9745005933823,3244.5328846581474,3427.9000485331494
5e-06,0.46645671753216855,0.4811784865548819,0.4963648870750357,3427.9000485331494,3621.630342628391,3826.309446875285
6e-06,0.46645671753216855,0.4811784865548819,0.4963648870750357,3826.309446875285,4042.556141337618,4271.024176889881
6e-06,0.46645671753216855,0.4811784865548819,0.4963648870750357,4271.024176889881,4512.404251618383,4767.426098920123
0.000922,0.4963648870750357,0.5120305832561608,0.5281907020752076,0.07999999999999999,0.08452125887808527,0.08929804002920383
0.000927,0.4963648870750357,0.5120305832561608,0.5281907020752076,0.08929804002920383,0.09434478448267444,0.09967674941321612
0.000974,0.4963648870750357,0.5120305832561608,0.5281907020752076,0.09967674941321612,0.10531005426600588,0.11126172948852864
0.0009,0.4963648870750357,0.5120305832561608,0.5281907020752076,0.11126172948852864,0.11754976801654278,0.12419317966981348
0.000993,0.4963648870750357,0.5120305832561608,0.5281907020752076,0.12419317966981348,0.13121204862206076,0.13862759411886386
0.000935,0.4963648870750357,0.5120305832561608,0.5281907020752076,0.13862759411886386,0.14646223462708277,0.15473965560973155
0.000869,0.4963648870750357,0.5120305832561608,0.5281907020752076,0.15473965560973155,0.1634848811311985,0.1727243495092878
0.000874,0.4963648870750357,0.5120305832561608,0.5281907020752076,0.1727243495092878,0.1824859932427924,0.1927993234562322
0.000927,0.4963648870750357,0.5120305832561608,0.5281907020752076,0.1927993234562322,0.20369551911704872,0.21520752129497553
0.000905,0.4963648870750357,0.5120305832561608,0.5281907020752076,0.21520752129497553,0.22737013274854592,0.24022012313980576
0.000862,0.4963648870750357,0.5120305832561608,0.5281907020752076,0.24022012313980576,0.25379634019531294,0.26813982714948303
0.000832,0.4963648870750357,0.5120305832561608,0.5281907020752076,0.26813982714948303,0.28329394682533116,0.2993045127277292
0.000857,0.4963648870750357,0.5120305832561608,0.5281907020752076,0.2993045127277292,0.31621992754549455,0.3340913294810264
0.000877,0.4963648870750357,0.5120305832561608,0.5281907020752076,0.3340913294810264,0.3529727468498688,0.37292126141758264
0.000875,0.4963648870750357,0.5120305832561608,0.5281907020752076,0.37292126141758264,0.3939971809677202,0.41626422162260607
0.000874,0.4963648870750357,0.5120305832561608,0.5281907020752076,0.41626422162260607,0.4397897004681118,0.46464473906476067
0.000817,0.4963648870750357,0.5120305832561608,0.5281907020752076,0.46464473906476067,0.4909044784604127,0.5186483063545496
0.000888,0.4963648870750357,0.5120305832561608,0.5281907020752076,0.5186483063545496,0.547960097100917,0.5789284652740918
0.00086,0.4963648870750357,0.5120305832561608,0.5281907020752076,0.5789284652740918,0.6116470335665513,0.6462147158261423
0.000852,0.4963648870750357,0.5120305832561608,0.5281907020752076,0.6462147158261423,0.6827360160896209,0.7213213445162929
0.000782,0.4963648870750357,0.5120305832561608,0.5281907020752076,0.7213213445162929,0.7620873511768764,0.805157278706688
0.000855,0.4963648870750357,0.5120305832561608,0.5281907020752076,0.805157278706688,0.8506613348892827,0.8987370862969332
0.000802,0.4963648870750357,0.5120305832561608,0.5281907020752076,0.8987370862969332,0.9495298741779894,1.0031932538484196
0.000815,0.4963648870750357,0.5120305832561608,0.5281907020752076,1.0031932538484196,1.0598894589158872,1.1197898917397926
0.000773,0.4963648870750357,0.5120305832561608,0.5281907020752076,1.1197898917397926,1.183075641610026,1.249938032210973
0.000786,0.4963648870750357,0.5120305832561608,0.5281907020752076,1.249938032210973,1.3205792000258516,1.3952127054299968
0.000752,0.4963648870750357,0.5120305832561608,0.5281907020752076,1.3952127054299968,1.4740641783205308,1.5573720002342704
0.000794,0.4963648870750357,0.5120305832561608,0.5281907020752076,1.5573720002342704,1.6453880250160273,1.7383783402160131
0.000771,0.4963648870750357,0.5120305832561608,0.5281907020752076,1.7383783402160131,1.8366240715181728,1.9404222326313807
0.001225,0.4963648870750357,0.5120305832561608,0.5281907020752076,1.9404222326313807,2.050086623212864,2.1659487775384263
0.001646,0.4963648870750357,0.5120305832561608,0.5281907020752076,2.1659487775384263,2.2883589667874706,2.417687257972894
0.00159,0.4963648870750357,0.5120305832561608,0.5281907020752076,2.417687257972894,2.5543246327171887,2.6986841692569943
0.001552,0.4963648870750357,0.5120305832561608,0.5281907020752076,2.6986841692569943,2.851202291249511,3.0123400871561223
0.001548,0.4963648870750357,0.5120305832561608,0.5281907020752076,3.0123400871561223,3.1825847041919566,3.3624508210555346
0.001501,0.4963648870750357,0.5120305832561608,0.5281907020752076,3.3624508210555346,3.552482203890815,3.7532533501855805
0.001486,0.4963648870750357,0.5120305832561608,0.5281907020752076,3.7532533501855805,3.9653712255759532,4.189477098807692
0.00145,0.4963648870750357,0.5120305832561608,0.5281907020752076,4.189477098807692,4.42624848040168,4.676401170884524
0.001397,0.4963648870750357,0.5120305832561608,0.5281907020752076,4.676401170884524,4.940691424776398,5.219918236878273
0.001489,0.4963648870750357,0.5120305832561608,0.5281907020752076,5.219918236878273,5.514925757770336,5.82660584582409
0.001279,0.4963648870750357,0.5120305832561608,0.5281907020752076,5.82660584582409,6.155900763443285,6.5038060256849075
0.001399,0.4963648870750357,0.5120305832561608,0.5281907020752076,6.5038060256849075,6.871373409872062,7.25971413529735
0.001305,0.4963648870750357,0.5120305832561608,0.5281907020752076,7.25971413529735,7.670002222629526,8.103478043179491
0.001328,0.4963648870750357,0.5120305832561608,0.5281907020752076,8.103478043179491,8.561452068755672,9.045308833445212
0.001349,0.4963648870750357,0.5120305832561608,0.5281907020752076,9.045308833445212,9.556511119298175,10.096604378568765
0.001281,0.4963648870750357,0.5120305832561608,0.5281907020752076,10.096604378568765,10.66722140588275,11.27008727445586
0.0006,0.4963648870750357,0.5120305832561608,0.5281907020752076,11.27008727445586,11.907024551286224,12.579958807087245
0.000473,0.4963648870750357,0.5120305832561608,0.5281907020752076,12.579958807087245,13.290924437618376,14.042070814012659
0.000413,0.4963648870750357,0.5120305832561608,0.5281907020752076,14.042070814012659,14.835668780694615,15.67411752053271
0.000409,0.4963648870750357,0.5120305832561608,0.5281907020752076,15.67411752053271,16.55995180798096,17.49584967213718
0.000354,0.4963648870750357,0.5120305832561608,0.5281907020752076,17.49584967213718,18.484640492884626,19.529313554592992
0.000344,0.4963648870750357,0.5120305832561608,0.5281907020752076,19.529313554592992,20.63302708323817,21.799117794261466
0.000302,0.4963648870750357,0.5120305832561608,0.5281907020752076,21.799117794261466,23.03111098003311,24.332731167416135
0.000265,0.4963648870750357,0.5120305832561608,0.5281907020752076,24.332731167416135,25.707913377650407,27.160815022597262
0.000277,0.4963648870750357,0.5120305832561608,0.5281907020752076,27.160815022597262,28.695828473309135,30.317594338921154
0.000247,0.4963648870750357,0.5120305832561608,0.5281907020752076,30.317594338921154,32.03101549600908,33.84127191082679
0.000233,0.4963648870750357,0.5120305832561608,0.5281907020752076,33.84127191082679,35.75383629923332,37.77449067165226
0.000196,0.4963648870750357,0.5120305832561608,0.5281907020752076,37.77449067165226,39.909343813081726,42.1648497509999
0.000194,0.4963648870750357,0.5120305832561608,0.5281907020752076,42.1648497509999,44.547827266997885,47.06548051112691
0.000151,0.4963648870750357,0.5120305832561608,0.5281907020752076,47.06548051112691,49.72542078128044,52.535689533454075
0.000154,0.4963648870750357,0.5120305832561608,0.5281907020752076,52.535689533454075,55.504782692447314,58.641676336502556
0.000141,0.4963648870750357,0.5120305832561608,0.5281907020752076,58.641676336502556,61.955853833530256,65.45733451095779
0.000124,0.4963648870750357,0.5120305832561608,0.5281907020752076,65.45733451095779,69.15670394587609,73.06514596705614
7.8e-05,0.4963648870750357,0.5120305832561608,0.5281907020752076,73.06514596705614,77.19447646558302,81.55717911632256
8.9e-05,0.4963648870750357,0.5120305832561608,0.5281907020752076,81.55717911632256,86.16644311821332,91.03620306747894
7.7e-05,0.4963648870750357,0.5120305832561608,0.5281907020752076,91.03620306747894,96.18118108430411,101.61693132033079
6.4e-05,0.4963648870750357,0.5120305832561608,0.5281907020752076,101.61693132033079,107.35988698152859,113.42741000859688
6.8e-05,0.4963648870750357,0.5120305832561608,0.5281907020752076,113.42741000859688,119.83784356509167,126.61056749195744
4.6e-05,0.4963648870750357,0.5120305832561608,0.5281907020752076,126.61056749195744,133.76605689611287,141.32594405021308
4e-05,0.4963648870750357,0.5120305832561608,0.5281907020752076,141.32594405021308,149.31308379072314,157.7516226120118
5.1e-05,0.4963648870750357,0.5120305832561608,0.5281907020752076,157.7516226120118,166.66707166534817,176.08638388349098
5.7e-05,0.4963648870750357,0.5120305832561608,0.5281907020752076,176.08638388349098,186.0380354640305,196.55211195782155
5.2e-05,0.4963648870750357,0.5120305832561608,0.5281907020752076,196.55211195782155,207.66039922276806,219.39647951792662
4.2e-05,0.4963648870750357,0.5120305832561608,0.5281907020752076,219.39647951792662,231.79583302844003,244.8959451282275
4e-05,0.4963648870750357,0.5120305832561608,0.5281907020752076,244.8959451282275,258.73641970470345,273.35909888812694
3.4e-05,0.4963648870750357,0.5120305832561608,0.5281907020752076,273.35909888812694,288.8081895475435,305.13039693573796
3.6e-05,0.4963648870750357,0.5120305832561608,0.5281907020752076,305.13039693573796,322.37506588723016,340.5943299961796
3e-05,0.4963648870750357,0.5120305832561608,0.5281907020752076,340.5943299961796,359.843269225189,380.18007642148444
2.5e-05,0.4963648870750357,0.5120305832561608,0.5281907020752076,380.18007642148444,401.66623324388144,424.3666960323934
3.6e-05,0.4963648870750357,0.5120305832561608,0.5281907020752076,424.3666960323934,448.35009218239543,473.6889276170203
2.8e-05,0.4963648870750357,0.5120305832561608,0.5281907020752076,473.6889276170203,500.45980598500944,528.7436602466912
2.3e-05,0.4963648870750357,0.5120305832561608,0.5281907020752076,528.7436602466912,558.6259973482117,590.1971567237096
2.8e-05,0.4963648870750357,0.5120305832561608,0.5281907020752076,590.1971567237096,623.5525834069318,658.7931165779523
3.2e-05,0.4963648870750357,0.5120305832561608,0.5281907020752076,658.7931165779523,696.0252944173212,735.3616761892738
1.9e-05,0.4963648870750357,0.5120305832561608,0.5281907020752076,735.3616761892738,776.9211825277038,820.8294549536521
1.6e-05,0.4963648870750357,0.5120305832561608,0.5281907020752076,820.8294549536521,867.2192357111913,916.2307690700113
1.7e-05,0.4963648870750357,0.5120305832561608,0.5281907020752076,916.2307690700113,968.0122253079195,1022.7201486550255
1.2e-05,0.4963648870750357,0.5120305832561608,0.5281907020752076,1022.7201486550255,1080.5199305538154,1141.5863096658716
1.8e-05,0.4963648870750357,0.5120305832561608,0.5281907020752076,1141.5863096658716,1206.1039001368388,1274.2677497166753
1.4e-05,0.4963648870750357,0.5120305832561608,0.5281907020752076,1274.2677497166753,1346.2839294224782,1422.370156526539
1.3e-05,0.4963648870750357,0.5120305832561608,0.5281907020752076,1422.370156526539,1502.7564527530292,1587.68583967315
7e-06,0.4963648870750357,0.5120305832561608,0.5281907020752076,1587.68583967315,1677.4150734010555,1772.2154208116622
1.2e-05,0.4963648870750357,0.5120305832561608,0.5281907020752076,1772.2154208116622,1872.373479626966,1978.1920448501505
9e-06,0.4963648870750357,0.5120305832561608,0.5281907020752076,1978.1920448501505,2089.991024166855,2208.1084050810155
1.1e-05,0.4963648870750357,0.5120305832561608,0.5281907020752076,2208.1084050810155,2332.9012767091076,2464.7469093218283
4e-06,0.4963648870750357,0.5120305832561608,0.5281907020752076,2464.7469093218283,2604.0438948968845,2751.213352130962
9e-06,0.4963648870750357,0.5120305832561608,0.5281907020752076,2751.213352130962,2906.7001995538217,3070.9745005933823
1e-05,0.4963648870750357,0.5120305832561608,0.5281907020752076,3070.9745005933823,3244.5328846581474,3427.9000485331494
1e-06,0.4963648870750357,0.5120305832561608,0.5281907020752076,3427.9000485331494,3621.630342628391,3826.309446875285
9e-06,0.4963648870750357,0.5120305832561608,0.5281907020752076,3826.309446875285,4042.556141337618,4271.024176889881
8e-06,0.4963648870750357,0.5120305832561608,0.5281907020752076,4271.024176889881,4512.404251618383,4767.426098920123
0.001005,0.5281907020752076,0.5448608479293291,0.5620571177036671,0.07999999999999999,0.08452125887808527,0.08929804002920383
0.000996,0.5281907020752076,0.5448608479293291,0.5620571177036671,0.08929804002920383,0.09434478448267444,0.09967674941321612
0.000992,0.5281907020752076,0.5448608479293291,0.5620571177036671,0.09967674941321612,0.10531005426600588,0.11126172948852864
0.00101,0.5281907020752076,0.5448608479293291,0.5620571177036671,0.11126172948852864,0.11754976801654278,0.12419317966981348
0.000986,0.5281907020752076,0.5448608479293291,0.5620571177036671,0.12419317966981348,0.13121204862206076,0.13862759411886386
0.000962,0.5281907020752076,0.5448608479293291,0.5620571177036671,0.13862759411886386,0.14646223462708277,0.15473965560973155
0.001001,0.5281907020752076,0.5448608479293291,0.5620571177036671,0.15473965560973155,0.1634848811311985,0.1727243495092878
0.000929,0.5281907020752076,0.5448608479293291,0.5620571177036671,0.1727243495092878,0.1824859932427924,0.1927993234562322
0.000959,0.5281907020752076,0.5448608479293291,0.5620571177036671,0.1927993234562322,0.20369551911704872,0.21520752129497553
0.000955,0.5281907020752076,0.5448608479293291,0.5620571177036671,0.21520752129497553,0.22737013274854592,0.24022012313980576
0.000949,0.5281907020752076,0.5448608479293291,0.5620571177036671,0.24022012313980576,0.25379634019531294,0.26813982714948303
0.000913,0.5281907020752076,0.5448608479293291,0.5620571177036671,0.26813982714948303,0.28329394682533116,0.2993045127277292
0.000934,0.5281907020752076,0.5448608479293291,0.5620571177036671,0.2993045127277292,0.31621992754549455,0.3340913294810264
0.000932,0.5281907020752076,0.5448608479293291,0.5620571177036671,0.3340913294810264,0.3529727468498688,0.37292126141758264
0.000953,0.5281907020752076,0.5448608479293291,0.5620571177036671,0.37292126141758264,0.3939971809677202,0.41626422162260607
0.000913,0.5281907020752076,0.5448608479293291,0.5620571177036671,0.41626422162260607,0.4397897004681118,0.46464473906476067
0.00087,0.5281907020752076,0.5448608479293291,0.5620571177036671,0.46464473906476067,0.4909044784604127,0.5186483063545496
0.000874,0.5281907020752076,0.5448608479293291,0.5620571177036671,0.5186483063545496,0.547960097100917,0.5789284652740918
0.000903,0.5281907020752076,0.5448608479293291,0.5620571177036671,0.5789284652740918,0.6116470335665513,0.6462147158261423
0.000918,0.5281907020752076,0.5448608479293291,0.5620571177036671,0.6462147158261423,0.6827360160896209,0.7213213445162929
0.000846,0.5281907020752076,0.5448608479293291,0.5620571177036671,0.7213213445162929,0.7620873511768764,0.805157278706688
0.000924,0.5281907020752076,0.5448608479293291,0.5620571177036671,0.805157278706688,0.8506613348892827,0.8987370862969332
0.000878,0.5281907020752076,0.5448608479293291,0.5620571177036671,0.8987370862969332,0.9495298741779894,1.0031932538484196
0.000884,0.5281907020752076,0.5448608479293291,0.5620571177036671,1.0031932538484196,1.0598894589158872,1.1197898917397926
0.000877,0.5281907020752076,0.5448608479293291,0.5620571177036671,1.1197898917397926,1.183075641610026,1.249938032210973
0.000811,0.5281907020752076,0.5448608479293291,0.5620571177036671,1.249938032210973,1.3205792000258516,1.3952127054299968
0.000842,0.5281907020752076,0.5448608479293291,0.5620571177036671,1.3952127054299968,1.4740641783205308,1.5573720002342704
0.000918,0.5281907020752076,0.5448608479293291,0.5620571177036671,1.5573720002342704,1.6453880250160273,1.7383783402160131
0.000795,0.5281907020752076,0.5448608479293291,0.5620571177036671,1.7383783402160131,1.8366240715181728,1.9404222326313807
0.001407,0.5281907020752076,0.5448608479293291,0.5620571177036671,1.9404222326313807,2.050086623212864,2.1659487775384263
0.00173,0.5281907020752076,0.5448608479293291,0.5620571177036671,2.1659487775384263,2.2883589667874706,2.417687257972894
0.00171,0.5281907020752076,0.5448608479293291,0.5620571177036671,2.417687257972894,2.5543246327171887,2.6986841692569943
0.001721,0.5281907020752076,0.5448608479293291,0.5620571177036671,2.6986841692569943,2.851202291249511,3.0123400871561223
0.001603,0.5281907020752076,0.5448608479293291,0.5620571177036671,3.0123400871561223,3.1825847041919566,3.3624508210555346
0.001624,0.5281907020752076,0.5448608479293291,0.5620571177036671,3.3624508210555346,3.552482203890815,3.7532533501855805
0.001632,0.5281907020752076,0.5448608479293291,0.5620571177036671,3.7532533501855805,3.9653712255759532,4.189477098807692
0.001501,0.5281907020752076,0.5448608479293291,0.5620571177036671,4.189477098807692,4.42624848040168,4.676401170884524
0.001579,0.5281907020752076,0.5448608479293291,0.5620571177036671,4.676401170884524,4.940691424776398,5.219918236878273
0.001569,0.5281907020752076,0.5448608479293291,0.5620571177036671,5.219918236878273,5.514925757770336,5.82660584582409
0.001517,0.5281907020752076,0.5448608479293291,0.5620571177036671,5.82660584582409,6.155900763443285,6.5038060256849075
0.001495,0.5281907020752076,0.5448608479293291,0.5620571177036671,6.5038060256849075,6.871373409872062,7.25971413529735
0.001411,0.5281907020752076,0.5448608479293291,0.5620571177036671,7.25971413529735,7.670002222629526,8.103478043179491
0.001465,0.5281907020752076,0.5448608479293291,0.5620571177036671,8.103478043179491,8.561452068755672,9.045308833445212
0.001401,0.5281907020752076,0.5448608479293291,0.5620571177036671,9.045308833445212,9.556511119298175,10.096604378568765
0.00136,0.5281907020752076,0.5448608479293291,0.5620571177036671,10.096604378568765,10.66722140588275,11.27008727445586
0.000667,0.5281907020752076,0.5448608479293291,0.5620571177036671,11.27008727445586,11.907024551286224,12.579958807087245
0.000469,0.5281907020752076,0.5448608479293291,0.5620571177036671,12.579958807087245,13.290924437618376,14.042070814012659
0.000449,0.5281907020752076,0.5448608479293291,0.5620571177036671,14.042070814012659,14.835668780694615,15.67411752053271
0.000415,0.5281907020752076,0.5448608479293291,0.5620571177036671,15.67411752053271,16.55995180798096,17.49584967213718
0.000415,0.5281907020752076,0.5448608479293291,0.5620571177036671,17.49584967213718,18.484640492884626,19.529313554592992
0.000357,0.5281907020752076,0.5448608479293291,0.5620571177036671,19.529313554592992,20.63302708323817,21.799117794261466
0.000319,0.5281907020752076,0.5448608479293291,0.5620571177036671,21.799117794261466,23.03111098003311,24.332731167416135
0.000327,0.5281907020752076,0.5448608479293291,0.5620571177036671,24.332731167416135,25.707913377650407,27.160815022597262
0.000293,0.5281907020752076,0.5448608479293291,0.5620571177036671,27.160815022597262,28.695828473309135,30.317594338921154
0.000281,0.5281907020752076,0.5448608479293291,0.5620571177036671,30.317594338921154,32.03101549600908,33.84127191082679
0.000237,0.5281907020752076,0.5448608479293291,0.5620571177036671,33.84127191082679,35.75383629923332,37.77449067165226
0.000227,0.5281907020752076,0.5448608479293291,0.5620571177036671,37.77449067165226,39.909343813081726,42.1648497509999
0.000204,0.5281907020752076,0.5448608479293291,0.5620571177036671,42.1648497509999,44.547827266997885,47.06548051112691
0.000188,0.5281907020752076,0.5448608479293291,0.5620571177036671,47.06548051112691,49.72542078128044,52.535689533454075
0.000163,0.5281907020752076,0.5448608479293291,0.5620571177036671,52.535689533454075,55.504782692447314,58.641676336502556
0.000147,0.5281907020752076,0.5448608479293291,0.5620571177036671,58.641676336502556,61.955853833530256,65.45733451095779
0.000147,0.5281907020752076,0.5448608479293291,0.5620571177036671,65.45733451095779,69.15670394587609,73.06514596705614
9.3e-05,0.5281907020752076,0.5448608479293291,0.5620571177036671,73.06514596705614,77.19447646558302,81.55717911632256
7.3e-05,0.5281907020752076,0.5448608479293291,0.5620571177036671,81.55717911632256,86.16644311821332,91.03620306747894
8.1e-05,0.5281907020752076,0.5448608479293291,0.5620571177036671,91.03620306747894,96.18118108430411,101.61693132033079
8e-05,0.5281907020752076,0.5448608479293291,0.5620571177036671,101.61693132033079,107.35988698152859,113.42741000859688
6.6e-05,0.5281907020752076,0.5448608479293291,0.5620571177036671,113.42741000859688,119.83784356509167,126.61056749195744
7.2e-05,0.5281907020752076,0.5448608479293291,0.5620571177036671,126.61056749195744,133.76605689611287,141.32594405021308
7.3e-05,0.5281907020752076,0.5448608479293291,0.5620571177036671,141.32594405021308,149.31308379072314,157.7516226120118
5.5e-05,0.5281907020752076,0.5448608479293291,0.5620571177036671,157.7516226120118,166.66707166534817,176.08638388349098
4.9e-05,0.5281907020752076,0.5448608479293291,0.5620571177036671,176.08638388349098,186.0380354640305,196.55211195782155
5e-05,0.5281907020752076,0.5448608479293291,0.5620571177036671,196.55211195782155,207.66039922276806,219.39647951792662
5.4e-05,0.5281907020752076,0.5448608479293291,0.5620571177036671,219.39647951792662,231.79583302844003,244.8959451282275
4.4e-05,0.5281907020752076,0.5448608479293291,0.5620571177036671,244.8959451282275,258.73641970470345,273.35909888812694
4.3e-05,0.5281907020752076,0.5448608479293291,0.5620571177036671,273.35909888812694,288.8081895475435,305.13039693573796
4e-05,0.5281907020752076,0.5448608479293291,0.5620571177036671,305.13039693573796,322.37506588723016,340.5943299961796
2.7e-05,0.5281907020752076,0.5448608479293291,0.5620571177036671,340.5943299961796,359.843269225189,380.18007642148444
3.3e-05,0.5281907020752076,0.5448608479293291,0.5620571177036671,380.18007642148444,401.66623324388144,424.3666960323934
3.5e-05,0.5281907020752076,0.5448608479293291,0.5620571177036671,424.3666960323934,448.35009218239543,473.6889276170203
3e-05,0.5281907020752076,0.5448608479293291,0.5620571177036671,473.6889276170203,500.45980598500944,528.7436602466912
2.5e-05,0.5281907020752076,0.5448608479293291,0.5620571177036671,528.7436602466912,558.6259973482117,590.1971567237096
3e-05,0.5281907020752076,0.5448608479293291,0.5620571177036671,590.1971567237096,623.5525834069318,658.7931165779523
3.5e-05,0.5281907020752076,0.5448608479293291,0.5620571177036671,658.7931165779523,696.0252944173212,735.3616761892738
2.9e-05,0.5281907020752076,0.5448608479293291,0.5620571177036671,735.3616761892738,776.9211825277038,820.8294549536521
2.5e-05,0.5281907020752076,0.5448608479293291,0.5620571177036671,820.8294549536521,867.2192357111913,916.2307690700113
1.5e-05,0.5281907020752076,0.5448608479293291,0.5620571177036671,916.2307690700113,968.0122253079195,1022.7201486550255
2.1e-05,0.5281907020752076,0.5448608479293291,0.5620571177036671,1022.7201486550255,1080.5199305538154,1141.5863096658716
1.2e-05,0.5281907020752076,0.5448608479293291,0.5620571177036671,1141.5863096658716,1206.1039001368388,1274.2677497166753
1.9e-05,0.5281907020752076,0.5448608479293291,0.5620571177036671,1274.2677497166753,1346.2839294224782,1422.370156526539
9e-06,0.5281907020752076,0.5448608479293291,0.5620571177036671,1422.370156526539,1502.7564527530292,1587.68583967315
1.4e-05,0.5281907020752076,0.5448608479293291,0.5620571177036671,1587.68583967315,1677.4150734010555,1772.2154208116622
1.6e-05,0.5281907020752076,0.5448608479293291,0.5620571177036671,1772.2154208116622,1872.373479626966,1978.1920448501505
1e-05,0.5281907020752076,0.5448608479293291,0.5620571177036671,1978.1920448501505,2089.991024166855,2208.1084050810155
9e-06,0.5281907020752076,0.5448608479293291,0.5620571177036671,2208.1084050810155,2332.9012767091076,2464.7469093218283
5e-06,0.5281907020752076,0.5448608479293291,0.5620571177036671,2464.7469093218283,2604.0438948968845,2751.213352130962
1.2e-05,0.5281907020752076,0.5448608479293291,0.5620571177036671,2751.213352130962,2906.7001995538217,3070.9745005933823
5e-06,0.5281907020752076,0.5448608479293291,0.5620571177036671,3070.9745005933823,3244.5328846581474,3427.9000485331494
1.2e-05,0.5281907020752076,0.5448608479293291,0.5620571177036671,3427.9000485331494,3621.630342628391,3826.309446875285
1.3e-05,0.5281907020752076,0.5448608479293291,0.5620571177036671,3826.309446875285,4042.556141337618,4271.024176889881
4e-06,0.5281907020752076,0.5448608479293291,0.5620571177036671,4271.024176889881,4512.404251618383,4767.426098920123
0.001063,0.5620571177036671,0.5797961163146899,0.5980949727440915,0.07999999999999999,0.08452125887808527,0.08929804002920383
0.00102,0.5620571177036671,0.5797961163146899,0.5980949727440915,0.08929804002920383,0.09434478448267444,0.09967674941321612
0.001006,0.5620571177036671,0.5797961163146899,0.5980949727440915,0.09967674941321612,0.10531005426600588,0.11126172948852864
0.00102,0.5620571177036671,0.5797961163146899,0.5980949727440915,0.11126172948852864,0.11754976801654278,0.12419317966981348
0.000956,0.5620571177036671,0.5797961163146899,0.5980949727440915,0.12419317966981348,0.13121204862206076,0.13862759411886386
0.000965,0.5620571177036671,0.5797961163146899,0.5980949727440915,0.13862759411886386,0.14646223462708277,0.15473965560973155
0.000995,0.5620571177036671,0.5797961163146899,0.5980949727440915,0.15473965560973155,0.1634848811311985,0.1727243495092878
0.001013,0.5620571177036671,0.5797961163146899,0.5980949727440915,0.1727243495092878,0.1824859932427924,0.1927993234562322
0.000988,0.5620571177036671,0.5797961163146899,0.5980949727440915,0.1927993234562322,0.20369551911704872,0.21520752129497553
0.000968,0.5620571177036671,0.5797961163146899,0.5980949727440915,0.21520752129497553,0.22737013274854592,0.24022012313980576
0.000977,0.5620571177036671,0.5797961163146899,0.5980949727440915,0.24022012313980576,0.25379634019531294,0.26813982714948303
0.00091,0.5620571177036671,0.5797961163146899,0.5980949727440915,0.26813982714948303,0.28329394682533116,0.2993045127277292
0.00091,0.5620571177036671,0.5797961163146899,0.5980949727440915,0.2993045127277292,0.31621992754549455,0.3340913294810264
0.000983,0.5620571177036671,0.5797961163146899,0.5980949727440915,0.3340913294810264,0.3529727468498688,0.37292126141758264
0.000948,0.5620571177036671,0.5797961163146899,0.5980949727440915,0.37292126141758264,0.3939971809677202,0.41626422162260607
0.000917,0.5620571177036671,0.5797961163146899,0.5980949727440915,0.41626422162260607,0.4397897004681118,0.46464473906476067
0.000942,0.5620571177036671,0.5797961163146899,0.5980949727440915,0.46464473906476067,0.4909044784604127,0.5186483063545496
0.00092,0.5620571177036671,0.5797961163146899,0.5980949727440915,0.5186483063545496,0.547960097100917,0.5789284652740918
0.000877,0.5620571177036671,0.5797961163146899,0.5980949727440915,0.5789284652740918,0.6116470335665513,0.6462147158261423
0.000892,0.5620571177036671,0.5797961163146899,0.5980949727440915,0.6462147158261423,0.6827360160896209,0.7213213445162929
0.000913,0.5620571177036671,0.5797961163146899,0.5980949727440915,0.7213213445162929,0.7620873511768764,0.805157278706688
0.000877,0.5620571177036671,0.5797961163146899,0.5980949727440915,0.805157278706688,0.8506613348892827,0.8987370862969332
0.000848,0.5620571177036671,0.5797961163146899,0.5980949727440915,0.8987370862969332,0.9495298741779894,1.0031932538484196
0.000825,0.5620571177036671,0.5797961163146899,0.5980949727440915,1.0031932538484196,1.0598894589158872,1.1197898917397926
0.000861,0.5620571177036671,0.5797961163146899,0.5980949727440915,1.1197898917397926,1.183075641610026,1.249938032210973
0.000889,0.5620571177036671,0.5797961163146899,0.5980949727440915,1.249938032210973,1.3205792000258516,1.3952127054299968
0.000887,0.5620571177036671,0.5797961163146899,0.5980949727440915,1.3952127054299968,1.4740641783205308,1.5573720002342704
0.000793,0.5620571177036671,0.5797961163146899,0.5980949727440915,1.5573720002342704,1.6453880250160273,1.7383783402160131
0.000815,0.5620571177036671,0.5797961163146899,0.5980949727440915,1.7383783402160131,1.8366240715181728,1.9404222326313807
0.001408,0.5620571177036671,0.5797961163146899,0.5980949727440915,1.9404222326313807,2.050086623212864,2.1659487775384263
0.001772,0.5620571177036671,0.5797961163146899,0.5980949727440915,2.1659487775384263,2.2883589667874706,2.417687257972894
0.001743,0.5620571177036671,0.5797961163146899,0.5980949727440915,2.417687257972894,2.5543246327171887,2.6986841692569943
0.001812,0.5620571177036671,0.5797961163146899,0.5980949727440915,2.6986841692569943,2.851202291249511,3.0123400871561223
0.001758,0.5620571177036671,0.5797961163146899,0.5980949727440915,3.0123400871561223,3.1825847041919566,3.3624508210555346
0.001677,0.5620571177036671,0.5797961163146899,0.5980949727440915,3.3624508210555346,3.552482203890815,3.7532533501855805
0.001653,0.5620571177036671,0.5797961163146899,0.5980949727440915,3.7532533501855805,3.9653712255759532,4.189477098807692
0.001624,0.5620571177036671,0.5797961163146899,0.5980949727440915,4.189477098807692,4.42624848040168,4.676401170884524
0.001544,0.5620571177036671,0.5797961163146899,0.5980949727440915,4.676401170884524,4.940691424776398,5.219918236878273
0.001609,0.5620571177036671,0.5797961163146899,0.5980949727440915,5.219918236878273,5.514925757770336,5.82660584582409
0.00158,0.5620571177036671,0.5797961163146899,0.5980949727440915,5.82660584582409,6.155900763443285,6.5038060256849075
0.001563,0.5620571177036671,0.5797961163146899,0.5980949727440915,6.5038060256849075,6.871373409872062,7.25971413529735
0.001486,0.5620571177036671,0.5797961163146899,0.5980949727440915,7.25971413529735,7.670002222629526,8.103478043179491
0.001499,0.5620571177036671,0.5797961163146899,0.5980949727440915,8.103478043179491,8.561452068755672,9.045308833445212
0.001488,0.5620571177036671,0.5797961163146899,0.5980949727440915,9.045308833445212,9.556511119298175,10.096604378568765
0.001447,0.5620571177036671,0.5797961163146899,0.5980949727440915,10.096604378568765,10.66722140588275,11.27008727445586
0.000731,0.5620571177036671,0.5797961163146899,0.5980949727440915,11.27008727445586,11.907024551286224,12.579958807087245
0.000548,0.5620571177036671,0.5797961163146899,0.5980949727440915,12.579958807087245,13.290924437618376,14.042070814012659
0.00051,0.5620571177036671,0.5797961163146899,0.5980949727440915,14.042070814012659,14.835668780694615,15.67411752053271
0.000496,0.5620571177036671,0.5797961163146899,0.5980949727440915,15.67411752053271,16.55995180798096,17.49584967213718
0.00044,0.5620571177036671,0.5797961163146899,0.5980949727440915,17.49584967213718,18.484640492884626,19.529313554592992
0.000381,0.5620571177036671,0.5797961163146899,0.5980949727440915,19.529313554592992,20.63302708323817,21.799117794261466
0.000364,0.5620571177036671,0.5797961163146899,0.5980949727440915,21.799117794261466,23.03111098003311,24.332731167416135
0.00033,0.5620571177036671,0.5797961163146899,0.5980949727440915,24.332731167416135,25.707913377650407,27.160815022597262
0.000294,0.5620571177036671,0.5797961163146899,0.5980949727440915,27.160815022597262,28.695828473309135,30.317594338921154
0.000279,0.5620571177036671,0.5797961163146899,0.5980949727440915,30.317594338921154,32.03101549600908,33.84127191082679
0.000265,0.5620571177036671,0.5797961163146899,0.5980949727440915,33.84127191082679,35.75383629923332,37.77449067165226
0.000229,0.5620571177036671,0.5797961163146899,0.5980949727440915,37.77449067165226,39.909343813081726,42.1648497509999
0.000213,0.5620571177036671,0.5797961163146899,0.5980949727440915,42.1648497509999,44.547827266997885,47.06548051112691
0.000224,0.5620571177036671,0.5797961163146899,0.5980949727440915,47.06548051112691,49.72542078128044,52.535689533454075
0.000182,0.5620571177036671,0.5797961163146899,0.5980949727440915,52.535689533454075,55.504782692447314,58.641676336502556
0.000195,0.5620571177036671,0.5797961163146899,0.5980949727440915,58.641676336502556,61.955853833530256,65.45733451095779
0.000159,0.5620571177036671,0.5797961163146899,0.5980949727440915,65.45733451095779,69.15670394587609,73.06514596705614
0.000108,0.5620571177036671,0.5797961163146899,0.5980949727440915,73.06514596705614,77.19447646558302,81.55717911632256
0.000105,0.5620571177036671,0.5797961163146899,0.5980949727440915,81.55717911632256,86.16644311821332,91.03620306747894
8.1e-05,0.5620571177036671,0.5797961163146899,0.5980949727440915,91.03620306747894,96.18118108430411,101.61693132033079
8e-05,0.5620571177036671,0.5797961163146899,0.5980949727440915,101.61693132033079,107.35988698152859,113.42741000859688
8.6e-05,0.5620571177036671,0.5797961163146899,0.5980949727440915,113.42741000859688,119.83784356509167,126.61056749195744
7.5e-05,0.5620571177036671,0.5797961163146899,0.5980949727440915,126.61056749195744,133.76605689611287,141.32594405021308
5.9e-05,0.5620571177036671,0.5797961163146899,0.5980949727440915,141.32594405021308,149.31308379072314,157.7516226120118
7.9e-05,0.5620571177036671,0.5797961163146899,0.5980949727440915,157.7516226120118,166.66707166534817,176.08638388349098
6.4e-05,0.5620571177036671,0.5797961163146899,0.5980949727440915,176.08638388349098,186.0380354640305,196.55211195782155
5.8e-05,0.5620571177036671,0.5797961163146899,0.5980949727440915,196.55211195782155,207.66039922276806,219.39647951792662
5.8e-05,0.5620571177036671,0.5797961163146899,0.5980949727440915,219.39647951792662,231.79583302844003,244.8959451282275
3.9e-05,0.5620571177036671,0.5797961163146899,0.5980949727440915,244.8959451282275,258.73641970470345,273.35909888812694
4.5e-05,0.5620571177036671,0.5797961163146899,0.5980949727440915,273.35909888812694,288.8081895475435,305.13039693573796
3.8e-05,0.5620571177036671,0.5797961163146899,0.5980949727440915,305.13039693573796,322.37506588723016,340.5943299961796
4e-05,0.5620571177036671,0.5797961163146899,0.5980949727440915,340.5943299961796,359.843269225189,380.18007642148444
3.2e-05,0.5620571177036671,0.5797961163146899,0.5980949727440915,380.18007642148444,401.66623324388144,424.3666960323934
3.2e-05,0.5620571177036671,0.5797961163146899,0.5980949727440915,424.3666960323934,448.35009218239543,473.6889276170203
3e-05,0.5620571177036671,0.5797961163146899,0.5980949727440915,473.6889276170203,500.45980598500944,528.7436602466912
3.6e-05,0.5620571177036671,0.5797961163146899,0.5980949727440915,528.7436602466912,558.6259973482117,590.1971567237096
3.4e-05,0.5620571177036671,0.5797961163146899,0.5980949727440915,590.1971567237096,623.5525834069318,658.7931165779523
2.4e-05,0.5620571177036671,0.5797961163146899,0.5980949727440915,658.7931165779523,696.0252944173212,735.3616761892738
2.8e-05,0.5620571177036671,0.5797961163146899,0.5980949727440915,735.3616761892738,776.9211825277038,820.8294549536521
2.1e-05,0.5620571177036671,0.5797961163146899,0.5980949727440915,820.8294549536521,867.2192357111913,916.2307690700113
2.3e-05,0.5620571177036671,0.5797961163146899,0.5980949727440915,916.2307690700113,968.0122253079195,1022.7201486550255
1.6e-05,0.5620571177036671,0.5797961163146899,0.5980949727440915,1022.7201486550255,1080.5199305538154,1141.5863096658716
2.1e-05,0.5620571177036671,0.5797961163146899,0.5980949727440915,1141.5863096658716,1206.1039001368388,1274.2677497166753
2.5e-05,0.5620571177036671,0.5797961163146899,0.5980949727440915,1274.2677497166753,1346.2839294224782,1422.370156526539
1.5e-05,0.5620571177036671,0.5797961163146899,0.5980949727440915,1422.370156526539,1502.7564527530292,1587.68583967315
1.5e-05,0.5620571177036671,0.5797961163146899,0.5980949727440915,1587.68583967315,1677.4150734010555,1772.2154208116622
1.5e-05,0.5620571177036671,0.5797961163146899,0.5980949727440915,1772.2154208116622,1872.373479626966,1978.1920448501505
8e-06,0.5620571177036671,0.5797961163146899,0.5980949727440915,1978.1920448501505,2089.991024166855,2208.1084050810155
1.5e-05,0.5620571177036671,0.5797961163146899,0.5980949727440915,2208.1084050810155,2332.9012767091076,2464.7469093218283
2e-05,0.5620571177036671,0.5797961163146899,0.5980949727440915,2464.7469093218283,2604.0438948968845,2751.213352130962
1e-05,0.5620571177036671,0.5797961163146899,0.5980949727440915,2751.213352130962,2906.7001995538217,3070.9745005933823
5e-06,0.5620571177036671,0.5797961163146899,0.5980949727440915,3070.9745005933823,3244.5328846581474,3427.9000485331494
6e-06,0.5620571177036671,0.5797961163146899,0.5980949727440915,3427.9000485331494,3621.630342628391,3826.309446875285
6e-06,0.5620571177036671,0.5797961163146899,0.5980949727440915,3826.309446875285,4042.556141337618,4271.024176889881
7e-06,0.5620571177036671,0.5797961163146899,0.5980949727440915,4271.024176889881,4512.404251618383,4767.426098920123
0.001076,0.5980949727440915,0.6169713565787338,0.6364434950726033,0.07999999999999999,0.08452125887808527,0.08929804002920383
0.001038,0.5980949727440915,0.6169713565787338,0.6364434950726033,0.08929804002920383,0.09434478448267444,0.09967674941321612
0.001031,0.5980949727440915,0.6169713565787338,0.6364434950726033,0.09967674941321612,0.10531005426600588,0.11126172948852864
0.000997,0.5980949727440915,0.6169713565787338,0.6364434950726033,0.11126172948852864,0.11754976801654278,0.12419317966981348
0.000949,0.5980949727440915,0.6169713565787338,0.6364434950726033,0.12419317966981348,0.13121204862206076,0.13862759411886386
0.001022,0.5980949727440915,0.6169713565787338,0.6364434950726033,0.13862759411886386,0.14646223462708277,0.15473965560973155
0.001031,0.5980949727440915,0.6169713565787338,0.6364434950726033,0.15473965560973155,0.1634848811311985,0.1727243495092878
0.000997,0.5980949727440915,0.6169713565787338,0.6364434950726033,0.1727243495092878,0.1824859932427924,0.1927993234562322
0.000987,0.5980949727440915,0.6169713565787338,0.6364434950726033,0.1927993234562322,0.20369551911704872,0.21520752129497553
0.000978,0.5980949727440915,0.6169713565787338,0.6364434950726033,0.21520752129497553,0.22737013274854592,0.24022012313980576
0.000936,0.5980949727440915,0.6169713565787338,0.6364434950726033,0.24022012313980576,0.25379634019531294,0.26813982714948303
0.001033,0.5980949727440915,0.6169713565787338,0.6364434950726033,0.26813982714948303,0.28329394682533116,0.2993045127277292
0.00095,0.5980949727440915,0.6169713565787338,0.6364434950726033,0.2993045127277292,0.31621992754549455,0.3340913294810264
0.000992,0.5980949727440915,0.6169713565787338,0.6364434950726033,0.3340913294810264,0.3529727468498688,0.37292126141758264
0.000948,0.5980949727440915,0.6169713565787338,0.6364434950726033,0.37292126141758264,0.3939971809677202,0.41626422162260607
0.000946,0.5980949727440915,0.6169713565787338,0.6364434950726033,0.41626422162260607,0.4397897004681118,0.46464473906476067
0.000891,0.5980949727440915,0.6169713565787338,0.6364434950726033,0.46464473906476067,0.4909044784604127,0.5186483063545496
0.000939,0.5980949727440915,0.6169713565787338,0.6364434950726033,0.5186483063545496,0.547960097100917,0.5789284652740918
0.000943,0.5980949727440915,0.6169713565787338,0.6364434950726033,0.5789284652740918,0.6116470335665513,0.6462147158261423
0.00104,0.5980949727440915,0.6169713565787338,0.6364434950726033,0.6462147158261423,0.6827360160896209,0.7213213445162929
0.000903,0.5980949727440915,0.6169713565787338,0.6364434950726033,0.7213213445162929,0.7620873511768764,0.805157278706688
0.000912,0.5980949727440915,0.6169713565787338,0.6364434950726033,0.805157278706688,0.8506613348892827,0.8987370862969332
0.000919,0.5980949727440915,0.6169713565787338,0.6364434950726033,0.8987370862969332,0.9495298741779894,1.0031932538484196
0.000899,0.5980949727440915,0.6169713565787338,0.6364434950726033,1.0031932538484196,1.0598894589158872,1.1197898917397926
0.000904,0.5980949727440915,0.6169713565787338,0.6364434950726033,1.1197898917397926,1.183075641610026,1.249938032210973
0.000915,0.5980949727440915,0.6169713565787338,0.6364434950726033,1.249938032210973,1.3205792000258516,1.3952127054299968
0.000879,0.5980949727440915,0.6169713565787338,0.6364434950726033,1.3952127054299968,1.4740641783205308,1.5573720002342704
0.000849,0.5980949727440915,0.6169713565787338,0.6364434950726033,1.5573720002342704,1.6453880250160273,1.7383783402160131
0.000896,0.5980949727440915,0.6169713565787338,0.6364434950726033,1.7383783402160131,1.8366240715181728,1.9404222326313807
0.001409,0.5980949727440915,0.6169713565787338,0.6364434950726033,1.9404222326313807,2.050086623212864,2.1659487775384263
0.00191,0.5980949727440915,0.6169713565787338,0.6364434950726033,2.1659487775384263,2.2883589667874706,2.417687257972894
0.001837,0.5980949727440915,0.6169713565787338,0.6364434950726033,2.417687257972894,2.5543246327171887,2.6986841692569943
0.00181,0.5980949727440915,0.6169713565787338,0.6364434950726033,2.6986841692569943,2.851202291249511,3.0123400871561223
0.001842,0.5980949727440915,0.6169713565787338,0.6364434950726033,3.0123400871561223,3.1825847041919566,3.3624508210555346
0.001728,0.5980949727440915,0.6169713565787338,0.6364434950726033,3.3624508210555346,3.552482203890815,3.7532533501855805
0.00169,0.5980949727440915,0.6169713565787338,0.6364434950726033,3.7532533501855805,3.9653712255759532,4.189477098807692
0.001778,0.5980949727440915,0.6169713565787338,0.6364434950726033,4.189477098807692,4.42624848040168,4.676401170884524
0.001587,0.5980949727440915,0.6169713565787338,0.6364434950726033,4.676401170884524,4.940691424776398,5.219918236878273
0.001755,0.5980949727440915,0.6169713565787338,0.6364434950726033,5.219918236878273,5.514925757770336,5.82660584582409
0.001726,0.5980949727440915,0.6169713565787338,0.6364434950726033,5.82660584582409,6.155900763443285,6.5038060256849075
0.001635,0.5980949727440915,0.6169713565787338,0.6364434950726033,6.5038060256849075,6.871373409872062,7.25971413529735
0.00159,0.5980949727440915,0.6169713565787338,0.6364434950726033,7.25971413529735,7.670002222629526,8.103478043179491
0.001577,0.5980949727440915,0.6169713565787338,0.6364434950726033,8.103478043179491,8.561452068755672,9.045308833445212
0.001642,0.5980949727440915,0.6169713565787338,0.6364434950726033,9.045308833445212,9.556511119298175,10.096604378568765
0.001557,0.5980949727440915,0.6169713565787338,0.6364434950726033,10.096604378568765,10.66722140588275,11.27008727445586
0.000774,0.5980949727440915,0.6169713565787338,0.6364434950726033,11.27008727445586,11.907024551286224,12.579958807087245
0.000586,0.5980949727440915,0.6169713565787338,0.6364434950726033,12.579958807087245,13.290924437618376,14.042070814012659
0.000553,0.5980949727440915,0.6169713565787338,0.6364434950726033,14.042070814012659,14.835668780694615,15.67411752053271
0.000536,0.5980949727440915,0.6169713565787338,0.6364434950726033,15.67411752053271,16.55995180798096,17.49584967213718
0.000443,0.5980949727440915,0.6169713565787338,0.6364434950726033,17.49584967213718,18.484640492884626,19.529313554592992
0.000432,0.5980949727440915,0.6169713565787338,0.6364434950726033,19.529313554592992,20.63302708323817,21.799117794261466
0.000408,0.5980949727440915,0.6169713565787338,0.6364434950726033,21.799117794261466,23.03111098003311,24.332731167416135
0.000397,0.5980949727440915,0.6169713565787338,0.6364434950726033,24.332731167416135,25.707913377650407,27.160815022597262
0.000346,0.5980949727440915,0.6169713565787338,0.6364434950726033,27.160815022597262,28.695828473309135,30.317594338921154
0.000345,0.5980949727440915,0.6169713565787338,0.6364434950726033,30.317594338921154,32.03101549600908,33.84127191082679
0.000299,0.5980949727440915,0.6169713565787338,0.6364434950726033,33.84127191082679,35.75383629923332,37.77449067165226
0.000252,0.5980949727440915,0.6169713565787338,0.6364434950726033,37.77449067165226,39.909343813081726,42.1648497509999
0.000249,0.5980949727440915,0.6169713565787338,0.6364434950726033,42.1648497509999,44.547827266997885,47.06548051112691
0.00024,0.5980949727440915,0.6169713565787338,0.6364434950726033,47.06548051112691,49.72542078128044,52.535689533454075
0.000217,0.5980949727440915,0.6169713565787338,0.6364434950726033,52.535689533454075,55.504782692447314,58.641676336502556
0.00019,0.5980949727440915,0.6169713565787338,0.6364434950726033,58.641676336502556,61.955853833530256,65.45733451095779
0.000142,0.5980949727440915,0.6169713565787338,0.6364434950726033,65.45733451095779,69.15670394587609,73.06514596705614
0.0001,0.5980949727440915,0.6169713565787338,0.6364434950726033,73.06514596705614,77.19447646558302,81.55717911632256
9.7e-05,0.5980949727440915,0.6169713565787338,0.6364434950726033,81.55717911632256,86.16644311821332,91.03620306747894
9.3e-05,0.5980949727440915,0.6169713565787338,0.6364434950726033,91.03620306747894,96.18118108430411,101.61693132033079
8.6e-05,0.5980949727440915,0.6169713565787338,0.6364434950726033,101.61693132033079,107.35988698152859,113.42741000859688
9e-05,0.5980949727440915,0.6169713565787338,0.6364434950726033,113.42741000859688,119.83784356509167,126.61056749195744
7.4e-05,0.5980949727440915,0.6169713565787338,0.6364434950726033,126.61056749195744,133.76605689611287,141.32594405021308
7.6e-05,0.5980949727440915,0.6169713565787338,0.6364434950726033,141.32594405021308,149.31308379072314,157.7516226120118
7.2e-05,0.5980949727440915,0.6169713565787338,0.6364434950726033,157.7516226120118,166.66707166534817,176.08638388349098
6.4e-05,0.5980949727440915,0.6169713565787338,0.6364434950726033,176.08638388349098,186.0380354640305,196.55211195782155
7.3e-05,0.5980949727440915,0.6169713565787338,0.6364434950726033,196.55211195782155,207.66039922276806,219.39647951792662
7.2e-05,0.5980949727440915,0.6169713565787338,0.6364434950726033,219.39647951792662,231.79583302844003,244.8959451282275
4.8e-05,0.5980949727440915,0.6169713565787338,0.6364434950726033,244.8959451282275,258.73641970470345,273.35909888812694
5.2e-05,0.5980949727440915,0.6169713565787338,0.6364434950726033,273.35909888812694,288.8081895475435,305.13039693573796
5e-05,0.5980949727440915,0.6169713565787338,0.6364434950726033,305.13039693573796,322.37506588723016,340.5943299961796
4.7e-05,0.5980949727440915,0.6169713565787338,0.6364434950726033,340.5943299961796,359.843269225189,380.18007642148444
4.1e-05,0.5980949727440915,0.6169713565787338,0.6364434950726033,380.18007642148444,401.66623324388144,424.3666960323934
3.4e-05,0.5980949727440915,0.6169713565787338,0.6364434950726033,424.3666960323934,448.35009218239543,473.6889276170203
3.2e-05,0.5980949727440915,0.6169713565787338,0.6364434950726033,473.6889276170203,500.45980598500944,528.7436602466912
3.2e-05,0.5980949727440915,0.6169713565787338,0.6364434950726033,528.7436602466912,558.6259973482117,590.1971567237096
2.6e-05,0.5980949727440915,0.6169713565787338,0.6364434950726033,590.1971567237096,623.5525834069318,658.7931165779523
2.8e-05,0.5980949727440915,0.6169713565787338,0.6364434950726033,658.7931165779523,696.0252944173212,735.3616761892738
1.8e-05,0.5980949727440915,0.6169713565787338,0.6364434950726033,735.3616761892738,776.9211825277038,820.8294549536521
1.9e-05,0.5980949727440915,0.6169713565787338,0.6364434950726033,820.8294549536521,867.2192357111913,916.2307690700113
2.4e-05,0.5980949727440915,0.6169713565787338,0.6364434950726033,916.2307690700113,968.0122253079195,1022.7201486550255
2.4e-05,0.5980949727440915,0.6169713565787338,0.6364434950726033,1022.7201486550255,1080.5199305538154,1141.5863096658716
1.7e-05,0.5980949727440915,0.6169713565787338,0.6364434950726033,1141.5863096658716,1206.1039001368388,1274.2677497166753
2.2e-05,0.5980949727440915,0.6169713565787338,0.6364434950726033,1274.2677497166753,1346.2839294224782,1422.370156526539
1.2e-05,0.5980949727440915,0.6169713565787338,0.6364434950726033,1422.370156526539,1502.7564527530292,1587.68583967315
1.5e-05,0.5980949727440915,0.6169713565787338,0.6364434950726033,1587.68583967315,1677.4150734010555,1772.2154208116622
2.1e-05,0.5980949727440915,0.6169713565787338,0.6364434950726033,1772.2154208116622,1872.373479626966,1978.1920448501505
1.5e-05,0.5980949727440915,0.6169713565787338,0.6364434950726033,1978.1920448501505,2089.991024166855,2208.1084050810155
1e-05,0.5980949727440915,0.6169713565787338,0.6364434950726033,2208.1084050810155,2332.9012767091076,2464.7469093218283
6e-06,0.5980949727440915,0.6169713565787338,0.6364434950726033,2464.7469093218283,2604.0438948968845,2751.213352130962
7e-06,0.5980949727440915,0.6169713565787338,0.6364434950726033,2751.213352130962,2906.7001995538217,3070.9745005933823
8e-06,0.5980949727440915,0.6169713565787338,0.6364434950726033,3070.9745005933823,3244.5328846581474,3427.9000485331494
8e-06,0.5980949727440915,0.6169713565787338,0.6364434950726033,3427.9000485331494,3621.630342628391,3826.309446875285
1e-05,0.5980949727440915,0.6169713565787338,0.6364434950726033,3826.309446875285,4042.556141337618,4271.024176889881
3e-06,0.5980949727440915,0.6169713565787338,0.6364434950726033,4271.024176889881,4512.404251618383,4767.426098920123
0.001059,0.6364434950726033,0.6565301907472587,0.6772508395477609,0.07999999999999999,0.08452125887808527,0.08929804002920383
0.001062,0.6364434950726033,0.6565301907472587,0.6772508395477609,0.08929804002920383,0.09434478448267444,0.09967674941321612
0.00104,0.6364434950726033,0.6565301907472587,0.6772508395477609,0.09967674941321612,0.10531005426600588,0.11126172948852864
0.001003,0.6364434950726033,0.6565301907472587,0.6772508395477609,0.11126172948852864,0.11754976801654278,0.12419317966981348
0.001068,0.6364434950726033,0.6565301907472587,0.6772508395477609,0.12419317966981348,0.13121204862206076,0.13862759411886386
0.001048,0.6364434950726033,0.6565301907472587,0.6772508395477609,0.13862759411886386,0.14646223462708277,0.15473965560973155
0.001076,0.6364434950726033,0.6565301907472587,0.6772508395477609,0.15473965560973155,0.1634848811311985,0.1727243495092878
0.001036,0.6364434950726033,0.6565301907472587,0.6772508395477609,0.1727243495092878,0.1824859932427924,0.1927993234562322
0.000993,0.6364434950726033,0.6565301907472587,0.6772508395477609,0.1927993234562322,0.20369551911704872,0.21520752129497553
0.000994,0.6364434950726033,0.6565301907472587,0.6772508395477609,0.21520752129497553,0.22737013274854592,0.24022012313980576
0.000965,0.6364434950726033,0.6565301907472587,0.6772508395477609,0.24022012313980576,0.25379634019531294,0.26813982714948303
0.000995,0.6364434950726033,0.6565301907472587,0.6772508395477609,0.26813982714948303,0.28329394682533116,0.2993045127277292
0.000965,0.6364434950726033,0.6565301907472587,0.6772508395477609,0.2993045127277292,0.31621992754549455,0.3340913294810264
0.000942,0.6364434950726033,0.6565301907472587,0.6772508395477609,0.3340913294810264,0.3529727468498688,0.37292126141758264
0.001019,0.6364434950726033,0.6565301907472587,0.6772508395477609,0.37292126141758264,0.3939971809677202,0.41626422162260607
0.000962,0.6364434950726033,0.6565301907472587,0.6772508395477609,0.41626422162260607,0.4397897004681118,0.46464473906476067
0.000977,0.6364434950726033,0.6565301907472587,0.6772508395477609,0.46464473906476067,0.4909044784604127,0.5186483063545496
0.000981,0.6364434950726033,0.6565301907472587,0.6772508395477609,0.5186483063545496,0.547960097100917,0.5789284652740918
0.000989,0.6364434950726033,0.6565301907472587,0.6772508395477609,0.5789284652740918,0.6116470335665513,0.6462147158261423
0.000982,0.6364434950726033,0.6565301907472587,0.6772508395477609,0.6462147158261423,0.6827360160896209,0.7213213445162929
0.000959,0.6364434950726033,0.6565301907472587,0.6772508395477609,0.7213213445162929,0.7620873511768764,0.805157278706688
0.000949,0.6364434950726033,0.6565301907472587,0.6772508395477609,0.805157278706688,0.8506613348892827,0.8987370862969332
0.000974,0.6364434950726033,0.6565301907472587,0.6772508395477609,0.8987370862969332,0.9495298741779894,1.0031932538484196
0.000912,0.6364434950726033,0.6565301907472587,0.6772508395477609,1.0031932538484196,1.0598894589158872,1.1197898917397926
0.000915,0.6364434950726033,0.6565301907472587,0.6772508395477609,1.1197898917397926,1.183075641610026,1.249938032210973
0.000965,0.6364434950726033,0.6565301907472587,0.6772508395477609,1.249938032210973,1.3205792000258516,1.3952127054299968
0.000939,0.6364434950726033,0.6565301907472587,0.6772508395477609,1.3952127054299968,1.4740641783205308,1.5573720002342704
0.000927,0.6364434950726033,0.6565301907472587,0.6772508395477609,1.5573720002342704,1.6453880250160273,1.7383783402160131
0.000849,0.6364434950726033,0.6565301907472587,0.6772508395477609,1.7383783402160131,1.8366240715181728,1.9404222326313807
0.001395,0.6364434950726033,0.6565301907472587,0.6772508395477609,1.9404222326313807,2.050086623212864,2.1659487775384263
0.001813,0.6364434950726033,0.6565301907472587,0.6772508395477609,2.1659487775384263,2.2883589667874706,2.417687257972894
0.00183,0.6364434950726033,0.6565301907472587,0.6772508395477609,2.417687257972894,2.5543246327171887,2.6986841692569943
0.001874,0.6364434950726033,0.6565301907472587,0.6772508395477609,2.6986841692569943,2.851202291249511,3.0123400871561223
0.001835,0.6364434950726033,0.6565301907472587,0.6772508395477609,3.0123400871561223,3.1825847041919566,3.3624508210555346
0.001743,0.6364434950726033,0.6565301907472587,0.6772508395477609,3.3624508210555346,3.552482203890815,3.7532533501855805
0.001741,0.6364434950726033,0.6565301907472587,0.6772508395477609,3.7532533501855805,3.9653712255759532,4.189477098807692
0.001855,0.6364434950726033,0.6565301907472587,0.6772508395477609,4.189477098807692,4.42624848040168,4.676401170884524
0.001736,0.6364434950726033,0.6565301907472587,0.6772508395477609,4.676401170884524,4.940691424776398,5.219918236878273
0.001704,0.6364434950726033,0.6565301907472587,0.6772508395477609,5.219918236878273,5.514925757770336,5.82660584582409
0.001726,0.6364434950726033,0.6565301907472587,0.6772508395477609,5.82660584582409,6.155900763443285,6.5038060256849075
0.001738,0.6364434950726033,0.6565301907472587,0.6772508395477609,6.5038060256849075,6.871373409872062,7.25971413529735
0.001645,0.6364434950726033,0.6565301907472587,0.6772508395477609,7.25971413529735,7.670002222629526,8.103478043179491
0.001578,0.6364434950726033,0.6565301907472587,0.6772508395477609,8.103478043179491,8.561452068755672,9.045308833445212
0.001594,0.6364434950726033,0.6565301907472587,0.6772508395477609,9.045308833445212,9.556511119298175,10.096604378568765
0.001554,0.6364434950726033,0.6565301907472587,0.6772508395477609,10.096604378568765,10.66722140588275,11.27008727445586
0.000813,0.6364434950726033,0.6565301907472587,0.6772508395477609,11.27008727445586,11.907024551286224,12.579958807087245
0.000664,0.6364434950726033,0.6565301907472587,0.6772508395477609,12.579958807087245,13.290924437618376,14.042070814012659
0.000595,0.6364434950726033,0.6565301907472587,0.6772508395477609,14.042070814012659,14.835668780694615,15.67411752053271
0.000578,0.6364434950726033,0.6565301907472587,0.6772508395477609,15.67411752053271,16.55995180798096,17.49584967213718
0.000504,0.6364434950726033,0.6565301907472587,0.6772508395477609,17.49584967213718,18.484640492884626,19.529313554592992
0.000488,0.6364434950726033,0.6565301907472587,0.6772508395477609,19.529313554592992,20.63302708323817,21.799117794261466
0.000427,0.6364434950726033,0.6565301907472587,0.6772508395477609,21.799117794261466,23.03111098003311,24.332731167416135
0.000402,0.6364434950726033,0.6565301907472587,0.6772508395477609,24.332731167416135,25.707913377650407,27.160815022597262
0.000385,0.6364434950726033,0.6565301907472587,0.6772508395477609,27.160815022597262,28.695828473309135,30.317594338921154
0.000356,0.6364434950726033,0.6565301907472587,0.6772508395477609,30.317594338921154,32.03101549600908,33.84127191082679
0.000317,0.6364434950726033,0.6565301907472587,0.6772508395477609,33.84127191082679,35.75383629923332,37.77449067165226
0.00031,0.6364434950726033,0.6565301907472587,0.6772508395477609,37.77449067165226,39.909343813081726,42.1648497509999
0.000275,0.6364434950726033,0.6565301907472587,0.6772508395477609,42.1648497509999,44.547827266997885,47.06548051112691
0.000237,0.6364434950726033,0.6565301907472587,0.6772508395477609,47.06548051112691,49.72542078128044,52.535689533454075
0.000216,0.6364434950726033,0.6565301907472587,0.6772508395477609,52.535689533454075,55.504782692447314,58.641676336502556
0.000201,0.6364434950726033,0.6565301907472587,0.6772508395477609,58.641676336502556,61.955853833530256,65.45733451095779
0.00019,0.6364434950726033,0.6565301907472587,0.6772508395477609,65.45733451095779,69.15670394587609,73.06514596705614
0.000108,0.6364434950726033,0.6565301907472587,0.6772508395477609,73.06514596705614,77.19447646558302,81.55717911632256
0.000112,0.6364434950726033,0.6565301907472587,0.6772508395477609,81.55717911632256,86.16644311821332,91.03620306747894
0.000117,0.6364434950726033,0.6565301907472587,0.6772508395477609,91.03620306747894,96.18118108430411,101.61693132033079
0.000124,0.6364434950726033,0.6565301907472587,0.6772508395477609,101.61693132033079,107.35988698152859,113.42741000859688
0.000102,0.6364434950726033,0.6565301907472587,0.6772508395477609,113.42741000859688,119.83784356509167,126.61056749195744
8.1e-05,0.6364434950726033,0.6565301907472587,0.6772508395477609,126.61056749195744,133.76605689611287,141.32594405021308
8.2e-05,0.6364434950726033,0.6565301907472587,0.6772508395477609,141.32594405021308,149.31308379072314,157.7516226120118
6.8e-05,0.6364434950726033,0.6565301907472587,0.6772508395477609,157.7516226120118,166.66707166534817,176.08638388349098
8.3e-05,0.6364434950726033,0.6565301907472587,0.6772508395477609,176.08638388349098,186.0380354640305,196.55211195782155
5.9e-05,0.6364434950726033,0.6565301907472587,0.6772508395477609,196.55211195782155,207.66039922276806,219.39647951792662
5.7e-05,0.6364434950726033,0.6565301907472587,0.6772508395477609,219.39647951792662,231.79583302844003,244.8959451282275
6.1e-05,0.6364434950726033,0.6565301907472587,0.6772508395477609,244.8959451282275,258.73641970470345,273.35909888812694
5.7e-05,0.6364434950726033,0.6565301907472587,0.6772508395477609,273.35909888812694,288.8081895475435,305.13039693573796
4.3e-05,0.6364434950726033,0.6565301907472587,0.6772508395477609,305.13039693573796,322.37506588723016,340.5943299961796
6.1e-05,0.6364434950726033,0.6565301907472587,0.6772508395477609,340.5943299961796,359.843269225189,380.18007642148444
4.3e-05,0.6364434950726033,0.6565301907472587,0.6772508395477609,380.18007642148444,401.66623324388144,424.3666960323934
3.3e-05,0.6364434950726033,0.6565301907472587,0.6772508395477609,424.3666960323934,448.35009218239543,473.6889276170203
2.9e-05,0.6364434950726033,0.6565301907472587,0.6772508395477609,473.6889276170203,500.45980598500944,528.7436602466912
3.9e-05,0.6364434950726033,0.6565301907472587,0.6772508395477609,528.7436602466912,558.6259973482117,590.1971567237096
2.6e-05,0.6364434950726033,0.6565301907472587,0.6772508395477609,590.1971567237096,623.5525834069318,658.7931165779523
2.6e-05,0.6364434950726033,0.6565301907472587,0.6772508395477609,658.7931165779523,696.0252944173212,735.3616761892738
3.2e-05,0.6364434950726033,0.6565301907472587,0.6772508395477609,735.3616761892738,776.9211825277038,820.8294549536521
3e-05,0.6364434950726033,0.6565301907472587,0.6772508395477609,820.8294549536521,867.2192357111913,916.2307690700113
2.6e-05,0.6364434950726033,0.6565301907472587,0.6772508395477609,916.2307690700113,968.0122253079195,1022.7201486550255
2.2e-05,0.6364434950726033,0.6565301907472587,0.6772508395477609,1022.7201486550255,1080.5199305538154,1141.5863096658716
2.4e-05,0.6364434950726033,0.6565301907472587,0.6772508395477609,1141.5863096658716,1206.1039001368388,1274.2677497166753
2.4e-05,0.6364434950726033,0.6565301907472587,0.6772508395477609,1274.2677497166753,1346.2839294224782,1422.370156526539
1.9e-05,0.6364434950726033,0.6565301907472587,0.6772508395477609,1422.370156526539,1502.7564527530292,1587.68583967315
2.2e-05,0.6364434950726033,0.6565301907472587,0.6772508395477609,1587.68583967315,1677.4150734010555,1772.2154208116622
1.7e-05,0.6364434950726033,0.6565301907472587,0.6772508395477609,1772.2154208116622,1872.373479626966,1978.1920448501505
2e-05,0.6364434950726033,0.6565301907472587,0.6772508395477609,1978.1920448501505,2089.991024166855,2208.1084050810155
1.4e-05,0.6364434950726033,0.6565301907472587,0.6772508395477609,2208.1084050810155,2332.9012767091076,2464.7469093218283
7e-06,0.6364434950726033,0.6565301907472587,0.6772508395477609,2464.7469093218283,2604.0438948968845,2751.213352130962
7e-06,0.6364434950726033,0.6565301907472587,0.6772508395477609,2751.213352130962,2906.7001995538217,3070.9745005933823
1.3e-05,0.6364434950726033,0.6565301907472587,0.6772508395477609,3070.9745005933823,3244.5328846581474,3427.9000485331494
1.2e-05,0.6364434950726033,0.6565301907472587,0.6772508395477609,3427.9000485331494,3621.630342628391,3826.309446875285
1.2e-05,0.6364434950726033,0.6565301907472587,0.6772508395477609,3826.309446875285,4042.556141337618,4271.024176889881
8e-06,0.6364434950726033,0.6565301907472587,0.6772508395477609,4271.024176889881,4512.404251618383,4767.426098920123
0.001054,0.6772508395477609,0.6986254495716228,0.7206746603888587,0.07999999999999999,0.08452125887808527,0.08929804002920383
0.00108,0.6772508395477609,0.6986254495716228,0.7206746603888587,0.08929804002920383,0.09434478448267444,0.09967674941321612
0.001032,0.6772508395477609,0.6986254495716228,0.7206746603888587,0.09967674941321612,0.10531005426600588,0.11126172948852864
0.00102,0.6772508395477609,0.6986254495716228,0.7206746603888587,0.11126172948852864,0.11754976801654278,0.12419317966981348
0.001007,0.6772508395477609,0.6986254495716228,0.7206746603888587,0.12419317966981348,0.13121204862206076,0.13862759411886386
0.001034,0.6772508395477609,0.6986254495716228,0.7206746603888587,0.13862759411886386,0.14646223462708277,0.15473965560973155
0.001081,0.6772508395477609,0.6986254495716228,0.7206746603888587,0.15473965560973155,0.1634848811311985,0.1727243495092878
0.000994,0.6772508395477609,0.6986254495716228,0.7206746603888587,0.1727243495092878,0.1824859932427924,0.1927993234562322
0.001031,0.6772508395477609,0.6986254495716228,0.7206746603888587,0.1927993234562322,0.20369551911704872,0.21520752129497553
0.001047,0.6772508395477609,0.6986254495716228,0.7206746603888587,0.21520752129497553,0.22737013274854592,0.24022012313980576
0.001007,0.6772508395477609,0.6986254495716228,0.7206746603888587,0.24022012313980576,0.25379634019531294,0.26813982714948303
0.001049,0.6772508395477609,0.6986254495716228,0.7206746603888587,0.26813982714948303,0.28329394682533116,0.2993045127277292
0.00104,0.6772508395477609,0.6986254495716228,0.7206746603888587,0.2993045127277292,0.31621992754549455,0.3340913294810264
0.000999,0.6772508395477609,0.6986254495716228,0.7206746603888587,0.3340913294810264,0.3529727468498688,0.37292126141758264
0.001004,0.6772508395477609,0.6986254495716228,0.7206746603888587,0.37292126141758264,0.3939971809677202,0.41626422162260607
0.001039,0.6772508395477609,0.6986254495716228,0.7206746603888587,0.41626422162260607,0.4397897004681118,0.46464473906476067
0.001051,0.6772508395477609,0.6986254495716228,0.7206746603888587,0.46464473906476067,0.4909044784604127,0.5186483063545496
0.00096,0.6772508395477609,0.6986254495716228,0.7206746603888587,0.5186483063545496,0.547960097100917,0.5789284652740918
0.000978,0.6772508395477609,0.6986254495716228,0.7206746603888587,0.5789284652740918,0.6116470335665513,0.6462147158261423
0.000983,0.6772508395477609,0.6986254495716228,0.7206746603888587,0.6462147158261423,0.6827360160896209,0.7213213445162929
0.000939,0.6772508395477609,0.6986254495716228,0.7206746603888587,0.7213213445162929,0.7620873511768764,0.805157278706688
0.000959,0.6772508395477609,0.6986254495716228,0.7206746603888587,0.805157278706688,0.8506613348892827,0.8987370862969332
0.000932,0.6772508395477609,0.6986254495716228,0.7206746603888587,0.8987370862969332,0.9495298741779894,1.0031932538484196
0.000957,0.6772508395477609,0.6986254495716228,0.7206746603888587,1.0031932538484196,1.0598894589158872,1.1197898917397926
0.000942,0.6772508395477609,0.6986254495716228,0.7206746603888587,1.1197898917397926,1.183075641610026,1.249938032210973
0.000956,0.6772508395477609,0.6986254495716228,0.7206746603888587,1.249938032210973,1.3205792000258516,1.3952127054299968
0.000926,0.6772508395477609,0.6986254495716228,0.7206746603888587,1.3952127054299968,1.4740641783205308,1.5573720002342704
0.000974,0.6772508395477609,0.6986254495716228,0.7206746603888587,1.5573720002342704,1.6453880250160273,1.7383783402160131
0.000976,0.6772508395477609,0.6986254495716228,0.7206746603888587,1.7383783402160131,1.8366240715181728,1.9404222326313807
0.001483,0.6772508395477609,0.6986254495716228,0.7206746603888587,1.9404222326313807,2.050086623212864,2.1659487775384263
0.001929,0.6772508395477609,0.6986254495716228,0.7206746603888587,2.1659487775384263,2.2883589667874706,2.417687257972894
0.001857,0.6772508395477609,0.6986254495716228,0.7206746603888587,2.417687257972894,2.5543246327171887,2.6986841692569943
0.001893,0.6772508395477609,0.6986254495716228,0.7206746603888587,2.6986841692569943,2.851202291249511,3.0123400871561223
0.001915,0.6772508395477609,0.6986254495716228,0.7206746603888587,3.0123400871561223,3.1825847041919566,3.3624508210555346
0.001904,0.6772508395477609,0.6986254495716228,0.7206746603888587,3.3624508210555346,3.552482203890815,3.7532533501855805
0.001835,0.6772508395477609,0.6986254495716228,0.7206746603888587,3.7532533501855805,3.9653712255759532,4.189477098807692
0.001736,0.6772508395477609,0.6986254495716228,0.7206746603888587,4.189477098807692,4.42624848040168,4.676401170884524
0.001743,0.6772508395477609,0.6986254495716228,0.7206746603888587,4.676401170884524,4.940691424776398,5.219918236878273
0.001696,0.6772508395477609,0.6986254495716228,0.7206746603888587,5.219918236878273,5.514925757770336,5.82660584582409
0.001779,0.6772508395477609,0.6986254495716228,0.7206746603888587,5.82660584582409,6.155900763443285,6.5038060256849075
0.001698,0.6772508395477609,0.6986254495716228,0.7206746603888587,6.5038060256849075,6.871373409872062,7.25971413529735
0.001711,0.6772508395477609,0.6986254495716228,0.7206746603888587,7.25971413529735,7.670002222629526,8.103478043179491
0.001707,0.6772508395477609,0.6986254495716228,0.7206746603888587,8.103478043179491,8.561452068755672,9.045308833445212
0.001623,0.6772508395477609,0.6986254495716228,0.7206746603888587,9.045308833445212,9.556511119298175,10.096604378568765
0.001604,0.6772508395477609,0.6986254495716228,0.7206746603888587,10.096604378568765,10.66722140588275,11.27008727445586
0.000847,0.6772508395477609,0.6986254495716228,0.7206746603888587,11.27008727445586,11.907024551286224,12.579958807087245
0.000667,0.6772508395477609,0.6986254495716228,0.7206746603888587,12.579958807087245,13.290924437618376,14.042070814012659
0.000673,0.6772508395477609,0.6986254495716228,0.7206746603888587,14.042070814012659,14.835668780694615,15.67411752053271
0.000512,0.6772508395477609,0.6986254495716228,0.7206746603888587,15.67411752053271,16.55995180798096,17.49584967213718
0.000542,0.6772508395477609,0.6986254495716228,0.7206746603888587,17.49584967213718,18.484640492884626,19.529313554592992
0.00047,0.6772508395477609,0.6986254495716228,0.7206746603888587,19.529313554592992,20.63302708323817,21.799117794261466
0.000452,0.6772508395477609,0.6986254495716228,0.7206746603888587,21.799117794261466,23.03111098003311,24.332731167416135
0.000454,0.6772508395477609,0.6986254495716228,0.7206746603888587,24.332731167416135,25.707913377650407,27.160815022597262
0.00041,0.6772508395477609,0.6986254495716228,0.7206746603888587,27.160815022597262,28.695828473309135,30.317594338921154
0.000368,0.6772508395477609,0.6986254495716228,0.7206746603888587,30.317594338921154,32.03101549600908,33.84127191082679
0.000343,0.6772508395477609,0.6986254495716228,0.7206746603888587,33.84127191082679,35.75383629923332,37.77449067165226
0.000339,0.6772508395477609,0.6986254495716228,0.7206746603888587,37.77449067165226,39.909343813081726,42.1648497509999
0.000293,0.6772508395477609,0.6986254495716228,0.7206746603888587,42.1648497509999,44.547827266997885,47.06548051112691
0.000249,0.6772508395477609,0.6986254495716228,0.7206746603888587,47.06548051112691,49.72542078128044,52.535689533454075
0.000249,0.6772508395477609,0.6986254495716228,0.7206746603888587,52.535689533454075,55.504782692447314,58.641676336502556
0.000247,0.6772508395477609,0.6986254495716228,0.7206746603888587,58.641676336502556,61.955853833530256,65.45733451095779
0.000227,0.6772508395477609,0.6986254495716228,0.7206746603888587,65.45733451095779,69.15670394587609,73.06514596705614
0.000138,0.6772508395477609,0.6986254495716228,0.7206746603888587,73.06514596705614,77.19447646558302,81.55717911632256
0.000138,0.6772508395477609,0.6986254495716228,0.7206746603888587,81.55717911632256,86.16644311821332,91.03620306747894
0.000143,0.6772508395477609,0.6986254495716228,0.7206746603888587,91.03620306747894,96.18118108430411,101.61693132033079
0.000104,0.6772508395477609,0.6986254495716228,0.7206746603888587,101.61693132033079,107.35988698152859,113.42741000859688
0.000113,0.6772508395477609,0.6986254495716228,0.7206746603888587,113.42741000859688,119.83784356509167,126.61056749195744
8.5e-05,0.6772508395477609,0.6986254495716228,0.7206746603888587,126.61056749195744,133.76605689611287,141.32594405021308
0.0001,0.6772508395477609,0.6986254495716228,0.7206746603888587,141.32594405021308,149.31308379072314,157.7516226120118
9.4e-05,0.6772508395477609,0.6986254495716228,0.7206746603888587,157.7516226120118,166.66707166534817,176.08638388349098
9.2e-05,0.6772508395477609,0.6986254495716228,0.7206746603888587,176.08638388349098,186.0380354640305,196.55211195782155
8.3e-05,0.6772508395477609,0.6986254495716228,0.7206746603888587,196.55211195782155,207.66039922276806,219.39647951792662
5.9e-05,0.6772508395477609,0.6986254495716228,0.7206746603888587,219.39647951792662,231.79583302844003,244.8959451282275
7.1e-05,0.6772508395477609,0.6986254495716228,0.7206746603888587,244.8959451282275,258.73641970470345,273.35909888812694
6.4e-05,0.6772508395477609,0.6986254495716228,0.7206746603888587,273.35909888812694,288.8081895475435,305.13039693573796
5.3e-05,0.6772508395477609,0.6986254495716228,0.7206746603888587,305.13039693573796,322.37506588723016,340.5943299961796
5.9e-05,0.6772508395477609,0.6986254495716228,0.7206746603888587,340.5943299961796,359.843269225189,380.18007642148444
5.4e-05,0.6772508395477609,0.6986254495716228,0.7206746603888587,380.18007642148444,401.66623324388144,424.3666960323934
6e-05,0.6772508395477609,0.6986254495716228,0.7206746603888587,424.3666960323934,448.35009218239543,473.6889276170203
3.9e-05,0.6772508395477609,0.6986254495716228,0.7206746603888587,473.6889276170203,500.45980598500944,528.7436602466912
4.6e-05,0.6772508395477609,0.6986254495716228,0.7206746603888587,528.7436602466912,558.6259973482117,590.1971567237096
4.2e-05,0.6772508395477609,0.6986254495716228,0.7206746603888587,590.1971567237096,623.5525834069318,658.7931165779523
4.9e-05,0.6772508395477609,0.6986254495716228,0.7206746603888587,658.7931165779523,696.0252944173212,735.3616761892738
3e-05,0.6772508395477609,0.6986254495716228,0.7206746603888587,735.3616761892738,776.9211825277038,820.8294549536521
3e-05,0.6772508395477609,0.6986254495716228,0.7206746603888587,820.8294549536521,867.2192357111913,916.2307690700113
3.2e-05,0.6772508395477609,0.6986254495716228,0.7206746603888587,916.2307690700113,968.0122253079195,1022.7201486550255
1.9e-05,0.6772508395477609,0.6986254495716228,0.7206746603888587,1022.7201486550255,1080.5199305538154,1141.5863096658716
3e-05,0.6772508395477609,0.6986254495716228,0.7206746603888587,1141.5863096658716,1206.1039001368388,1274.2677497166753
2.2e-05,0.6772508395477609,0.6986254495716228,0.7206746603888587,1274.2677497166753,1346.2839294224782,1422.370156526539
1.4e-05,0.6772508395477609,0.6986254495716228,0.7206746603888587,1422.370156526539,1502.7564527530292,1587.68583967315
2e-05,0.6772508395477609,0.6986254495716228,0.7206746603888587,1587.68583967315,1677.4150734010555,1772.2154208116622
1.9e-05,0.6772508395477609,0.6986254495716228,0.7206746603888587,1772.2154208116622,1872.373479626966,1978.1920448501505
1.2e-05,0.6772508395477609,0.6986254495716228,0.7206746603888587,1978.1920448501505,2089.991024166855,2208.1084050810155
1.9e-05,0.6772508395477609,0.6986254495716228,0.7206746603888587,2208.1084050810155,2332.9012767091076,2464.7469093218283
1.1e-05,0.6772508395477609,0.6986254495716228,0.7206746603888587,2464.7469093218283,2604.0438948968845,2751.213352130962
1.3e-05,0.6772508395477609,0.6986254495716228,0.7206746603888587,2751.213352130962,2906.7001995538217,3070.9745005933823
1e-05,0.6772508395477609,0.6986254495716228,0.7206746603888587,3070.9745005933823,3244.5328846581474,3427.9000485331494
1.2e-05,0.6772508395477609,0.6986254495716228,0.7206746603888587,3427.9000485331494,3621.630342628391,3826.309446875285
4e-06,0.6772508395477609,0.6986254495716228,0.7206746603888587,3826.309446875285,4042.556141337618,4271.024176889881
1e-05,0.6772508395477609,0.6986254495716228,0.7206746603888587,4271.024176889881,4512.404251618383,4767.426098920123
0.001127,0.7206746603888587,0.7434197629717914,0.7668827202538596,0.07999999999999999,0.08452125887808527,0.08929804002920383
0.001087,0.7206746603888587,0.7434197629717914,0.7668827202538596,0.08929804002920383,0.09434478448267444,0.09967674941321612
0.001152,0.7206746603888587,0.7434197629717914,0.7668827202538596,0.09967674941321612,0.10531005426600588,0.11126172948852864
0.001115,0.7206746603888587,0.7434197629717914,0.7668827202538596,0.11126172948852864,0.11754976801654278,0.12419317966981348
0.001124,0.7206746603888587,0.7434197629717914,0.7668827202538596,0.12419317966981348,0.13121204862206076,0.13862759411886386
0.001075,0.7206746603888587,0.7434197629717914,0.7668827202538596,0.13862759411886386,0.14646223462708277,0.15473965560973155
0.00118,0.7206746603888587,0.7434197629717914,0.7668827202538596,0.15473965560973155,0.1634848811311985,0.1727243495092878
0.001135,0.7206746603888587,0.7434197629717914,0.7668827202538596,0.1727243495092878,0.1824859932427924,0.1927993234562322
0.001127,0.7206746603888587,0.7434197629717914,0.7668827202538596,0.1927993234562322,0.20369551911704872,0.21520752129497553
0.000991,0.7206746603888587,0.7434197629717914,0.7668827202538596,0.21520752129497553,0.22737013274854592,0.24022012313980576
0.001076,0.7206746603888587,0.7434197629717914,0.7668827202538596,0.24022012313980576,0.25379634019531294,0.26813982714948303
0.001014,0.7206746603888587,0.7434197629717914,0.7668827202538596,0.26813982714948303,0.28329394682533116,0.2993045127277292
0.000973,0.7206746603888587,0.7434197629717914,0.7668827202538596,0.2993045127277292,0.31621992754549455,0.3340913294810264
0.001042,0.7206746603888587,0.7434197629717914,0.7668827202538596,0.3340913294810264,0.3529727468498688,0.37292126141758264
0.00099,0.7206746603888587,0.7434197629717914,0.7668827202538596,0.37292126141758264,0.3939971809677202,0.41626422162260607
0.00104,0.7206746603888587,0.7434197629717914,0.7668827202538596,0.41626422162260607,0.4397897004681118,0.46464473906476067
0.001015,0.7206746603888587,0.7434197629717914,0.7668827202538596,0.46464473906476067,0.4909044784604127,0.5186483063545496
0.001033,0.7206746603888587,0.7434197629717914,0.7668827202538596,0.5186483063545496,0.547960097100917,0.5789284652740918
0.001052,0.7206746603888587,0.7434197629717914,0.7668827202538596,0.5789284652740918,0.6116470335665513,0.6462147158261423
0.001033,0.7206746603888587,0.7434197629717914,0.7668827202538596,0.6462147158261423,0.6827360160896209,0.7213213445162929
0.001003,0.7206746603888587,0.7434197629717914,0.7668827202538596,0.7213213445162929,0.7620873511768764,0.805157278706688
0.001006,0.7206746603888587,0.7434197629717914,0.7668827202538596,0.805157278706688,0.8506613348892827,0.8987370862969332
0.000986,0.7206746603888587,0.7434197629717914,0.7668827202538596,0.8987370862969332,0.9495298741779894,1.0031932538484196
0.000971,0.7206746603888587,0.7434197629717914,0.7668827202538596,1.0031932538484196,1.0598894589158872,1.1197898917397926
0.000947,0.7206746603888587,0.7434197629717914,0.7668827202538596,1.1197898917397926,1.183075641610026,1.249938032210973
0.000958,0.7206746603888587,0.7434197629717914,0.7668827202538596,1.249938032210973,1.3205792000258516,1.3952127054299968
0.001011,0.7206746603888587,0.7434197629717914,0.7668827202538596,1.3952127054299968,1.4740641783205308,1.5573720002342704
0.000928,0.7206746603888587,0.7434197629717914,0.7668827202538596,1.5573720002342704,1.6453880250160273,1.7383783402160131
0.000923,0.7206746603888587,0.7434197629717914,0.7668827202538596,1.7383783402160131,1.8366240715181728,1.9404222326313807
0.001521,0.7206746603888587,0.7434197629717914,0.7668827202538596,1.9404222326313807,2.050086623212864,2.1659487775384263
0.001972,0.7206746603888587,0.7434197629717914,0.7668827202538596,2.1659487775384263,2.2883589667874706,2.417687257972894
0.001934,0.7206746603888587,0.7434197629717914,0.7668827202538596,2.417687257972894,2.5543246327171887,2.6986841692569943
0.001969,0.7206746603888587,0.7434197629717914,0.7668827202538596,2.6986841692569943,2.851202291249511,3.0123400871561223
0.001928,0.7206746603888587,0.7434197629717914,0.7668827202538596,3.0123400871561223,3.1825847041919566,3.3624508210555346
0.001834,0.7206746603888587,0.7434197629717914,0.7668827202538596,3.3624508210555346,3.552482203890815,3.7532533501855805
0.001833,0.7206746603888587,0.7434197629717914,0.7668827202538596,3.7532533501855805,3.9653712255759532,4.189477098807692
0.001786,0.7206746603888587,0.7434197629717914,0.7668827202538596,4.189477098807692,4.42624848040168,4.676401170884524
0.001781,0.7206746603888587,0.7434197629717914,0.7668827202538596,4.676401170884524,4.940691424776398,5.219918236878273
0.001763,0.7206746603888587,0.7434197629717914,0.7668827202538596,5.219918236878273,5.514925757770336,5.82660584582409
0.001737,0.7206746603888587,0.7434197629717914,0.7668827202538596,5.82660584582409,6.155900763443285,6.5038060256849075
0.001738,0.7206746603888587,0.7434197629717914,0.7668827202538596,6.5038060256849075,6.871373409872062,7.25971413529735
0.001854,0.7206746603888587,0.7434197629717914,0.7668827202538596,7.25971413529735,7.670002222629526,8.103478043179491
0.001727,0.7206746603888587,0.7434197629717914,0.7668827202538596,8.103478043179491,8.561452068755672,9.045308833445212
0.001666,0.7206746603888587,0.7434197629717914,0.7668827202538596,9.045308833445212,9.556511119298175,10.096604378568765
0.001657,0.7206746603888587,0.7434197629717914,0.7668827202538596,10.096604378568765,10.66722140588275,11.27008727445586
0.000923,0.7206746603888587,0.7434197629717914,0.7668827202538596,11.27008727445586,11.907024551286224,12.579958807087245
0.000724,0.7206746603888587,0.7434197629717914,0.7668827202538596,12.579958807087245,13.290924437618376,14.042070814012659
0.000693,0.7206746603888587,0.7434197629717914,0.7668827202538596,14.042070814012659,14.835668780694615,15.67411752053271
0.000604,0.7206746603888587,0.7434197629717914,0.7668827202538596,15.67411752053271,16.55995180798096,17.49584967213718
0.000572,0.7206746603888587,0.7434197629717914,0.7668827202538596,17.49584967213718,18.484640492884626,19.529313554592992
0.000545,0.7206746603888587,0.7434197629717914,0.7668827202538596,19.529313554592992,20.63302708323817,21.799117794261466
0.000494,0.7206746603888587,0.7434197629717914,0.7668827202538596,21.799117794261466,23.03111098003311,24.332731167416135
0.000483,0.7206746603888587,0.7434197629717914,0.7668827202538596,24.332731167416135,25.707913377650407,27.160815022597262
0.000426,0.7206746603888587,0.7434197629717914,0.7668827202538596,27.160815022597262,28.695828473309135,30.317594338921154
0.000434,0.7206746603888587,0.7434197629717914,0.7668827202538596,30.317594338921154,32.03101549600908,33.84127191082679
0.000339,0.7206746603888587,0.7434197629717914,0.7668827202538596,33.84127191082679,35.75383629923332,37.77449067165226
0.000354,0.7206746603888587,0.7434197629717914,0.7668827202538596,37.77449067165226,39.909343813081726,42.1648497509999
0.000284,0.7206746603888587,0.7434197629717914,0.7668827202538596,42.1648497509999,44.547827266997885,47.06548051112691
0.000318,0.7206746603888587,0.7434197629717914,0.7668827202538596,47.06548051112691,49.72542078128044,52.535689533454075
0.000276,0.7206746603888587,0.7434197629717914,0.7668827202538596,52.535689533454075,55.504782692447314,58.641676336502556
0.000254,0.7206746603888587,0.7434197629717914,0.7668827202538596,58.641676336502556,61.955853833530256,65.45733451095779
0.000203,0.7206746603888587,0.7434197629717914,0.7668827202538596,65.45733451095779,69.15670394587609,73.06514596705614
0.00015,0.7206746603888587,0.7434197629717914,0.7668827202538596,73.06514596705614,77.19447646558302,81.55717911632256
0.000165,0.7206746603888587,0.7434197629717914,0.7668827202538596,81.55717911632256,86.16644311821332,91.03620306747894
0.000135,0.7206746603888587,0.7434197629717914,0.7668827202538596,91.03620306747894,96.18118108430411,101.61693132033079
0.000122,0.7206746603888587,0.7434197629717914,0.7668827202538596,101.61693132033079,107.35988698152859,113.42741000859688
0.000112,0.7206746603888587,0.7434197629717914,0.7668827202538596,113.42741000859688,119.83784356509167,126.61056749195744
0.00013,0.7206746603888587,0.7434197629717914,0.7668827202538596,126.61056749195744,133.76605689611287,141.32594405021308
0.000118,0.7206746603888587,0.7434197629717914,0.7668827202538596,141.32594405021308,149.31308379072314,157.7516226120118
9.9e-05,0.7206746603888587,0.7434197629717914,0.7668827202538596,157.7516226120118,166.66707166534817,176.08638388349098
7e-05,0.7206746603888587,0.7434197629717914,0.7668827202538596,176.08638388349098,186.0380354640305,196.55211195782155
9.6e-05,0.7206746603888587,0.7434197629717914,0.7668827202538596,196.55211195782155,207.66039922276806,219.39647951792662
6.8e-05,0.7206746603888587,0.7434197629717914,0.7668827202538596,219.39647951792662,231.79583302844003,244.8959451282275
8.7e-05,0.7206746603888587,0.7434197629717914,0.7668827202538596,244.8959451282275,258.73641970470345,273.35909888812694
7.4e-05,0.7206746603888587,0.7434197629717914,0.7668827202538596,273.35909888812694,288.8081895475435,305.13039693573796
6.5e-05,0.7206746603888587,0.7434197629717914,0.7668827202538596,305.13039693573796,322.37506588723016,340.5943299961796
6.2e-05,0.7206746603888587,0.7434197629717914,0.7668827202538596,340.5943299961796,359.843269225189,380.18007642148444
5.6e-05,0.7206746603888587,0.7434197629717914,0.7668827202538596,380.18007642148444,401.66623324388144,424.3666960323934
5.6e-05,0.7206746603888587,0.7434197629717914,0.7668827202538596,424.3666960323934,448.35009218239543,473.6889276170203
5.8e-05,0.7206746603888587,0.7434197629717914,0.7668827202538596,473.6889276170203,500.45980598500944,528.7436602466912
4.6e-05,0.7206746603888587,0.7434197629717914,0.7668827202538596,528.7436602466912,558.6259973482117,590.1971567237096
4.3e-05,0.7206746603888587,0.7434197629717914,0.7668827202538596,590.1971567237096,623.5525834069318,658.7931165779523
3.7e-05,0.7206746603888587,0.7434197629717914,0.7668827202538596,658.7931165779523,696.0252944173212,735.3616761892738
4.2e-05,0.7206746603888587,0.7434197629717914,0.7668827202538596,735.3616761892738,776.9211825277038,820.8294549536521
3.1e-05,0.7206746603888587,0.7434197629717914,0.7668827202538596,820.8294549536521,867.2192357111913,916.2307690700113
3.1e-05,0.7206746603888587,0.7434197629717914,0.7668827202538596,916.2307690700113,968.0122253079195,1022.7201486550255
2.7e-05,0.7206746603888587,0.7434197629717914,0.7668827202538596,1022.7201486550255,1080.5199305538154,1141.5863096658716
2.2e-05,0.7206746603888587,0.7434197629717914,0.7668827202538596,1141.5863096658716,1206.1039001368388,1274.2677497166753
3.3e-05,0.7206746603888587,0.7434197629717914,0.7668827202538596,1274.2677497166753,1346.2839294224782,1422.370156526539
1.9e-05,0.7206746603888587,0.7434197629717914,0.7668827202538596,1422.370156526539,1502.7564527530292,1587.68583967315
2.4e-05,0.7206746603888587,0.7434197629717914,0.7668827202538596,1587.68583967315,1677.4150734010555,1772.2154208116622
2e-05,0.7206746603888587,0.7434197629717914,0.7668827202538596,1772.2154208116622,1872.373479626966,1978.1920448501505
1.4e-05,0.7206746603888587,0.7434197629717914,0.7668827202538596,1978.1920448501505,2089.991024166855,2208.1084050810155
2e-05,0.7206746603888587,0.7434197629717914,0.7668827202538596,2208.1084050810155,2332.9012767091076,2464.7469093218283
1.6e-05,0.7206746603888587,0.7434197629717914,0.7668827202538596,2464.7469093218283,2604.0438948968845,2751.213352130962
9e-06,0.7206746603888587,0.7434197629717914,0.7668827202538596,2751.213352130962,2906.7001995538217,3070.9745005933823
1.2e-05,0.7206746603888587,0.7434197629717914,0.7668827202538596,3070.9745005933823,3244.5328846581474,3427.9000485331494
1.2e-05,0.7206746603888587,0.7434197629717914,0.7668827202538596,3427.9000485331494,3621.630342628391,3826.309446875285
1.3e-05,0.7206746603888587,0.7434197629717914,0.7668827202538596,3826.309446875285,4042.556141337618,4271.024176889881
1.2e-05,0.7206746603888587,0.7434197629717914,0.7668827202538596,4271.024176889881,4512.404251618383,4767.426098920123
0.001123,0.7668827202538596,0.7910861883372811,0.8160535383700459,0.07999999999999999,0.08452125887808527,0.08929804002920383
0.001138,0.7668827202538596,0.7910861883372811,0.8160535383700459,0.08929804002920383,0.09434478448267444,0.09967674941321612
0.001148,0.7668827202538596,0.7910861883372811,0.8160535383700459,0.09967674941321612,0.10531005426600588,0.11126172948852864
0.001114,0.7668827202538596,0.7910861883372811,0.8160535383700459,0.11126172948852864,0.11754976801654278,0.12419317966981348
0.001163,0.7668827202538596,0.7910861883372811,0.8160535383700459,0.12419317966981348,0.13121204862206076,0.13862759411886386
0.001136,0.7668827202538596,0.7910861883372811,0.8160535383700459,0.13862759411886386,0.14646223462708277,0.15473965560973155
0.001107,0.7668827202538596,0.7910861883372811,0.8160535383700459,0.15473965560973155,0.1634848811311985,0.1727243495092878
0.001112,0.7668827202538596,0.7910861883372811,0.8160535383700459,0.1727243495092878,0.1824859932427924,0.1927993234562322
0.001115,0.7668827202538596,0.7910861883372811,0.8160535383700459,0.1927993234562322,0.20369551911704872,0.21520752129497553
0.001065,0.7668827202538596,0.7910861883372811,0.8160535383700459,0.21520752129497553,0.22737013274854592,0.24022012313980576
0.001097,0.7668827202538596,0.7910861883372811,0.8160535383700459,0.24022012313980576,0.25379634019531294,0.26813982714948303
0.001096,0.7668827202538596,0.7910861883372811,0.8160535383700459,0.26813982714948303,0.28329394682533116,0.2993045127277292
0.001109,0.7668827202538596,0.7910861883372811,0.8160535383700459,0.2993045127277292,0.31621992754549455,0.3340913294810264
0.001063,0.7668827202538596,0.7910861883372811,0.8160535383700459,0.3340913294810264,0.3529727468498688,0.37292126141758264
0.001046,0.7668827202538596,0.7910861883372811,0.8160535383700459,0.37292126141758264,0.3939971809677202,0.41626422162260607
0.001024,0.7668827202538596,0.7910861883372811,0.8160535383700459,0.41626422162260607,0.4397897004681118,0.46464473906476067
0.001131,0.7668827202538596,0.7910861883372811,0.8160535383700459,0.46464473906476067,0.4909044784604127,0.5186483063545496
0.001039,0.7668827202538596,0.7910861883372811,0.8160535383700459,0.5186483063545496,0.547960097100917,0.5789284652740918
0.001058,0.7668827202538596,0.7910861883372811,0.8160535383700459,0.5789284652740918,0.6116470335665513,0.6462147158261423
0.001001,0.7668827202538596,0.7910861883372811,0.8160535383700459,0.6462147158261423,0.6827360160896209,0.7213213445162929
0.000971,0.7668827202538596,0.7910861883372811,0.8160535383700459,0.7213213445162929,0.7620873511768764,0.805157278706688
0.001009,0.7668827202538596,0.7910861883372811,0.8160535383700459,0.805157278706688,0.8506613348892827,0.8987370862969332
0.000973,0.7668827202538596,0.7910861883372811,0.8160535383700459,0.8987370862969332,0.9495298741779894,1.0031932538484196
0.000965,0.7668827202538596,0.7910861883372811,0.8160535383700459,1.0031932538484196,1.0598894589158872,1.1197898917397926
0.000963,0.7668827202538596,0.7910861883372811,0.8160535383700459,1.1197898917397926,1.183075641610026,1.249938032210973
0.000968,0.7668827202538596,0.7910861883372811,0.8160535383700459,1.249938032210973,1.3205792000258516,1.3952127054299968
0.000991,0.7668827202538596,0.7910861883372811,0.8160535383700459,1.3952127054299968,1.4740641783205308,1.5573720002342704
0.000988,0.7668827202538596,0.7910861883372811,0.8160535383700459,1.5573720002342704,1.6453880250160273,1.7383783402160131
0.000969,0.7668827202538596,0.7910861883372811,0.8160535383700459,1.7383783402160131,1.8366240715181728,1.9404222326313807
0.001599,0.7668827202538596,0.7910861883372811,0.8160535383700459,1.9404222326313807,2.050086623212864,2.1659487775384263
0.002033,0.7668827202538596,0.7910861883372811,0.8160535383700459,2.1659487775384263,2.2883589667874706,2.417687257972894
0.002082,0.7668827202538596,0.7910861883372811,0.8160535383700459,2.417687257972894,2.5543246327171887,2.6986841692569943
0.00199,0.7668827202538596,0.7910861883372811,0.8160535383700459,2.6986841692569943,2.851202291249511,3.0123400871561223
0.001971,0.7668827202538596,0.7910861883372811,0.8160535383700459,3.0123400871561223,3.1825847041919566,3.3624508210555346
0.002016,0.7668827202538596,0.7910861883372811,0.8160535383700459,3.3624508210555346,3.552482203890815,3.7532533501855805
0.0019,0.7668827202538596,0.7910861883372811,0.8160535383700459,3.7532533501855805,3.9653712255759532,4.189477098807692
0.00193,0.7668827202538596,0.7910861883372811,0.8160535383700459,4.189477098807692,4.42624848040168,4.676401170884524
0.001857,0.7668827202538596,0.7910861883372811,0.8160535383700459,4.676401170884524,4.940691424776398,5.219918236878273
0.001833,0.7668827202538596,0.7910861883372811,0.8160535383700459,5.219918236878273,5.514925757770336,5.82660584582409
0.001829,0.7668827202538596,0.7910861883372811,0.8160535383700459,5.82660584582409,6.155900763443285,6.5038060256849075
0.001888,0.7668827202538596,0.7910861883372811,0.8160535383700459,6.5038060256849075,6.871373409872062,7.25971413529735
0.001755,0.7668827202538596,0.7910861883372811,0.8160535383700459,7.25971413529735,7.670002222629526,8.103478043179491
0.001782,0.7668827202538596,0.7910861883372811,0.8160535383700459,8.103478043179491,8.561452068755672,9.045308833445212
0.001671,0.7668827202538596,0.7910861883372811,0.8160535383700459,9.045308833445212,9.556511119298175,10.096604378568765
0.001671,0.7668827202538596,0.7910861883372811,0.8160535383700459,10.096604378568765,10.66722140588275,11.27008727445586
0.000967,0.7668827202538596,0.7910861883372811,0.8160535383700459,11.27008727445586,11.907024551286224,12.579958807087245
0.000746,0.7668827202538596,0.7910861883372811,0.8160535383700459,12.579958807087245,13.290924437618376,14.042070814012659
0.000708,0.7668827202538596,0.7910861883372811,0.8160535383700459,14.042070814012659,14.835668780694615,15.67411752053271
0.000601,0.7668827202538596,0.7910861883372811,0.8160535383700459,15.67411752053271,16.55995180798096,17.49584967213718
0.000598,0.7668827202538596,0.7910861883372811,0.8160535383700459,17.49584967213718,18.484640492884626,19.529313554592992
0.00061,0.7668827202538596,0.7910861883372811,0.8160535383700459,19.529313554592992,20.63302708323817,21.799117794261466
0.000536,0.7668827202538596,0.7910861883372811,0.8160535383700459,21.799117794261466,23.03111098003311,24.332731167416135
0.000495,0.7668827202538596,0.7910861883372811,0.8160535383700459,24.332731167416135,25.707913377650407,27.160815022597262
0.000506,0.7668827202538596,0.7910861883372811,0.8160535383700459,27.160815022597262,28.695828473309135,30.317594338921154
0.000448,0.7668827202538596,0.7910861883372811,0.8160535383700459,30.317594338921154,32.03101549600908,33.84127191082679
0.000387,0.7668827202538596,0.7910861883372811,0.8160535383700459,33.84127191082679,35.75383629923332,37.77449067165226
0.000391,0.7668827202538596,0.7910861883372811,0.8160535383700459,37.77449067165226,39.909343813081726,42.1648497509999
0.000325,0.7668827202538596,0.7910861883372811,0.8160535383700459,42.1648497509999,44.547827266997885,47.06548051112691
0.000295,0.7668827202538596,0.7910861883372811,0.8160535383700459,47.06548051112691,49.72542078128044,52.535689533454075
0.000298,0.7668827202538596,0.7910861883372811,0.8160535383700459,52.535689533454075,55.504782692447314,58.641676336502556
0.000266,0.7668827202538596,0.7910861883372811,0.8160535383700459,58.641676336502556,61.955853833530256,65.45733451095779
0.000225,0.7668827202538596,0.7910861883372811,0.8160535383700459,65.45733451095779,69.15670394587609,73.06514596705614
0.000151,0.7668827202538596,0.7910861883372811,0.8160535383700459,73.06514596705614,77.19447646558302,81.55717911632256
0.000139,0.7668827202538596,0.7910861883372811,0.8160535383700459,81.55717911632256,86.16644311821332,91.03620306747894
0.000169,0.7668827202538596,0.7910861883372811,0.8160535383700459,91.03620306747894,96.18118108430411,101.61693132033079
0.000118,0.7668827202538596,0.7910861883372811,0.8160535383700459,101.61693132033079,107.35988698152859,113.42741000859688
0.000155,0.7668827202538596,0.7910861883372811,0.8160535383700459,113.42741000859688,119.83784356509167,126.61056749195744
0.000135,0.7668827202538596,0.7910861883372811,0.8160535383700459,126.61056749195744,133.76605689611287,141.32594405021308
0.000116,0.7668827202538596,0.7910861883372811,0.8160535383700459,141.32594405021308,149.31308379072314,157.7516226120118
0.000128,0.7668827202538596,0.7910861883372811,0.8160535383700459,157.7516226120118,166.66707166534817,176.08638388349098
8.9e-05,0.7668827202538596,0.7910861883372811,0.8160535383700459,176.08638388349098,186.0380354640305,196.55211195782155
8.2e-05,0.7668827202538596,0.7910861883372811,0.8160535383700459,196.55211195782155,207.66039922276806,219.39647951792662
0.000102,0.7668827202538596,0.7910861883372811,0.8160535383700459,219.39647951792662,231.79583302844003,244.8959451282275
7.1e-05,0.7668827202538596,0.7910861883372811,0.8160535383700459,244.8959451282275,258.73641970470345,273.35909888812694
8.6e-05,0.7668827202538596,0.7910861883372811,0.8160535383700459,273.35909888812694,288.8081895475435,305.13039693573796
4.7e-05,0.7668827202538596,0.7910861883372811,0.8160535383700459,305.13039693573796,322.37506588723016,340.5943299961796
7.9e-05,0.7668827202538596,0.7910861883372811,0.8160535383700459,340.5943299961796,359.843269225189,380.18007642148444
6.3e-05,0.7668827202538596,0.7910861883372811,0.8160535383700459,380.18007642148444,401.66623324388144,424.3666960323934
6.3e-05,0.7668827202538596,0.7910861883372811,0.8160535383700459,424.3666960323934,448.35009218239543,473.6889276170203
6.5e-05,0.7668827202538596,0.7910861883372811,0.8160535383700459,473.6889276170203,500.45980598500944,528.7436602466912
4.5e-05,0.7668827202538596,0.7910861883372811,0.8160535383700459,528.7436602466912,558.6259973482117,590.1971567237096
5.3e-05,0.7668827202538596,0.7910861883372811,0.8160535383700459,590.1971567237096,623.5525834069318,658.7931165779523
4.8e-05,0.7668827202538596,0.7910861883372811,0.8160535383700459,658.7931165779523,696.0252944173212,735.3616761892738
2.4e-05,0.7668827202538596,0.7910861883372811,0.8160535383700459,735.3616761892738,776.9211825277038,820.8294549536521
4.3e-05,0.7668827202538596,0.7910861883372811,0.8160535383700459,820.8294549536521,867.2192357111913,916.2307690700113
3.4e-05,0.7668827202538596,0.7910861883372811,0.8160535383700459,916.2307690700113,968.0122253079195,1022.7201486550255
3.6e-05,0.7668827202538596,0.7910861883372811,0.8160535383700459,1022.7201486550255,1080.5199305538154,1141.5863096658716
2.5e-05,0.7668827202538596,0.7910861883372811,0.8160535383700459,1141.5863096658716,1206.1039001368388,1274.2677497166753
2.8e-05,0.7668827202538596,0.7910861883372811,0.8160535383700459,1274.2677497166753,1346.2839294224782,1422.370156526539
1.5e-05,0.7668827202538596,0.7910861883372811,0.8160535383700459,1422.370156526539,1502.7564527530292,1587.68583967315
2.9e-05,0.7668827202538596,0.7910861883372811,0.8160535383700459,1587.68583967315,1677.4150734010555,1772.2154208116622
1.6e-05,0.7668827202538596,0.7910861883372811,0.8160535383700459,1772.2154208116622,1872.373479626966,1978.1920448501505
2.5e-05,0.7668827202538596,0.7910861883372811,0.8160535383700459,1978.1920448501505,2089.991024166855,2208.1084050810155
1e-05,0.7668827202538596,0.7910861883372811,0.8160535383700459,2208.1084050810155,2332.9012767091076,2464.7469093218283
9e-06,0.7668827202538596,0.7910861883372811,0.8160535383700459,2464.7469093218283,2604.0438948968845,2751.213352130962
2.1e-05,0.7668827202538596,0.7910861883372811,0.8160535383700459,2751.213352130962,2906.7001995538217,3070.9745005933823
8e-06,0.7668827202538596,0.7910861883372811,0.8160535383700459,3070.9745005933823,3244.5328846581474,3427.9000485331494
1.3e-05,0.7668827202538596,0.7910861883372811,0.8160535383700459,3427.9000485331494,3621.630342628391,3826.309446875285
1e-05,0.7668827202538596,0.7910861883372811,0.8160535383700459,3826.309446875285,4042.556141337618,4271.024176889881
7e-06,0.7668827202538596,0.7910861883372811,0.8160535383700459,4271.024176889881,4512.404251618383,4767.426098920123
0.00114,0.8160535383700459,0.8418088791133662,0.8683770802213746,0.07999999999999999,0.08452125887808527,0.08929804002920383
0.001202,0.8160535383700459,0.8418088791133662,0.8683770802213746,0.08929804002920383,0.09434478448267444,0.09967674941321612
0.001173,0.8160535383700459,0.8418088791133662,0.8683770802213746,0.09967674941321612,0.10531005426600588,0.11126172948852864
0.001114,0.8160535383700459,0.8418088791133662,0.8683770802213746,0.11126172948852864,0.11754976801654278,0.12419317966981348
0.00118,0.8160535383700459,0.8418088791133662,0.8683770802213746,0.12419317966981348,0.13121204862206076,0.13862759411886386
0.001134,0.8160535383700459,0.8418088791133662,0.8683770802213746,0.13862759411886386,0.14646223462708277,0.15473965560973155
0.001164,0.8160535383700459,0.8418088791133662,0.8683770802213746,0.15473965560973155,0.1634848811311985,0.1727243495092878
0.00112,0.8160535383700459,0.8418088791133662,0.8683770802213746,0.1727243495092878,0.1824859932427924,0.1927993234562322
0.001075,0.8160535383700459,0.8418088791133662,0.8683770802213746,0.1927993234562322,0.20369551911704872,0.21520752129497553
0.001132,0.8160535383700459,0.8418088791133662,0.8683770802213746,0.21520752129497553,0.22737013274854592,0.24022012313980576
0.001096,0.8160535383700459,0.8418088791133662,0.8683770802213746,0.24022012313980576,0.25379634019531294,0.26813982714948303
0.001085,0.8160535383700459,0.8418088791133662,0.8683770802213746,0.26813982714948303,0.28329394682533116,0.2993045127277292
0.001121,0.8160535383700459,0.8418088791133662,0.8683770802213746,0.2993045127277292,0.31621992754549455,0.3340913294810264
0.001091,0.8160535383700459,0.8418088791133662,0.8683770802213746,0.3340913294810264,0.3529727468498688,0.37292126141758264
0.001092,0.8160535383700459,0.8418088791133662,0.8683770802213746,0.37292126141758264,0.3939971809677202,0.41626422162260607
0.001036,0.8160535383700459,0.8418088791133662,0.8683770802213746,0.41626422162260607,0.4397897004681118,0.46464473906476067
0.001079,0.8160535383700459,0.8418088791133662,0.8683770802213746,0.46464473906476067,0.4909044784604127,0.5186483063545496
0.001056,0.8160535383700459,0.8418088791133662,0.8683770802213746,0.5186483063545496,0.547960097100917,0.5789284652740918
0.001058,0.8160535383700459,0.8418088791133662,0.8683770802213746,0.5789284652740918,0.6116470335665513,0.6462147158261423
0.001085,0.8160535383700459,0.8418088791133662,0.8683770802213746,0.6462147158261423,0.6827360160896209,0.7213213445162929
0.001049,0.8160535383700459,0.8418088791133662,0.8683770802213746,0.7213213445162929,0.7620873511768764,0.805157278706688
0.00102,0.8160535383700459,0.8418088791133662,0.8683770802213746,0.805157278706688,0.8506613348892827,0.8987370862969332
0.001054,0.8160535383700459,0.8418088791133662,0.8683770802213746,0.8987370862969332,0.9495298741779894,1.0031932538484196
0.001066,0.8160535383700459,0.8418088791133662,0.8683770802213746,1.0031932538484196,1.0598894589158872,1.1197898917397926
0.001056,0.8160535383700459,0.8418088791133662,0.8683770802213746,1.1197898917397926,1.183075641610026,1.249938032210973
0.000971,0.8160535383700459,0.8418088791133662,0.8683770802213746,1.249938032210973,1.3205792000258516,1.3952127054299968
0.001032,0.8160535383700459,0.8418088791133662,0.8683770802213746,1.3952127054299968,1.4740641783205308,1.5573720002342704
0.001014,0.8160535383700459,0.8418088791133662,0.8683770802213746,1.5573720002342704,1.6453880250160273,1.7383783402160131
0.001014,0.8160535383700459,0.8418088791133662,0.8683770802213746,1.7383783402160131,1.8366240715181728,1.9404222326313807
0.001561,0.8160535383700459,0.8418088791133662,0.8683770802213746,1.9404222326313807,2.050086623212864,2.1659487775384263
0.002046,0.8160535383700459,0.8418088791133662,0.8683770802213746,2.1659487775384263,2.2883589667874706,2.417687257972894
0.002081,0.8160535383700459,0.8418088791133662,0.8683770802213746,2.417687257972894,2.5543246327171887,2.6986841692569943
0.002011,0.8160535383700459,0.8418088791133662,0.8683770802213746,2.6986841692569943,2.851202291249511,3.0123400871561223
0.002071,0.8160535383700459,0.8418088791133662,0.8683770802213746,3.0123400871561223,3.1825847041919566,3.3624508210555346
0.00192,0.8160535383700459,0.8418088791133662,0.8683770802213746,3.3624508210555346,3.552482203890815,3.7532533501855805
0.001935,0.8160535383700459,0.8418088791133662,0.8683770802213746,3.7532533501855805,3.9653712255759532,4.189477098807692
0.001945,0.8160535383700459,0.8418088791133662,0.8683770802213746,4.189477098807692,4.42624848040168,4.676401170884524
0.002033,0.8160535383700459,0.8418088791133662,0.8683770802213746,4.676401170884524,4.940691424776398,5.219918236878273
0.001856,0.8160535383700459,0.8418088791133662,0.8683770802213746,5.219918236878273,5.514925757770336,5.82660584582409
0.001819,0.8160535383700459,0.8418088791133662,0.8683770802213746,5.82660584582409,6.155900763443285,6.5038060256849075
0.001937,0.8160535383700459,0.8418088791133662,0.8683770802213746,6.5038060256849075,6.871373409872062,7.25971413529735
0.001865,0.8160535383700459,0.8418088791133662,0.8683770802213746,7.25971413529735,7.670002222629526,8.103478043179491
0.00174,0.8160535383700459,0.8418088791133662,0.8683770802213746,8.103478043179491,8.561452068755672,9.045308833445212
0.001738,0.8160535383700459,0.8418088791133662,0.8683770802213746,9.045308833445212,9.556511119298175,10.096604378568765
0.001758,0.8160535383700459,0.8418088791133662,0.8683770802213746,10.096604378568765,10.66722140588275,11.27008727445586
0.001031,0.8160535383700459,0.8418088791133662,0.8683770802213746,11.27008727445586,11.907024551286224,12.579958807087245
0.000832,0.8160535383700459,0.8418088791133662,0.8683770802213746,12.579958807087245,13.290924437618376,14.042070814012659
0.000759,0.8160535383700459,0.8418088791133662,0.8683770802213746,14.042070814012659,14.835668780694615,15.67411752053271
0.000681,0.8160535383700459,0.8418088791133662,0.8683770802213746,15.67411752053271,16.55995180798096,17.49584967213718
0.000663,0.8160535383700459,0.8418088791133662,0.8683770802213746,17.49584967213718,18.484640492884626,19.529313554592992
0.000661,0.8160535383700459,0.8418088791133662,0.8683770802213746,19.529313554592992,20.63302708323817,21.799117794261466
0.000551,0.8160535383700459,0.8418088791133662,0.8683770802213746,21.799117794261466,23.03111098003311,24.332731167416135
0.000511,0.8160535383700459,0.8418088791133662,0.8683770802213746,24.332731167416135,25.707913377650407,27.160815022597262
0.000491,0.8160535383700459,0.8418088791133662,0.8683770802213746,27.160815022597262,28.695828473309135,30.317594338921154
0.000446,0.8160535383700459,0.8418088791133662,0.8683770802213746,30.317594338921154,32.03101549600908,33.84127191082679
0.000386,0.8160535383700459,0.8418088791133662,0.8683770802213746,33.84127191082679,35.75383629923332,37.77449067165226
0.000399,0.8160535383700459,0.8418088791133662,0.8683770802213746,37.77449067165226,39.909343813081726,42.1648497509999
0.000353,0.8160535383700459,0.8418088791133662,0.8683770802213746,42.1648497509999,44.547827266997885,47.06548051112691
0.000345,0.8160535383700459,0.8418088791133662,0.8683770802213746,47.06548051112691,49.72542078128044,52.535689533454075
0.000307,0.8160535383700459,0.8418088791133662,0.8683770802213746,52.535689533454075,55.504782692447314,58.641676336502556
0.000265,0.8160535383700459,0.8418088791133662,0.8683770802213746,58.641676336502556,61.955853833530256,65.45733451095779
0.000259,0.8160535383700459,0.8418088791133662,0.8683770802213746,65.45733451095779,69.15670394587609,73.06514596705614
0.000173,0.8160535383700459,0.8418088791133662,0.8683770802213746,73.06514596705614,77.19447646558302,81.55717911632256
0.000147,0.8160535383700459,0.8418088791133662,0.8683770802213746,81.55717911632256,86.16644311821332,91.03620306747894
0.000159,0.8160535383700459,0.8418088791133662,0.8683770802213746,91.03620306747894,96.18118108430411,101.61693132033079
0.000132,0.8160535383700459,0.8418088791133662,0.8683770802213746,101.61693132033079,107.35988698152859,113.42741000859688
0.000133,0.8160535383700459,0.8418088791133662,0.8683770802213746,113.42741000859688,119.83784356509167,126.61056749195744
0.000129,0.8160535383700459,0.8418088791133662,0.8683770802213746,126.61056749195744,133.76605689611287,141.32594405021308
0.000111,0.8160535383700459,0.8418088791133662,0.8683770802213746,141.32594405021308,149.31308379072314,157.7516226120118
0.000127,0.8160535383700459,0.8418088791133662,0.8683770802213746,157.7516226120118,166.66707166534817,176.08638388349098
0.000108,0.8160535383700459,0.8418088791133662,0.8683770802213746,176.08638388349098,186.0380354640305,196.55211195782155
0.000112,0.8160535383700459,0.8418088791133662,0.8683770802213746,196.55211195782155,207.66039922276806,219.39647951792662
8.7e-05,0.8160535383700459,0.8418088791133662,0.8683770802213746,219.39647951792662,231.79583302844003,244.8959451282275
9.9e-05,0.8160535383700459,0.8418088791133662,0.8683770802213746,244.8959451282275,258.73641970470345,273.35909888812694
8.6e-05,0.8160535383700459,0.8418088791133662,0.8683770802213746,273.35909888812694,288.8081895475435,305.13039693573796
7.7e-05,0.8160535383700459,0.8418088791133662,0.8683770802213746,305.13039693573796,322.37506588723016,340.5943299961796
7.4e-05,0.8160535383700459,0.8418088791133662,0.8683770802213746,340.5943299961796,359.843269225189,380.18007642148444
6.5e-05,0.8160535383700459,0.8418088791133662,0.8683770802213746,380.18007642148444,401.66623324388144,424.3666960323934
5.9e-05,0.8160535383700459,0.8418088791133662,0.8683770802213746,424.3666960323934,448.35009218239543,473.6889276170203
6.8e-05,0.8160535383700459,0.8418088791133662,0.8683770802213746,473.6889276170203,500.45980598500944,528.7436602466912
6e-05,0.8160535383700459,0.8418088791133662,0.8683770802213746,528.7436602466912,558.6259973482117,590.1971567237096
6e-05,0.8160535383700459,0.8418088791133662,0.8683770802213746,590.1971567237096,623.5525834069318,658.7931165779523
5.9e-05,0.8160535383700459,0.8418088791133662,0.8683770802213746,658.7931165779523,696.0252944173212,735.3616761892738
4.2e-05,0.8160535383700459,0.8418088791133662,0.8683770802213746,735.3616761892738,776.9211825277038,820.8294549536521
4.4e-05,0.8160535383700459,0.8418088791133662,0.8683770802213746,820.8294549536521,867.2192357111913,916.2307690700113
3.5e-05,0.8160535383700459,0.8418088791133662,0.8683770802213746,916.2307690700113,968.0122253079195,1022.7201486550255
3.8e-05,0.8160535383700459,0.8418088791133662,0.8683770802213746,1022.7201486550255,1080.5199305538154,1141.5863096658716
3.9e-05,0.8160535383700459,0.8418088791133662,0.8683770802213746,1141.5863096658716,1206.1039001368388,1274.2677497166753
3.8e-05,0.8160535383700459,0.8418088791133662,0.8683770802213746,1274.2677497166753,1346.2839294224782,1422.370156526539
2.6e-05,0.8160535383700459,0.8418088791133662,0.8683770802213746,1422.370156526539,1502.7564527530292,1587.68583967315
2.4e-05,0.8160535383700459,0.8418088791133662,0.8683770802213746,1587.68583967315,1677.4150734010555,1772.2154208116622
2.6e-05,0.8160535383700459,0.8418088791133662,0.8683770802213746,1772.2154208116622,1872.373479626966,1978.1920448501505
1.8e-05,0.8160535383700459,0.8418088791133662,0.8683770802213746,1978.1920448501505,2089.991024166855,2208.1084050810155
1.9e-05,0.8160535383700459,0.8418088791133662,0.8683770802213746,2208.1084050810155,2332.9012767091076,2464.7469093218283
9e-06,0.8160535383700459,0.8418088791133662,0.8683770802213746,2464.7469093218283,2604.0438948968845,2751.213352130962
1.8e-05,0.8160535383700459,0.8418088791133662,0.8683770802213746,2751.213352130962,2906.7001995538217,3070.9745005933823
1.7e-05,0.8160535383700459,0.8418088791133662,0.8683770802213746,3070.9745005933823,3244.5328846581474,3427.9000485331494
1.2e-05,0.8160535383700459,0.8418088791133662,0.8683770802213746,3427.9000485331494,3621.630342628391,3826.309446875285
2.3e-05,0.8160535383700459,0.8418088791133662,0.8683770802213746,3826.309446875285,4042.556141337618,4271.024176889881
1.4e-05,0.8160535383700459,0.8418088791133662,0.8683770802213746,4271.024176889881,4512.404251618383,4767.426098920123
0.001194,0.8683770802213746,0.8957837962555493,0.9240554914570535,0.07999999999999999,0.08452125887808527,0.08929804002920383
0.001164,0.8683770802213746,0.8957837962555493,0.9240554914570535,0.08929804002920383,0.09434478448267444,0.09967674941321612
0.001202,0.8683770802213746,0.8957837962555493,0.9240554914570535,0.09967674941321612,0.10531005426600588,0.11126172948852864
0.001179,0.8683770802213746,0.8957837962555493,0.9240554914570535,0.11126172948852864,0.11754976801654278,0.12419317966981348
0.001206,0.8683770802213746,0.8957837962555493,0.9240554914570535,0.12419317966981348,0.13121204862206076,0.13862759411886386
0.001143,0.8683770802213746,0.8957837962555493,0.9240554914570535,0.13862759411886386,0.14646223462708277,0.15473965560973155
0.001153,0.8683770802213746,0.8957837962555493,0.9240554914570535,0.15473965560973155,0.1634848811311985,0.1727243495092878
0.001195,0.8683770802213746,0.8957837962555493,0.9240554914570535,0.1727243495092878,0.1824859932427924,0.1927993234562322
0.00114,0.8683770802213746,0.8957837962555493,0.9240554914570535,0.1927993234562322,0.20369551911704872,0.21520752129497553
0.001159,0.8683770802213746,0.8957837962555493,0.9240554914570535,0.21520752129497553,0.22737013274854592,0.24022012313980576
0.001135,0.8683770802213746,0.8957837962555493,0.9240554914570535,0.24022012313980576,0.25379634019531294,0.26813982714948303
0.001123,0.8683770802213746,0.8957837962555493,0.9240554914570535,0.26813982714948303,0.28329394682533116,0.2993045127277292
0.00107,0.8683770802213746,0.8957837962555493,0.9240554914570535,0.2993045127277292,0.31621992754549455,0.3340913294810264
0.001152,0.8683770802213746,0.8957837962555493,0.9240554914570535,0.3340913294810264,0.3529727468498688,0.37292126141758264
0.001093,0.8683770802213746,0.8957837962555493,0.9240554914570535,0.37292126141758264,0.3939971809677202,0.41626422162260607
0.001098,0.8683770802213746,0.8957837962555493,0.9240554914570535,0.41626422162260607,0.4397897004681118,0.46464473906476067
0.001108,0.8683770802213746,0.8957837962555493,0.9240554914570535,0.46464473906476067,0.4909044784604127,0.5186483063545496
0.001118,0.8683770802213746,0.8957837962555493,0.9240554914570535,0.5186483063545496,0.547960097100917,0.5789284652740918
0.001153,0.8683770802213746,0.8957837962555493,0.9240554914570535,0.5789284652740918,0.6116470335665513,0.6462147158261423
0.001081,0.8683770802213746,0.8957837962555493,0.9240554914570535,0.6462147158261423,0.6827360160896209,0.7213213445162929
0.001063,0.8683770802213746,0.8957837962555493,0.9240554914570535,0.7213213445162929,0.7620873511768764,0.805157278706688
0.001027,0.8683770802213746,0.8957837962555493,0.9240554914570535,0.805157278706688,0.8506613348892827,0.8987370862969332
0.001055,0.8683770802213746,0.8957837962555493,0.9240554914570535,0.8987370862969332,0.9495298741779894,1.0031932538484196
0.001026,0.8683770802213746,0.8957837962555493,0.9240554914570535,1.0031932538484196,1.0598894589158872,1.1197898917397926
0.001075,0.8683770802213746,0.8957837962555493,0.9240554914570535,1.1197898917397926,1.183075641610026,1.249938032210973
0.001039,0.8683770802213746,0.8957837962555493,0.9240554914570535,1.249938032210973,1.3205792000258516,1.3952127054299968
0.001046,0.8683770802213746,0.8957837962555493,0.9240554914570535,1.3952127054299968,1.4740641783205308,1.5573720002342704
0.001012,0.8683770802213746,0.8957837962555493,0.9240554914570535,1.5573720002342704,1.6453880250160273,1.7383783402160131
0.001068,0.8683770802213746,0.8957837962555493,0.9240554914570535,1.7383783402160131,1.8366240715181728,1.9404222326313807
0.001618,0.8683770802213746,0.8957837962555493,0.9240554914570535,1.9404222326313807,2.050086623212864,2.1659487775384263
0.002096,0.8683770802213746,0.8957837962555493,0.9240554914570535,2.1659487775384263,2.2883589667874706,2.417687257972894
0.002197,0.8683770802213746,0.8957837962555493,0.9240554914570535,2.417687257972894,2.5543246327171887,2.6986841692569943
0.002087,0.8683770802213746,0.8957837962555493,0.9240554914570535,2.6986841692569943,2.851202291249511,3.0123400871561223
0.002039,0.8683770802213746,0.8957837962555493,0.9240554914570535,3.0123400871561223,3.1825847041919566,3.3624508210555346
0.00193,0.8683770802213746,0.8957837962555493,0.9240554914570535,3.3624508210555346,3.552482203890815,3.7532533501855805
0.002078,0.8683770802213746,0.8957837962555493,0.9240554914570535,3.7532533501855805,3.9653712255759532,4.189477098807692
0.001986,0.8683770802213746,0.8957837962555493,0.9240554914570535,4.189477098807692,4.42624848040168,4.676401170884524
0.002013,0.8683770802213746,0.8957837962555493,0.9240554914570535,4.676401170884524,4.940691424776398,5.219918236878273
0.001915,0.8683770802213746,0.8957837962555493,0.9240554914570535,5.219918236878273,5.514925757770336,5.82660584582409
0.001899,0.8683770802213746,0.8957837962555493,0.9240554914570535,5.82660584582409,6.155900763443285,6.5038060256849075
0.001892,0.8683770802213746,0.8957837962555493,0.9240554914570535,6.5038060256849075,6.871373409872062,7.25971413529735
0.001903,0.8683770802213746,0.8957837962555493,0.9240554914570535,7.25971413529735,7.670002222629526,8.103478043179491
0.001813,0.8683770802213746,0.8957837962555493,0.9240554914570535,8.103478043179491,8.561452068755672,9.045308833445212
0.001839,0.8683770802213746,0.8957837962555493,0.9240554914570535,9.045308833445212,9.556511119298175,10.096604378568765
0.001728,0.8683770802213746,0.8957837962555493,0.9240554914570535,10.096604378568765,10.66722140588275,11.27008727445586
0.00103,0.8683770802213746,0.8957837962555493,0.9240554914570535,11.27008727445586,11.907024551286224,12.579958807087245
0.000899,0.8683770802213746,0.8957837962555493,0.9240554914570535,12.579958807087245,13.290924437618376,14.042070814012659
0.000776,0.8683770802213746,0.8957837962555493,0.9240554914570535,14.042070814012659,14.835668780694615,15.67411752053271
0.000751,0.8683770802213746,0.8957837962555493,0.9240554914570535,15.67411752053271,16.55995180798096,17.49584967213718
0.000695,0.8683770802213746,0.8957837962555493,0.9240554914570535,17.49584967213718,18.484640492884626,19.529313554592992
0.000673,0.8683770802213746,0.8957837962555493,0.9240554914570535,19.529313554592992,20.63302708323817,21.799117794261466
0.000567,0.8683770802213746,0.8957837962555493,0.9240554914570535,21.799117794261466,23.03111098003311,24.332731167416135
0.00055,0.8683770802213746,0.8957837962555493,0.9240554914570535,24.332731167416135,25.707913377650407,27.160815022597262
0.00054,0.8683770802213746,0.8957837962555493,0.9240554914570535,27.160815022597262,28.695828473309135,30.317594338921154
0.000463,0.8683770802213746,0.8957837962555493,0.9240554914570535,30.317594338921154,32.03101549600908,33.84127191082679
0.000431,0.8683770802213746,0.8957837962555493,0.9240554914570535,33.84127191082679,35.75383629923332,37.77449067165226
0.000396,0.8683770802213746,0.8957837962555493,0.9240554914570535,37.77449067165226,39.909343813081726,42.1648497509999
0.000361,0.8683770802213746,0.8957837962555493,0.9240554914570535,42.1648497509999,44.547827266997885,47.06548051112691
0.000347,0.8683770802213746,0.8957837962555493,0.9240554914570535,47.06548051112691,49.72542078128044,52.535689533454075
0.000325,0.8683770802213746,0.8957837962555493,0.9240554914570535,52.535689533454075,55.504782692447314,58.641676336502556
0.000282,0.8683770802213746,0.8957837962555493,0.9240554914570535,58.641676336502556,61.955853833530256,65.45733451095779
0.000268,0.8683770802213746,0.8957837962555493,0.9240554914570535,65.45733451095779,69.15670394587609,73.06514596705614
0.000176,0.8683770802213746,0.8957837962555493,0.9240554914570535,73.06514596705614,77.19447646558302,81.55717911632256
0.00019,0.8683770802213746,0.8957837962555493,0.9240554914570535,81.55717911632256,86.16644311821332,91.03620306747894
0.000161,0.8683770802213746,0.8957837962555493,0.9240554914570535,91.03620306747894,96.18118108430411,101.61693132033079
0.000146,0.8683770802213746,0.8957837962555493,0.9240554914570535,101.61693132033079,107.35988698152859,113.42741000859688
0.000172,0.8683770802213746,0.8957837962555493,0.9240554914570535,113.42741000859688,119.83784356509167,126.61056749195744
0.000156,0.8683770802213746,0.8957837962555493,0.9240554914570535,126.61056749195744,133.76605689611287,141.32594405021308
0.000153,0.8683770802213746,0.8957837962555493,0.9240554914570535,141.32594405021308,149.31308379072314,157.7516226120118
0.000134,0.8683770802213746,0.8957837962555493,0.9240554914570535,157.7516226120118,166.66707166534817,176.08638388349098
0.00013,0.8683770802213746,0.8957837962555493,0.9240554914570535,176.08638388349098,186.0380354640305,196.55211195782155
0.000127,0.8683770802213746,0.8957837962555493,0.9240554914570535,196.55211195782155,207.66039922276806,219.39647951792662
0.000107,0.8683770802213746,0.8957837962555493,0.9240554914570535,219.39647951792662,231.79583302844003,244.8959451282275
0.000126,0.8683770802213746,0.8957837962555493,0.9240554914570535,244.8959451282275,258.73641970470345,273.35909888812694
7.7e-05,0.8683770802213746,0.8957837962555493,0.9240554914570535,273.35909888812694,288.8081895475435,305.13039693573796
9.5e-05,0.8683770802213746,0.8957837962555493,0.9240554914570535,305.13039693573796,322.37506588723016,340.5943299961796
8.9e-05,0.8683770802213746,0.8957837962555493,0.9240554914570535,340.5943299961796,359.843269225189,380.18007642148444
7.8e-05,0.8683770802213746,0.8957837962555493,0.9240554914570535,380.18007642148444,401.66623324388144,424.3666960323934
6.6e-05,0.8683770802213746,0.8957837962555493,0.9240554914570535,424.3666960323934,448.35009218239543,473.6889276170203
7.9e-05,0.8683770802213746,0.8957837962555493,0.9240554914570535,473.6889276170203,500.45980598500944,528.7436602466912
7e-05,0.8683770802213746,0.8957837962555493,0.9240554914570535,528.7436602466912,558.6259973482117,590.1971567237096
6.2e-05,0.8683770802213746,0.8957837962555493,0.9240554914570535,590.1971567237096,623.5525834069318,658.7931165779523
7.1e-05,0.8683770802213746,0.8957837962555493,0.9240554914570535,658.7931165779523,696.0252944173212,735.3616761892738
4.7e-05,0.8683770802213746,0.8957837962555493,0.9240554914570535,735.3616761892738,776.9211825277038,820.8294549536521
6.1e-05,0.8683770802213746,0.8957837962555493,0.9240554914570535,820.8294549536521,867.2192357111913,916.2307690700113
3.3e-05,0.8683770802213746,0.8957837962555493,0.9240554914570535,916.2307690700113,968.0122253079195,1022.7201486550255
5e-05,0.8683770802213746,0.8957837962555493,0.9240554914570535,1022.7201486550255,1080.5199305538154,1141.5863096658716
3.8e-05,0.8683770802213746,0.8957837962555493,0.9240554914570535,1141.5863096658716,1206.1039001368388,1274.2677497166753
3.5e-05,0.8683770802213746,0.8957837962555493,0.9240554914570535,1274.2677497166753,1346.2839294224782,1422.370156526539
3.9e-05,0.8683770802213746,0.8957837962555493,0.9240554914570535,1422.370156526539,1502.7564527530292,1587.68583967315
3.7e-05,0.8683770802213746,0.8957837962555493,0.9240554914570535,1587.68583967315,1677.4150734010555,1772.2154208116622
2.4e-05,0.8683770802213746,0.8957837962555493,0.9240554914570535,1772.2154208116622,1872.373479626966,1978.1920448501505
2.4e-05,0.8683770802213746,0.8957837962555493,0.9240554914570535,1978.1920448501505,2089.991024166855,2208.1084050810155
2.5e-05,0.8683770802213746,0.8957837962555493,0.9240554914570535,2208.1084050810155,2332.9012767091076,2464.7469093218283
1.8e-05,0.8683770802213746,0.8957837962555493,0.9240554914570535,2464.7469093218283,2604.0438948968845,2751.213352130962
1.6e-05,0.8683770802213746,0.8957837962555493,0.9240554914570535,2751.213352130962,2906.7001995538217,3070.9745005933823
2e-05,0.8683770802213746,0.8957837962555493,0.9240554914570535,3070.9745005933823,3244.5328846581474,3427.9000485331494
1.6e-05,0.8683770802213746,0.8957837962555493,0.9240554914570535,3427.9000485331494,3621.630342628391,3826.309446875285
1.8e-05,0.8683770802213746,0.8957837962555493,0.9240554914570535,3826.309446875285,4042.556141337618,4271.024176889881
1.1e-05,0.8683770802213746,0.8957837962555493,0.9240554914570535,4271.024176889881,4512.404251618383,4767.426098920123
0.001305,0.9240554914570535,0.9532194653009126,0.9833038788567031,0.07999999999999999,0.08452125887808527,0.08929804002920383
0.001244,0.9240554914570535,0.9532194653009126,0.9833038788567031,0.08929804002920383,0.09434478448267444,0.09967674941321612
0.001121,0.9240554914570535,0.9532194653009126,0.9833038788567031,0.09967674941321612,0.10531005426600588,0.11126172948852864
0.001175,0.9240554914570535,0.9532194653009126,0.9833038788567031,0.11126172948852864,0.11754976801654278,0.12419317966981348
0.001201,0.9240554914570535,0.9532194653009126,0.9833038788567031,0.12419317966981348,0.13121204862206076,0.13862759411886386
0.001244,0.9240554914570535,0.9532194653009126,0.9833038788567031,0.13862759411886386,0.14646223462708277,0.15473965560973155
0.001192,0.9240554914570535,0.9532194653009126,0.9833038788567031,0.15473965560973155,0.1634848811311985,0.1727243495092878
0.001175,0.9240554914570535,0.9532194653009126,0.9833038788567031,0.1727243495092878,0.1824859932427924,0.1927993234562322
0.001157,0.9240554914570535,0.9532194653009126,0.9833038788567031,0.1927993234562322,0.20369551911704872,0.21520752129497553
0.001143,0.9240554914570535,0.9532194653009126,0.9833038788567031,0.21520752129497553,0.22737013274854592,0.24022012313980576
0.001165,0.9240554914570535,0.9532194653009126,0.9833038788567031,0.24022012313980576,0.25379634019531294,0.26813982714948303
0.001213,0.9240554914570535,0.9532194653009126,0.9833038788567031,0.26813982714948303,0.28329394682533116,0.2993045127277292
0.001061,0.9240554914570535,0.9532194653009126,0.9833038788567031,0.2993045127277292,0.31621992754549455,0.3340913294810264
0.001196,0.9240554914570535,0.9532194653009126,0.9833038788567031,0.3340913294810264,0.3529727468498688,0.37292126141758264
0.001142,0.9240554914570535,0.9532194653009126,0.9833038788567031,0.37292126141758264,0.3939971809677202,0.41626422162260607
0.001111,0.9240554914570535,0.9532194653009126,0.9833038788567031,0.41626422162260607,0.4397897004681118,0.46464473906476067
0.001086,0.9240554914570535,0.9532194653009126,0.9833038788567031,0.46464473906476067,0.4909044784604127,0.5186483063545496
0.001105,0.9240554914570535,0.9532194653009126,0.9833038788567031,0.5186483063545496,0.547960097100917,0.5789284652740918
0.001078,0.9240554914570535,0.9532194653009126,0.9833038788567031,0.5789284652740918,0.6116470335665513,0.6462147158261423
0.001083,0.9240554914570535,0.9532194653009126,0.9833038788567031,0.6462147158261423,0.6827360160896209,0.7213213445162929
0.001152,0.9240554914570535,0.9532194653009126,0.9833038788567031,0.7213213445162929,0.7620873511768764,0.805157278706688
0.001107,0.9240554914570535,0.9532194653009126,0.9833038788567031,0.805157278706688,0.8506613348892827,0.8987370862969332
0.001079,0.9240554914570535,0.9532194653009126,0.9833038788567031,0.8987370862969332,0.9495298741779894,1.0031932538484196
0.001056,0.9240554914570535,0.9532194653009126,0.9833038788567031,1.0031932538484196,1.0598894589158872,1.1197898917397926
0.001064,0.9240554914570535,0.9532194653009126,0.9833038788567031,1.1197898917397926,1.183075641610026,1.249938032210973
0.001062,0.9240554914570535,0.9532194653009126,0.9833038788567031,1.249938032210973,1.3205792000258516,1.3952127054299968
0.001052,0.9240554914570535,0.9532194653009126,0.9833038788567031,1.3952127054299968,1.4740641783205308,1.5573720002342704
0.001053,0.9240554914570535,0.9532194653009126,0.9833038788567031,1.5573720002342704,1.6453880250160273,1.7383783402160131
0.000996,0.9240554914570535,0.9532194653009126,0.9833038788567031,1.7383783402160131,1.8366240715181728,1.9404222326313807
0.001692,0.9240554914570535,0.9532194653009126,0.9833038788567031,1.9404222326313807,2.050086623212864,2.1659487775384263
0.002196,0.9240554914570535,0.9532194653009126,0.9833038788567031,2.1659487775384263,2.2883589667874706,2.417687257972894
0.002249,0.9240554914570535,0.9532194653009126,0.9833038788567031,2.417687257972894,2.5543246327171887,2.6986841692569943
0.002205,0.9240554914570535,0.9532194653009126,0.9833038788567031,2.6986841692569943,2.851202291249511,3.0123400871561223
0.002123,0.9240554914570535,0.9532194653009126,0.9833038788567031,3.0123400871561223,3.1825847041919566,3.3624508210555346
0.002051,0.9240554914570535,0.9532194653009126,0.9833038788567031,3.3624508210555346,3.552482203890815,3.7532533501855805
0.002104,0.9240554914570535,0.9532194653009126,0.9833038788567031,3.7532533501855805,3.9653712255759532,4.189477098807692
0.00204,0.9240554914570535,0.9532194653009126,0.9833038788567031,4.189477098807692,4.42624848040168,4.676401170884524
0.001992,0.9240554914570535,0.9532194653009126,0.9833038788567031,4.676401170884524,4.940691424776398,5.219918236878273
0.001904,0.9240554914570535,0.9532194653009126,0.9833038788567031,5.219918236878273,5.514925757770336,5.82660584582409
0.001908,0.9240554914570535,0.9532194653009126,0.9833038788567031,5.82660584582409,6.155900763443285,6.5038060256849075
0.001957,0.9240554914570535,0.9532194653009126,0.9833038788567031,6.5038060256849075,6.871373409872062,7.25971413529735
0.001927,0.9240554914570535,0.9532194653009126,0.9833038788567031,7.25971413529735,7.670002222629526,8.103478043179491
0.001878,0.9240554914570535,0.9532194653009126,0.9833038788567031,8.103478043179491,8.561452068755672,9.045308833445212
0.00195,0.9240554914570535,0.9532194653009126,0.9833038788567031,9.045308833445212,9.556511119298175,10.096604378568765
0.001862,0.9240554914570535,0.9532194653009126,0.9833038788567031,10.096604378568765,10.66722140588275,11.27008727445586
0.001117,0.9240554914570535,0.9532194653009126,0.9833038788567031,11.27008727445586,11.907024551286224,12.579958807087245
0.000951,0.9240554914570535,0.9532194653009126,0.9833038788567031,12.579958807087245,13.290924437618376,14.042070814012659
0.000844,0.9240554914570535,0.9532194653009126,0.9833038788567031,14.042070814012659,14.835668780694615,15.67411752053271
0.000839,0.9240554914570535,0.9532194653009126,0.9833038788567031,15.67411752053271,16.55995180798096,17.49584967213718
0.0007,0.9240554914570535,0.9532194653009126,0.9833038788567031,17.49584967213718,18.484640492884626,19.529313554592992
0.000618,0.9240554914570535,0.9532194653009126,0.9833038788567031,19.529313554592992,20.63302708323817,21.799117794261466
0.000592,0.9240554914570535,0.9532194653009126,0.9833038788567031,21.799117794261466,23.03111098003311,24.332731167416135
0.000568,0.9240554914570535,0.9532194653009126,0.9833038788567031,24.332731167416135,25.707913377650407,27.160815022597262
0.000545,0.9240554914570535,0.9532194653009126,0.9833038788567031,27.160815022597262,28.695828473309135,30.317594338921154
0.000512,0.9240554914570535,0.9532194653009126,0.9833038788567031,30.317594338921154,32.03101549600908,33.84127191082679
0.000449,0.9240554914570535,0.9532194653009126,0.9833038788567031,33.84127191082679,35.75383629923332,37.77449067165226
0.000421,0.9240554914570535,0.9532194653009126,0.9833038788567031,37.77449067165226,39.909343813081726,42.1648497509999
0.000384,0.9240554914570535,0.9532194653009126,0.9833038788567031,42.1648497509999,44.547827266997885,47.06548051112691
0.00033,0.9240554914570535,0.9532194653009126,0.9833038788567031,47.06548051112691,49.72542078128044,52.535689533454075
0.000361,0.9240554914570535,0.9532194653009126,0.9833038788567031,52.535689533454075,55.504782692447314,58.641676336502556
0.000301,0.9240554914570535,0.9532194653009126,0.9833038788567031,58.641676336502556,61.955853833530256,65.45733451095779
0.000257,0.9240554914570535,0.9532194653009126,0.9833038788567031,65.45733451095779,69.15670394587609,73.06514596705614
0.000196,0.9240554914570535,0.9532194653009126,0.9833038788567031,73.06514596705614,77.19447646558302,81.55717911632256
0.00018,0.9240554914570535,0.9532194653009126,0.9833038788567031,81.55717911632256,86.16644311821332,91.03620306747894
0.00017,0.9240554914570535,0.9532194653009126,0.9833038788567031,91.03620306747894,96.18118108430411,101.61693132033079
0.000179,0.9240554914570535,0.9532194653009126,0.9833038788567031,101.61693132033079,107.35988698152859,113.42741000859688
0.000146,0.9240554914570535,0.9532194653009126,0.9833038788567031,113.42741000859688,119.83784356509167,126.61056749195744
0.000124,0.9240554914570535,0.9532194653009126,0.9833038788567031,126.61056749195744,133.76605689611287,141.32594405021308
0.000144,0.9240554914570535,0.9532194653009126,0.9833038788567031,141.32594405021308,149.31308379072314,157.7516226120118
0.000134,0.9240554914570535,0.9532194653009126,0.9833038788567031,157.7516226120118,166.66707166534817,176.08638388349098
0.000142,0.9240554914570535,0.9532194653009126,0.9833038788567031,176.08638388349098,186.0380354640305,196.55211195782155
0.000127,0.9240554914570535,0.9532194653009126,0.9833038788567031,196.55211195782155,207.66039922276806,219.39647951792662
0.000122,0.9240554914570535,0.9532194653009126,0.9833038788567031,219.39647951792662,231.79583302844003,244.8959451282275
9.6e-05,0.9240554914570535,0.9532194653009126,0.9833038788567031,244.8959451282275,258.73641970470345,273.35909888812694
0.00011,0.9240554914570535,0.9532194653009126,0.9833038788567031,273.35909888812694,288.8081895475435,305.13039693573796
0.0001,0.9240554914570535,0.9532194653009126,0.9833038788567031,305.13039693573796,322.37506588723016,340.5943299961796
9.8e-05,0.9240554914570535,0.9532194653009126,0.9833038788567031,340.5943299961796,359.843269225189,380.18007642148444
0.000106,0.9240554914570535,0.9532194653009126,0.9833038788567031,380.18007642148444,401.66623324388144,424.3666960323934
9e-05,0.9240554914570535,0.9532194653009126,0.9833038788567031,424.3666960323934,448.35009218239543,473.6889276170203
7.6e-05,0.9240554914570535,0.9532194653009126,0.9833038788567031,473.6889276170203,500.45980598500944,528.7436602466912
7.9e-05,0.9240554914570535,0.9532194653009126,0.9833038788567031,528.7436602466912,558.6259973482117,590.1971567237096
7.1e-05,0.9240554914570535,0.9532194653009126,0.9833038788567031,590.1971567237096,623.5525834069318,658.7931165779523
4.7e-05,0.9240554914570535,0.9532194653009126,0.9833038788567031,658.7931165779523,696.0252944173212,735.3616761892738
6.2e-05,0.9240554914570535,0.9532194653009126,0.9833038788567031,735.3616761892738,776.9211825277038,820.8294549536521
4e-05,0.9240554914570535,0.9532194653009126,0.9833038788567031,820.8294549536521,867.2192357111913,916.2307690700113
4.7e-05,0.9240554914570535,0.9532194653009126,0.9833038788567031,916.2307690700113,968.0122253079195,1022.7201486550255
4.9e-05,0.9240554914570535,0.9532194653009126,0.9833038788567031,1022.7201486550255,1080.5199305538154,1141.5863096658716
3.9e-05,0.9240554914570535,0.9532194653009126,0.9833038788567031,1141.5863096658716,1206.1039001368388,1274.2677497166753
3.7e-05,0.9240554914570535,0.9532194653009126,0.9833038788567031,1274.2677497166753,1346.2839294224782,1422.370156526539
3.2e-05,0.9240554914570535,0.9532194653009126,0.9833038788567031,1422.370156526539,1502.7564527530292,1587.68583967315
3.1e-05,0.9240554914570535,0.9532194653009126,0.9833038788567031,1587.68583967315,1677.4150734010555,1772.2154208116622
2.9e-05,0.9240554914570535,0.9532194653009126,0.9833038788567031,1772.2154208116622,1872.373479626966,1978.1920448501505
2.9e-05,0.9240554914570535,0.9532194653009126,0.9833038788567031,1978.1920448501505,2089.991024166855,2208.1084050810155
2.5e-05,0.9240554914570535,0.9532194653009126,0.9833038788567031,2208.1084050810155,2332.9012767091076,2464.7469093218283
2e-05,0.9240554914570535,0.9532194653009126,0.9833038788567031,2464.7469093218283,2604.0438948968845,2751.213352130962
1.9e-05,0.9240554914570535,0.9532194653009126,0.9833038788567031,2751.213352130962,2906.7001995538217,3070.9745005933823
2.5e-05,0.9240554914570535,0.9532194653009126,0.9833038788567031,3070.9745005933823,3244.5328846581474,3427.9000485331494
2.3e-05,0.9240554914570535,0.9532194653009126,0.9833038788567031,3427.9000485331494,3621.630342628391,3826.309446875285
1.3e-05,0.9240554914570535,0.9532194653009126,0.9833038788567031,3826.309446875285,4042.556141337618,4271.024176889881
1.2e-05,0.9240554914570535,0.9532194653009126,0.9833038788567031,4271.024176889881,4512.404251618383,4767.426098920123
0.001236,0.9833038788567031,1.0143377819812052,1.0463511413692794,0.07999999999999999,0.08452125887808527,0.08929804002920383
0.001263,0.9833038788567031,1.0143377819812052,1.0463511413692794,0.08929804002920383,0.09434478448267444,0.09967674941321612
0.001243,0.9833038788567031,1.0143377819812052,1.0463511413692794,0.09967674941321612,0.10531005426600588,0.11126172948852864
0.001232,0.9833038788567031,1.0143377819812052,1.0463511413692794,0.11126172948852864,0.11754976801654278,0.12419317966981348
0.001246,0.9833038788567031,1.0143377819812052,1.0463511413692794,0.12419317966981348,0.13121204862206076,0.13862759411886386
0.00122,0.9833038788567031,1.0143377819812052,1.0463511413692794,0.13862759411886386,0.14646223462708277,0.15473965560973155
0.001249,0.9833038788567031,1.0143377819812052,1.0463511413692794,0.15473965560973155,0.1634848811311985,0.1727243495092878
0.001234,0.9833038788567031,1.0143377819812052,1.0463511413692794,0.1727243495092878,0.1824859932427924,0.1927993234562322
0.001223,0.9833038788567031,1.0143377819812052,1.0463511413692794,0.1927993234562322,0.20369551911704872,0.21520752129497553
0.001163,0.9833038788567031,1.0143377819812052,1.0463511413692794,0.21520752129497553,0.22737013274854592,0.24022012313980576
0.001182,0.9833038788567031,1.0143377819812052,1.0463511413692794,0.24022012313980576,0.25379634019531294,0.26813982714948303
0.001177,0.9833038788567031,1.0143377819812052,1.0463511413692794,0.26813982714948303,0.28329394682533116,0.2993045127277292
0.001154,0.9833038788567031,1.0143377819812052,1.0463511413692794,0.2993045127277292,0.31621992754549455,0.3340913294810264
0.001192,0.9833038788567031,1.0143377819812052,1.0463511413692794,0.3340913294810264,0.3529727468498688,0.37292126141758264
0.00119,0.9833038788567031,1.0143377819812052,1.0463511413692794,0.37292126141758264,0.3939971809677202,0.41626422162260607
0.001152,0.9833038788567031,1.0143377819812052,1.0463511413692794,0.41626422162260607,0.4397897004681118,0.46464473906476067
0.001104,0.9833038788567031,1.0143377819812052,1.0463511413692794,0.46464473906476067,0.4909044784604127,0.5186483063545496
0.001142,0.9833038788567031,1.0143377819812052,1.0463511413692794,0.5186483063545496,0.547960097100917,0.5789284652740918
0.001131,0.9833038788567031,1.0143377819812052,1.0463511413692794,0.5789284652740918,0.6116470335665513,0.6462147158261423
0.001207,0.9833038788567031,1.0143377819812052,1.0463511413692794,0.6462147158261423,0.6827360160896209,0.7213213445162929
0.001116,0.9833038788567031,1.0143377819812052,1.0463511413692794,0.7213213445162929,0.7620873511768764,0.805157278706688
0.001116,0.9833038788567031,1.0143377819812052,1.0463511413692794,0.805157278706688,0.8506613348892827,0.8987370862969332
0.001125,0.9833038788567031,1.0143377819812052,1.0463511413692794,0.8987370862969332,0.9495298741779894,1.0031932538484196
0.001156,0.9833038788567031,1.0143377819812052,1.0463511413692794,1.0031932538484196,1.0598894589158872,1.1197898917397926
0.001157,0.9833038788567031,1.0143377819812052,1.0463511413692794,1.1197898917397926,1.183075641610026,1.249938032210973
0.001082,0.9833038788567031,1.0143377819812052,1.0463511413692794,1.249938032210973,1.3205792000258516,1.3952127054299968
0.001093,0.9833038788567031,1.0143377819812052,1.0463511413692794,1.3952127054299968,1.4740641783205308,1.5573720002342704
0.001051,0.9833038788567031,1.0143377819812052,1.0463511413692794,1.5573720002342704,1.6453880250160273,1.7383783402160131
0.001066,0.9833038788567031,1.0143377819812052,1.0463511413692794,1.7383783402160131,1.8366240715181728,1.9404222326313807
0.001663,0.9833038788567031,1.0143377819812052,1.0463511413692794,1.9404222326313807,2.050086623212864,2.1659487775384263
0.002187,0.9833038788567031,1.0143377819812052,1.0463511413692794,2.1659487775384263,2.2883589667874706,2.417687257972894
0.002198,0.9833038788567031,1.0143377819812052,1.0463511413692794,2.417687257972894,2.5543246327171887,2.6986841692569943
0.002247,0.9833038788567031,1.0143377819812052,1.0463511413692794,2.6986841692569943,2.851202291249511,3.0123400871561223
0.002111,0.9833038788567031,1.0143377819812052,1.0463511413692794,3.0123400871561223,3.1825847041919566,3.3624508210555346
0.002139,0.9833038788567031,1.0143377819812052,1.0463511413692794,3.3624508210555346,3.552482203890815,3.7532533501855805
0.002124,0.9833038788567031,1.0143377819812052,1.0463511413692794,3.7532533501855805,3.9653712255759532,4.189477098807692
0.002071,0.9833038788567031,1.0143377819812052,1.0463511413692794,4.189477098807692,4.42624848040168,4.676401170884524
0.002027,0.9833038788567031,1.0143377819812052,1.0463511413692794,4.676401170884524,4.940691424776398,5.219918236878273
0.002045,0.9833038788567031,1.0143377819812052,1.0463511413692794,5.219918236878273,5.514925757770336,5.82660584582409
0.002052,0.9833038788567031,1.0143377819812052,1.0463511413692794,5.82660584582409,6.155900763443285,6.5038060256849075
0.001978,0.9833038788567031,1.0143377819812052,1.0463511413692794,6.5038060256849075,6.871373409872062,7.25971413529735
0.001927,0.9833038788567031,1.0143377819812052,1.0463511413692794,7.25971413529735,7.670002222629526,8.103478043179491
0.001871,0.9833038788567031,1.0143377819812052,1.0463511413692794,8.103478043179491,8.561452068755672,9.045308833445212
0.00193,0.9833038788567031,1.0143377819812052,1.0463511413692794,9.045308833445212,9.556511119298175,10.096604378568765
0.001877,0.9833038788567031,1.0143377819812052,1.0463511413692794,10.096604378568765,10.66722140588275,11.27008727445586
0.001136,0.9833038788567031,1.0143377819812052,1.0463511413692794,11.27008727445586,11.907024551286224,12.579958807087245
0.000961,0.9833038788567031,1.0143377819812052,1.0463511413692794,12.579958807087245,13.290924437618376,14.042070814012659
0.000921,0.9833038788567031,1.0143377819812052,1.0463511413692794,14.042070814012659,14.835668780694615,15.67411752053271
0.000828,0.9833038788567031,1.0143377819812052,1.0463511413692794,15.67411752053271,16.55995180798096,17.49584967213718
0.000732,0.9833038788567031,1.0143377819812052,1.0463511413692794,17.49584967213718,18.484640492884626,19.529313554592992
0.00071,0.9833038788567031,1.0143377819812052,1.0463511413692794,19.529313554592992,20.63302708323817,21.799117794261466
0.000668,0.9833038788567031,1.0143377819812052,1.0463511413692794,21.799117794261466,23.03111098003311,24.332731167416135
0.000599,0.9833038788567031,1.0143377819812052,1.0463511413692794,24.332731167416135,25.707913377650407,27.160815022597262
0.000547,0.9833038788567031,1.0143377819812052,1.0463511413692794,27.160815022597262,28.695828473309135,30.317594338921154
0.000511,0.9833038788567031,1.0143377819812052,1.0463511413692794,30.317594338921154,32.03101549600908,33.84127191082679
0.000453,0.9833038788567031,1.0143377819812052,1.0463511413692794,33.84127191082679,35.75383629923332,37.77449067165226
0.000476,0.9833038788567031,1.0143377819812052,1.0463511413692794,37.77449067165226,39.909343813081726,42.1648497509999
0.000441,0.9833038788567031,1.0143377819812052,1.0463511413692794,42.1648497509999,44.547827266997885,47.06548051112691
0.000386,0.9833038788567031,1.0143377819812052,1.0463511413692794,47.06548051112691,49.72542078128044,52.535689533454075
0.00031,0.9833038788567031,1.0143377819812052,1.0463511413692794,52.535689533454075,55.504782692447314,58.641676336502556
0.000298,0.9833038788567031,1.0143377819812052,1.0463511413692794,58.641676336502556,61.955853833530256,65.45733451095779
0.000342,0.9833038788567031,1.0143377819812052,1.0463511413692794,65.45733451095779,69.15670394587609,73.06514596705614
0.000204,0.9833038788567031,1.0143377819812052,1.0463511413692794,73.06514596705614,77.19447646558302,81.55717911632256
0.000181,0.9833038788567031,1.0143377819812052,1.0463511413692794,81.55717911632256,86.16644311821332,91.03620306747894
0.000191,0.9833038788567031,1.0143377819812052,1.0463511413692794,91.03620306747894,96.18118108430411,101.61693132033079
0.000183,0.9833038788567031,1.0143377819812052,1.0463511413692794,101.61693132033079,107.35988698152859,113.42741000859688
0.000203,0.9833038788567031,1.0143377819812052,1.0463511413692794,113.42741000859688,119.83784356509167,126.61056749195744
0.000165,0.9833038788567031,1.0143377819812052,1.0463511413692794,126.61056749195744,133.76605689611287,141.32594405021308
0.000154,0.9833038788567031,1.0143377819812052,1.0463511413692794,141.32594405021308,149.31308379072314,157.7516226120118
0.000151,0.9833038788567031,1.0143377819812052,1.0463511413692794,157.7516226120118,166.66707166534817,176.08638388349098
0.000135,0.9833038788567031,1.0143377819812052,1.0463511413692794,176.08638388349098,186.0380354640305,196.55211195782155
0.00012,0.9833038788567031,1.0143377819812052,1.0463511413692794,196.55211195782155,207.66039922276806,219.39647951792662
0.000128,0.9833038788567031,1.0143377819812052,1.0463511413692794,219.39647951792662,231.79583302844003,244.8959451282275
0.000116,0.9833038788567031,1.0143377819812052,1.0463511413692794,244.8959451282275,258.73641970470345,273.35909888812694
0.000115,0.9833038788567031,1.0143377819812052,1.0463511413692794,273.35909888812694,288.8081895475435,305.13039693573796
8.8e-05,0.9833038788567031,1.0143377819812052,1.0463511413692794,305.13039693573796,322.37506588723016,340.5943299961796
0.000105,0.9833038788567031,1.0143377819812052,1.0463511413692794,340.5943299961796,359.843269225189,380.18007642148444
0.000108,0.9833038788567031,1.0143377819812052,1.0463511413692794,380.18007642148444,401.66623324388144,424.3666960323934
9.5e-05,0.9833038788567031,1.0143377819812052,1.0463511413692794,424.3666960323934,448.35009218239543,473.6889276170203
8.5e-05,0.9833038788567031,1.0143377819812052,1.0463511413692794,473.6889276170203,500.45980598500944,528.7436602466912
8.8e-05,0.9833038788567031,1.0143377819812052,1.0463511413692794,528.7436602466912,558.6259973482117,590.1971567237096
7e-05,0.9833038788567031,1.0143377819812052,1.0463511413692794,590.1971567237096,623.5525834069318,658.7931165779523
7.7e-05,0.9833038788567031,1.0143377819812052,1.0463511413692794,658.7931165779523,696.0252944173212,735.3616761892738
5.4e-05,0.9833038788567031,1.0143377819812052,1.0463511413692794,735.3616761892738,776.9211825277038,820.8294549536521
5.7e-05,0.9833038788567031,1.0143377819812052,1.0463511413692794,820.8294549536521,867.2192357111913,916.2307690700113
5.1e-05,0.9833038788567031,1.0143377819812052,1.0463511413692794,916.2307690700113,968.0122253079195,1022.7201486550255
3.9e-05,0.9833038788567031,1.0143377819812052,1.0463511413692794,1022.7201486550255,1080.5199305538154,1141.5863096658716
3.8e-05,0.9833038788567031,1.0143377819812052,1.0463511413692794,1141.5863096658716,1206.1039001368388,1274.2677497166753
4.9e-05,0.9833038788567031,1.0143377819812052,1.0463511413692794,1274.2677497166753,1346.2839294224782,1422.370156526539
4.1e-05,0.9833038788567031,1.0143377819812052,1.0463511413692794,1422.370156526539,1502.7564527530292,1587.68583967315
2.8e-05,0.9833038788567031,1.0143377819812052,1.0463511413692794,1587.68583967315,1677.4150734010555,1772.2154208116622
3.8e-05,0.9833038788567031,1.0143377819812052,1.0463511413692794,1772.2154208116622,1872.373479626966,1978.1920448501505
3.7e-05,0.9833038788567031,1.0143377819812052,1.0463511413692794,1978.1920448501505,2089.991024166855,2208.1084050810155
2.8e-05,0.9833038788567031,1.0143377819812052,1.0463511413692794,2208.1084050810155,2332.9012767091076,2464.7469093218283
2e-05,0.9833038788567031,1.0143377819812052,1.0463511413692794,2464.7469093218283,2604.0438948968845,2751.213352130962
2.1e-05,0.9833038788567031,1.0143377819812052,1.0463511413692794,2751.213352130962,2906.7001995538217,3070.9745005933823
1.7e-05,0.9833038788567031,1.0143377819812052,1.0463511413692794,3070.9745005933823,3244.5328846581474,3427.9000485331494
2.1e-05,0.9833038788567031,1.0143377819812052,1.0463511413692794,3427.9000485331494,3621.630342628391,3826.309446875285
2.1e-05,0.9833038788567031,1.0143377819812052,1.0463511413692794,3826.309446875285,4042.556141337618,4271.024176889881
1.2e-05,0.9833038788567031,1.0143377819812052,1.0463511413692794,4271.024176889881,4512.404251618383,4767.426098920123
0.001297,1.0463511413692794,1.0793748694900533,1.1134408544363588,0.07999999999999999,0.08452125887808527,0.08929804002920383
0.001272,1.0463511413692794,1.0793748694900533,1.1134408544363588,0.08929804002920383,0.09434478448267444,0.09967674941321612
0.001299,1.0463511413692794,1.0793748694900533,1.1134408544363588,0.09967674941321612,0.10531005426600588,0.11126172948852864
0.001295,1.0463511413692794,1.0793748694900533,1.1134408544363588,0.11126172948852864,0.11754976801654278,0.12419317966981348
0.001156,1.0463511413692794,1.0793748694900533,1.1134408544363588,0.12419317966981348,0.13121204862206076,0.13862759411886386
0.001206,1.0463511413692794,1.0793748694900533,1.1134408544363588,0.13862759411886386,0.14646223462708277,0.15473965560973155
0.001268,1.0463511413692794,1.0793748694900533,1.1134408544363588,0.15473965560973155,0.1634848811311985,0.1727243495092878
0.001223,1.0463511413692794,1.0793748694900533,1.1134408544363588,0.1727243495092878,0.1824859932427924,0.1927993234562322
0.001171,1.0463511413692794,1.0793748694900533,1.1134408544363588,0.1927993234562322,0.20369551911704872,0.21520752129497553
0.001271,1.0463511413692794,1.0793748694900533,1.1134408544363588,0.21520752129497553,0.22737013274854592,0.24022012313980576
0.001197,1.0463511413692794,1.0793748694900533,1.1134408544363588,0.24022012313980576,0.25379634019531294,0.26813982714948303
0.001217,1.0463511413692794,1.0793748694900533,1.1134408544363588,0.26813982714948303,0.28329394682533116,0.2993045127277292
0.001221,1.0463511413692794,1.0793748694900533,1.1134408544363588,0.2993045127277292,0.31621992754549455,0.3340913294810264
0.001168,1.0463511413692794,1.0793748694900533,1.1134408544363588,0.3340913294810264,0.3529727468498688,0.37292126141758264
0.001156,1.0463511413692794,1.0793748694900533,1.1134408544363588,0.37292126141758264,0.3939971809677202,0.41626422162260607
0.001148,1.0463511413692794,1.0793748694900533,1.1134408544363588,0.41626422162260607,0.4397897004681118,0.46464473906476067
0.001202,1.0463511413692794,1.0793748694900533,1.1134408544363588,0.46464473906476067,0.4909044784604127,0.5186483063545496
0.001183,1.0463511413692794,1.0793748694900533,1.1134408544363588,0.5186483063545496,0.547960097100917,0.5789284652740918
0.001175,1.0463511413692794,1.0793748694900533,1.1134408544363588,0.5789284652740918,0.6116470335665513,0.6462147158261423
0.001191,1.0463511413692794,1.0793748694900533,1.1134408544363588,0.6462147158261423,0.6827360160896209,0.7213213445162929
0.001136,1.0463511413692794,1.0793748694900533,1.1134408544363588,0.7213213445162929,0.7620873511768764,0.805157278706688
0.001141,1.0463511413692794,1.0793748694900533,1.1134408544363588,0.805157278706688,0.8506613348892827,0.8987370862969332
0.00112,1.0463511413692794,1.0793748694900533,1.1134408544363588,0.8987370862969332,0.9495298741779894,1.0031932538484196
0.001133,1.0463511413692794,1.0793748694900533,1.1134408544363588,1.0031932538484196,1.0598894589158872,1.1197898917397926
0.001106,1.0463511413692794,1.0793748694900533,1.1134408544363588,1.1197898917397926,1.183075641610026,1.249938032210973
0.001081,1.0463511413692794,1.0793748694900533,1.1134408544363588,1.249938032210973,1.3205792000258516,1.3952127054299968
0.001131,1.0463511413692794,1.0793748694900533,1.1134408544363588,1.3952127054299968,1.4740641783205308,1.5573720002342704
0.001079,1.0463511413692794,1.0793748694900533,1.1134408544363588,1.5573720002342704,1.6453880250160273,1.7383783402160131
0.001126,1.0463511413692794,1.0793748694900533,1.1134408544363588,1.7383783402160131,1.8366240715181728,1.9404222326313807
0.001847,1.0463511413692794,1.0793748694900533,1.1134408544363588,1.9404222326313807,2.050086623212864,2.1659487775384263
0.002266,1.0463511413692794,1.0793748694900533,1.1134408544363588,2.1659487775384263,2.2883589667874706,2.417687257972894
0.002284,1.0463511413692794,1.0793748694900533,1.1134408544363588,2.417687257972894,2.5543246327171887,2.6986841692569943
0.002199,1.0463511413692794,1.0793748694900533,1.1134408544363588,2.6986841692569943,2.851202291249511,3.0123400871561223
0.002257,1.0463511413692794,1.0793748694900533,1.1134408544363588,3.0123400871561223,3.1825847041919566,3.3624508210555346
0.002205,1.0463511413692794,1.0793748694900533,1.1134408544363588,3.3624508210555346,3.552482203890815,3.7532533501855805
0.002209,1.0463511413692794,1.0793748694900533,1.1134408544363588,3.7532533501855805,3.9653712255759532,4.189477098807692
0.002091,1.0463511413692794,1.0793748694900533,1.1134408544363588,4.189477098807692,4.42624848040168,4.676401170884524
0.002074,1.0463511413692794,1.0793748694900533,1.1134408544363588,4.676401170884524,4.940691424776398,5.219918236878273
0.002089,1.0463511413692794,1.0793748694900533,1.1134408544363588,5.219918236878273,5.514925757770336,5.82660584582409
0.002089,1.0463511413692794,1.0793748694900533,1.1134408544363588,5.82660584582409,6.155900763443285,6.5038060256849075
0.001959,1.0463511413692794,1.0793748694900533,1.1134408544363588,6.5038060256849075,6.871373409872062,7.25971413529735
0.002001,1.0463511413692794,1.0793748694900533,1.1134408544363588,7.25971413529735,7.670002222629526,8.103478043179491
0.002016,1.0463511413692794,1.0793748694900533,1.1134408544363588,8.103478043179491,8.561452068755672,9.045308833445212
0.001925,1.0463511413692794,1.0793748694900533,1.1134408544363588,9.045308833445212,9.556511119298175,10.096604378568765
0.001819,1.0463511413692794,1.0793748694900533,1.1134408544363588,10.096604378568765,10.66722140588275,11.27008727445586
0.001152,1.0463511413692794,1.0793748694900533,1.1134408544363588,11.27008727445586,11.907024551286224,12.579958807087245
0.001034,1.0463511413692794,1.0793748694900533,1.1134408544363588,12.579958807087245,13.290924437618376,14.042070814012659
0.000929,1.0463511413692794,1.0793748694900533,1.1134408544363588,14.042070814012659,14.835668780694615,15.67411752053271
0.000849,1.0463511413692794,1.0793748694900533,1.1134408544363588,15.67411752053271,16.55995180798096,17.49584967213718
0.000798,1.0463511413692794,1.0793748694900533,1.1134408544363588,17.49584967213718,18.484640492884626,19.529313554592992
0.000742,1.0463511413692794,1.0793748694900533,1.1134408544363588,19.529313554592992,20.63302708323817,21.799117794261466
0.000714,1.0463511413692794,1.0793748694900533,1.1134408544363588,21.799117794261466,23.03111098003311,24.332731167416135
0.000638,1.0463511413692794,1.0793748694900533,1.1134408544363588,24.332731167416135,25.707913377650407,27.160815022597262
0.00058,1.0463511413692794,1.0793748694900533,1.1134408544363588,27.160815022597262,28.695828473309135,30.317594338921154
0.000531,1.0463511413692794,1.0793748694900533,1.1134408544363588,30.317594338921154,32.03101549600908,33.84127191082679
0.000523,1.0463511413692794,1.0793748694900533,1.1134408544363588,33.84127191082679,35.75383629923332,37.77449067165226
0.000496,1.0463511413692794,1.0793748694900533,1.1134408544363588,37.77449067165226,39.909343813081726,42.1648497509999
0.000461,1.0463511413692794,1.0793748694900533,1.1134408544363588,42.1648497509999,44.547827266997885,47.06548051112691
0.000425,1.0463511413692794,1.0793748694900533,1.1134408544363588,47.06548051112691,49.72542078128044,52.535689533454075
0.000368,1.0463511413692794,1.0793748694900533,1.1134408544363588,52.535689533454075,55.504782692447314,58.641676336502556
0.000361,1.0463511413692794,1.0793748694900533,1.1134408544363588,58.641676336502556,61.955853833530256,65.45733451095779
0.000325,1.0463511413692794,1.0793748694900533,1.1134408544363588,65.45733451095779,69.15670394587609,73.06514596705614
0.000246,1.0463511413692794,1.0793748694900533,1.1134408544363588,73.06514596705614,77.19447646558302,81.55717911632256
0.000215,1.0463511413692794,1.0793748694900533,1.1134408544363588,81.55717911632256,86.16644311821332,91.03620306747894
0.000209,1.0463511413692794,1.0793748694900533,1.1134408544363588,91.03620306747894,96.18118108430411,101.61693132033079
0.000184,1.0463511413692794,1.0793748694900533,1.1134408544363588,101.61693132033079,107.35988698152859,113.42741000859688
0.000166,1.0463511413692794,1.0793748694900533,1.1134408544363588,113.42741000859688,119.83784356509167,126.61056749195744
0.000181,1.0463511413692794,1.0793748694900533,1.1134408544363588,126.61056749195744,133.76605689611287,141.32594405021308
0.000149,1.0463511413692794,1.0793748694900533,1.1134408544363588,141.32594405021308,149.31308379072314,157.7516226120118
0.000139,1.0463511413692794,1.0793748694900533,1.1134408544363588,157.7516226120118,166.66707166534817,176.08638388349098
0.00015,1.0463511413692794,1.0793748694900533,1.1134408544363588,176.08638388349098,186.0380354640305,196.55211195782155
0.000156,1.0463511413692794,1.0793748694900533,1.1134408544363588,196.55211195782155,207.66039922276806,219.39647951792662
0.000132,1.0463511413692794,1.0793748694900533,1.1134408544363588,219.39647951792662,231.79583302844003,244.8959451282275
0.000136,1.0463511413692794,1.0793748694900533,1.1134408544363588,244.8959451282275,258.73641970470345,273.35909888812694
0.000114,1.0463511413692794,1.0793748694900533,1.1134408544363588,273.35909888812694,288.8081895475435,305.13039693573796
0.000112,1.0463511413692794,1.0793748694900533,1.1134408544363588,305.13039693573796,322.37506588723016,340.5943299961796
0.000131,1.0463511413692794,1.0793748694900533,1.1134408544363588,340.5943299961796,359.843269225189,380.18007642148444
8.9e-05,1.0463511413692794,1.0793748694900533,1.1134408544363588,380.18007642148444,401.66623324388144,424.3666960323934
0.000108,1.0463511413692794,1.0793748694900533,1.1134408544363588,424.3666960323934,448.35009218239543,473.6889276170203
9.6e-05,1.0463511413692794,1.0793748694900533,1.1134408544363588,473.6889276170203,500.45980598500944,528.7436602466912
8.1e-05,1.0463511413692794,1.0793748694900533,1.1134408544363588,528.7436602466912,558.6259973482117,590.1971567237096
8e-05,1.0463511413692794,1.0793748694900533,1.1134408544363588,590.1971567237096,623.5525834069318,658.7931165779523
8.6e-05,1.0463511413692794,1.0793748694900533,1.1134408544363588,658.7931165779523,696.0252944173212,735.3616761892738
7.7e-05,1.0463511413692794,1.0793748694900533,1.1134408544363588,735.3616761892738,776.9211825277038,820.8294549536521
7.5e-05,1.0463511413692794,1.0793748694900533,1.1134408544363588,820.8294549536521,867.2192357111913,916.2307690700113
5.8e-05,1.0463511413692794,1.0793748694900533,1.1134408544363588,916.2307690700113,968.0122253079195,1022.7201486550255
5.4e-05,1.0463511413692794,1.0793748694900533,1.1134408544363588,1022.7201486550255,1080.5199305538154,1141.5863096658716
5.2e-05,1.0463511413692794,1.0793748694900533,1.1134408544363588,1141.5863096658716,1206.1039001368388,1274.2677497166753
4.7e-05,1.0463511413692794,1.0793748694900533,1.1134408544363588,1274.2677497166753,1346.2839294224782,1422.370156526539
3.8e-05,1.0463511413692794,1.0793748694900533,1.1134408544363588,1422.370156526539,1502.7564527530292,1587.68583967315
5e-05,1.0463511413692794,1.0793748694900533,1.1134408544363588,1587.68583967315,1677.4150734010555,1772.2154208116622
3.3e-05,1.0463511413692794,1.0793748694900533,1.1134408544363588,1772.2154208116622,1872.373479626966,1978.1920448501505
3.1e-05,1.0463511413692794,1.0793748694900533,1.1134408544363588,1978.1920448501505,2089.991024166855,2208.1084050810155
2.8e-05,1.0463511413692794,1.0793748694900533,1.1134408544363588,2208.1084050810155,2332.9012767091076,2464.7469093218283
3e-05,1.0463511413692794,1.0793748694900533,1.1134408544363588,2464.7469093218283,2604.0438948968845,2751.213352130962
2.5e-05,1.0463511413692794,1.0793748694900533,1.1134408544363588,2751.213352130962,2906.7001995538217,3070.9745005933823
2.9e-05,1.0463511413692794,1.0793748694900533,1.1134408544363588,3070.9745005933823,3244.5328846581474,3427.9000485331494
2.4e-05,1.0463511413692794,1.0793748694900533,1.1134408544363588,3427.9000485331494,3621.630342628391,3826.309446875285
2.2e-05,1.0463511413692794,1.0793748694900533,1.1134408544363588,3826.309446875285,4042.556141337618,4271.024176889881
1.4e-05,1.0463511413692794,1.0793748694900533,1.1134408544363588,4271.024176889881,4512.404251618383,4767.426098920123
0.00138,1.1134408544363588,1.1485819907162416,1.1848322110162777,0.07999999999999999,0.08452125887808527,0.08929804002920383
0.001364,1.1134408544363588,1.1485819907162416,1.1848322110162777,0.08929804002920383,0.09434478448267444,0.09967674941321612
0.001218,1.1134408544363588,1.1485819907162416,1.1848322110162777,0.09967674941321612,0.10531005426600588,0.11126172948852864
0.001279,1.1134408544363588,1.1485819907162416,1.1848322110162777,0.11126172948852864,0.11754976801654278,0.12419317966981348
0.001308,1.1134408544363588,1.1485819907162416,1.1848322110162777,0.12419317966981348,0.13121204862206076,0.13862759411886386
0.001337,1.1134408544363588,1.1485819907162416,1.1848322110162777,0.13862759411886386,0.14646223462708277,0.15473965560973155
0.001274,1.1134408544363588,1.1485819907162416,1.1848322110162777,0.15473965560973155,0.1634848811311985,0.1727243495092878
0.001258,1.1134408544363588,1.1485819907162416,1.1848322110162777,0.1727243495092878,0.1824859932427924,0.1927993234562322
0.001299,1.1134408544363588,1.1485819907162416,1.1848322110162777,0.1927993234562322,0.20369551911704872,0.21520752129497553
0.00125,1.1134408544363588,1.1485819907162416,1.1848322110162777,0.21520752129497553,0.22737013274854592,0.24022012313980576
0.001237,1.1134408544363588,1.1485819907162416,1.1848322110162777,0.24022012313980576,0.25379634019531294,0.26813982714948303
0.001216,1.1134408544363588,1.1485819907162416,1.1848322110162777,0.26813982714948303,0.28329394682533116,0.2993045127277292
0.001278,1.1134408544363588,1.1485819907162416,1.1848322110162777,0.2993045127277292,0.31621992754549455,0.3340913294810264
0.001234,1.1134408544363588,1.1485819907162416,1.1848322110162777,0.3340913294810264,0.3529727468498688,0.37292126141758264
0.001203,1.1134408544363588,1.1485819907162416,1.1848322110162777,0.37292126141758264,0.3939971809677202,0.41626422162260607
0.001258,1.1134408544363588,1.1485819907162416,1.1848322110162777,0.41626422162260607,0.4397897004681118,0.46464473906476067
0.001186,1.1134408544363588,1.1485819907162416,1.1848322110162777,0.46464473906476067,0.4909044784604127,0.5186483063545496
0.001221,1.1134408544363588,1.1485819907162416,1.1848322110162777,0.5186483063545496,0.547960097100917,0.5789284652740918
0.001239,1.1134408544363588,1.1485819907162416,1.1848322110162777,0.5789284652740918,0.6116470335665513,0.6462147158261423
0.001177,1.1134408544363588,1.1485819907162416,1.1848322110162777,0.6462147158261423,0.6827360160896209,0.7213213445162929
0.001152,1.1134408544363588,1.1485819907162416,1.1848322110162777,0.7213213445162929,0.7620873511768764,0.805157278706688
0.001159,1.1134408544363588,1.1485819907162416,1.1848322110162777,0.805157278706688,0.8506613348892827,0.8987370862969332
0.001164,1.1134408544363588,1.1485819907162416,1.1848322110162777,0.8987370862969332,0.9495298741779894,1.0031932538484196
0.001198,1.1134408544363588,1.1485819907162416,1.1848322110162777,1.0031932538484196,1.0598894589158872,1.1197898917397926
0.001179,1.1134408544363588,1.1485819907162416,1.1848322110162777,1.1197898917397926,1.183075641610026,1.249938032210973
0.001127,1.1134408544363588,1.1485819907162416,1.1848322110162777,1.249938032210973,1.3205792000258516,1.3952127054299968
0.001118,1.1134408544363588,1.1485819907162416,1.1848322110162777,1.3952127054299968,1.4740641783205308,1.5573720002342704
0.00117,1.1134408544363588,1.1485819907162416,1.1848322110162777,1.5573720002342704,1.6453880250160273,1.7383783402160131
0.001143,1.1134408544363588,1.1485819907162416,1.1848322110162777,1.7383783402160131,1.8366240715181728,1.9404222326313807
0.001802,1.1134408544363588,1.1485819907162416,1.1848322110162777,1.9404222326313807,2.050086623212864,2.1659487775384263
0.002306,1.1134408544363588,1.1485819907162416,1.1848322110162777,2.1659487775384263,2.2883589667874706,2.417687257972894
0.002329,1.1134408544363588,1.1485819907162416,1.1848322110162777,2.417687257972894,2.5543246327171887,2.6986841692569943
0.002289,1.1134408544363588,1.1485819907162416,1.1848322110162777,2.6986841692569943,2.851202291249511,3.0123400871561223
0.00227,1.1134408544363588,1.1485819907162416,1.1848322110162777,3.0123400871561223,3.1825847041919566,3.3624508210555346
0.002274,1.1134408544363588,1.1485819907162416,1.1848322110162777,3.3624508210555346,3.552482203890815,3.7532533501855805
0.002192,1.1134408544363588,1.1485819907162416,1.1848322110162777,3.7532533501855805,3.9653712255759532,4.189477098807692
0.00218,1.1134408544363588,1.1485819907162416,1.1848322110162777,4.189477098807692,4.42624848040168,4.676401170884524
0.002128,1.1134408544363588,1.1485819907162416,1.1848322110162777,4.676401170884524,4.940691424776398,5.219918236878273
0.002194,1.1134408544363588,1.1485819907162416,1.1848322110162777,5.219918236878273,5.514925757770336,5.82660584582409
0.002046,1.1134408544363588,1.1485819907162416,1.1848322110162777,5.82660584582409,6.155900763443285,6.5038060256849075
0.002074,1.1134408544363588,1.1485819907162416,1.1848322110162777,6.5038060256849075,6.871373409872062,7.25971413529735
0.002009,1.1134408544363588,1.1485819907162416,1.1848322110162777,7.25971413529735,7.670002222629526,8.103478043179491
0.002049,1.1134408544363588,1.1485819907162416,1.1848322110162777,8.103478043179491,8.561452068755672,9.045308833445212
0.001993,1.1134408544363588,1.1485819907162416,1.1848322110162777,9.045308833445212,9.556511119298175,10.096604378568765
0.001957,1.1134408544363588,1.1485819907162416,1.1848322110162777,10.096604378568765,10.66722140588275,11.27008727445586
0.001256,1.1134408544363588,1.1485819907162416,1.1848322110162777,11.27008727445586,11.907024551286224,12.579958807087245
0.001024,1.1134408544363588,1.1485819907162416,1.1848322110162777,12.579958807087245,13.290924437618376,14.042070814012659
0.001007,1.1134408544363588,1.1485819907162416,1.1848322110162777,14.042070814012659,14.835668780694615,15.67411752053271
0.000868,1.1134408544363588,1.1485819907162416,1.1848322110162777,15.67411752053271,16.55995180798096,17.49584967213718
0.000825,1.1134408544363588,1.1485819907162416,1.1848322110162777,17.49584967213718,18.484640492884626,19.529313554592992
0.0008,1.1134408544363588,1.1485819907162416,1.1848322110162777,19.529313554592992,20.63302708323817,21.799117794261466
0.000711,1.1134408544363588,1.1485819907162416,1.1848322110162777,21.799117794261466,23.03111098003311,24.332731167416135
0.000696,1.1134408544363588,1.1485819907162416,1.1848322110162777,24.332731167416135,25.707913377650407,27.160815022597262
0.000646,1.1134408544363588,1.1485819907162416,1.1848322110162777,27.160815022597262,28.695828473309135,30.317594338921154
0.000597,1.1134408544363588,1.1485819907162416,1.1848322110162777,30.317594338921154,32.03101549600908,33.84127191082679
0.000539,1.1134408544363588,1.1485819907162416,1.1848322110162777,33.84127191082679,35.75383629923332,37.77449067165226
0.000498,1.1134408544363588,1.1485819907162416,1.1848322110162777,37.77449067165226,39.909343813081726,42.1648497509999
0.000468,1.1134408544363588,1.1485819907162416,1.1848322110162777,42.1648497509999,44.547827266997885,47.06548051112691
0.000424,1.1134408544363588,1.1485819907162416,1.1848322110162777,47.06548051112691,49.72542078128044,52.535689533454075
0.000406,1.1134408544363588,1.1485819907162416,1.1848322110162777,52.535689533454075,55.504782692447314,58.641676336502556
0.000373,1.1134408544363588,1.1485819907162416,1.1848322110162777,58.641676336502556,61.955853833530256,65.45733451095779
0.000329,1.1134408544363588,1.1485819907162416,1.1848322110162777,65.45733451095779,69.15670394587609,73.06514596705614
0.000244,1.1134408544363588,1.1485819907162416,1.1848322110162777,73.06514596705614,77.19447646558302,81.55717911632256
0.000225,1.1134408544363588,1.1485819907162416,1.1848322110162777,81.55717911632256,86.16644311821332,91.03620306747894
0.00021,1.1134408544363588,1.1485819907162416,1.1848322110162777,91.03620306747894,96.18118108430411,101.61693132033079
0.000208,1.1134408544363588,1.1485819907162416,1.1848322110162777,101.61693132033079,107.35988698152859,113.42741000859688
0.000181,1.1134408544363588,1.1485819907162416,1.1848322110162777,113.42741000859688,119.83784356509167,126.61056749195744
0.000219,1.1134408544363588,1.1485819907162416,1.1848322110162777,126.61056749195744,133.76605689611287,141.32594405021308
0.000165,1.1134408544363588,1.1485819907162416,1.1848322110162777,141.32594405021308,149.31308379072314,157.7516226120118
0.000155,1.1134408544363588,1.1485819907162416,1.1848322110162777,157.7516226120118,166.66707166534817,176.08638388349098
0.00014,1.1134408544363588,1.1485819907162416,1.1848322110162777,176.08638388349098,186.0380354640305,196.55211195782155
0.000147,1.1134408544363588,1.1485819907162416,1.1848322110162777,196.55211195782155,207.66039922276806,219.39647951792662
0.000133,1.1134408544363588,1.1485819907162416,1.1848322110162777,219.39647951792662,231.79583302844003,244.8959451282275
0.00014,1.1134408544363588,1.1485819907162416,1.1848322110162777,244.8959451282275,258.73641970470345,273.35909888812694
0.000146,1.1134408544363588,1.1485819907162416,1.1848322110162777,273.35909888812694,288.8081895475435,305.13039693573796
0.00013,1.1134408544363588,1.1485819907162416,1.1848322110162777,305.13039693573796,322.37506588723016,340.5943299961796
0.000119,1.1134408544363588,1.1485819907162416,1.1848322110162777,340.5943299961796,359.843269225189,380.18007642148444
0.000105,1.1134408544363588,1.1485819907162416,1.1848322110162777,380.18007642148444,401.66623324388144,424.3666960323934
0.000106,1.1134408544363588,1.1485819907162416,1.1848322110162777,424.3666960323934,448.35009218239543,473.6889276170203
0.000101,1.1134408544363588,1.1485819907162416,1.1848322110162777,473.6889276170203,500.45980598500944,528.7436602466912
9.7e-05,1.1134408544363588,1.1485819907162416,1.1848322110162777,528.7436602466912,558.6259973482117,590.1971567237096
9.2e-05,1.1134408544363588,1.1485819907162416,1.1848322110162777,590.1971567237096,623.5525834069318,658.7931165779523
9.6e-05,1.1134408544363588,1.1485819907162416,1.1848322110162777,658.7931165779523,696.0252944173212,735.3616761892738
8.3e-05,1.1134408544363588,1.1485819907162416,1.1848322110162777,735.3616761892738,776.9211825277038,820.8294549536521
5.3e-05,1.1134408544363588,1.1485819907162416,1.1848322110162777,820.8294549536521,867.2192357111913,916.2307690700113
8.1e-05,1.1134408544363588,1.1485819907162416,1.1848322110162777,916.2307690700113,968.0122253079195,1022.7201486550255
7.1e-05,1.1134408544363588,1.1485819907162416,1.1848322110162777,1022.7201486550255,1080.5199305538154,1141.5863096658716
5.9e-05,1.1134408544363588,1.1485819907162416,1.1848322110162777,1141.5863096658716,1206.1039001368388,1274.2677497166753
4.4e-05,1.1134408544363588,1.1485819907162416,1.1848322110162777,1274.2677497166753,1346.2839294224782,1422.370156526539
5.6e-05,1.1134408544363588,1.1485819907162416,1.1848322110162777,1422.370156526539,1502.7564527530292,1587.68583967315
4.7e-05,1.1134408544363588,1.1485819907162416,1.1848322110162777,1587.68583967315,1677.4150734010555,1772.2154208116622
4e-05,1.1134408544363588,1.1485819907162416,1.1848322110162777,1772.2154208116622,1872.373479626966,1978.1920448501505
4e-05,1.1134408544363588,1.1485819907162416,1.1848322110162777,1978.1920448501505,2089.991024166855,2208.1084050810155
2.7e-05,1.1134408544363588,1.1485819907162416,1.1848322110162777,2208.1084050810155,2332.9012767091076,2464.7469093218283
2.2e-05,1.1134408544363588,1.1485819907162416,1.1848322110162777,2464.7469093218283,2604.0438948968845,2751.213352130962
2.7e-05,1.1134408544363588,1.1485819907162416,1.1848322110162777,2751.213352130962,2906.7001995538217,3070.9745005933823
2.6e-05,1.1134408544363588,1.1485819907162416,1.1848322110162777,3070.9745005933823,3244.5328846581474,3427.9000485331494
3e-05,1.1134408544363588,1.1485819907162416,1.1848322110162777,3427.9000485331494,3621.630342628391,3826.309446875285
1.2e-05,1.1134408544363588,1.1485819907162416,1.1848322110162777,3826.309446875285,4042.556141337618,4271.024176889881
9e-06,1.1134408544363588,1.1485819907162416,1.1848322110162777,4271.024176889881,4512.404251618383,4767.426098920123
0.00136,1.1848322110162777,1.2222265189673673,1.260801022944645,0.07999999999999999,0.08452125887808527,0.08929804002920383
0.001377,1.1848322110162777,1.2222265189673673,1.260801022944645,0.08929804002920383,0.09434478448267444,0.09967674941321612
0.001397,1.1848322110162777,1.2222265189673673,1.260801022944645,0.09967674941321612,0.10531005426600588,0.11126172948852864
0.00133,1.1848322110162777,1.2222265189673673,1.260801022944645,0.11126172948852864,0.11754976801654278,0.12419317966981348
0.001262,1.1848322110162777,1.2222265189673673,1.260801022944645,0.12419317966981348,0.13121204862206076,0.13862759411886386
0.001324,1.1848322110162777,1.2222265189673673,1.260801022944645,0.13862759411886386,0.14646223462708277,0.15473965560973155
0.001278,1.1848322110162777,1.2222265189673673,1.260801022944645,0.15473965560973155,0.1634848811311985,0.1727243495092878
0.001282,1.1848322110162777,1.2222265189673673,1.260801022944645,0.1727243495092878,0.1824859932427924,0.1927993234562322
0.001308,1.1848322110162777,1.2222265189673673,1.260801022944645,0.1927993234562322,0.20369551911704872,0.21520752129497553
0.001311,1.1848322110162777,1.2222265189673673,1.260801022944645,0.21520752129497553,0.22737013274854592,0.24022012313980576
0.001295,1.1848322110162777,1.2222265189673673,1.260801022944645,0.24022012313980576,0.25379634019531294,0.26813982714948303
0.001262,1.1848322110162777,1.2222265189673673,1.260801022944645,0.26813982714948303,0.28329394682533116,0.2993045127277292
0.001278,1.1848322110162777,1.2222265189673673,1.260801022944645,0.2993045127277292,0.31621992754549455,0.3340913294810264
0.001287,1.1848322110162777,1.2222265189673673,1.260801022944645,0.3340913294810264,0.3529727468498688,0.37292126141758264
0.001238,1.1848322110162777,1.2222265189673673,1.260801022944645,0.37292126141758264,0.3939971809677202,0.41626422162260607
0.001275,1.1848322110162777,1.2222265189673673,1.260801022944645,0.41626422162260607,0.4397897004681118,0.46464473906476067
0.001194,1.1848322110162777,1.2222265189673673,1.260801022944645,0.46464473906476067,0.4909044784604127,0.5186483063545496
0.00116,1.1848322110162777,1.2222265189673673,1.260801022944645,0.5186483063545496,0.547960097100917,0.5789284652740918
0.00125,1.1848322110162777,1.2222265189673673,1.260801022944645,0.5789284652740918,0.6116470335665513,0.6462147158261423
0.001199,1.1848322110162777,1.2222265189673673,1.260801022944645,0.6462147158261423,0.6827360160896209,0.7213213445162929
0.001251,1.1848322110162777,1.2222265189673673,1.260801022944645,0.7213213445162929,0.7620873511768764,0.805157278706688
0.001178,1.1848322110162777,1.2222265189673673,1.260801022944645,0.805157278706688,0.8506613348892827,0.8987370862969332
0.001227,1.1848322110162777,1.2222265189673673,1.260801022944645,0.8987370862969332,0.9495298741779894,1.0031932538484196
0.001166,1.1848322110162777,1.2222265189673673,1.260801022944645,1.0031932538484196,1.0598894589158872,1.1197898917397926
0.001178,1.1848322110162777,1.2222265189673673,1.260801022944645,1.1197898917397926,1.183075641610026,1.249938032210973
0.001195,1.1848322110162777,1.2222265189673673,1.260801022944645,1.249938032210973,1.3205792000258516,1.3952127054299968
0.001163,1.1848322110162777,1.2222265189673673,1.260801022944645,1.3952127054299968,1.4740641783205308,1.5573720002342704
0.001158,1.1848322110162777,1.2222265189673673,1.260801022944645,1.5573720002342704,1.6453880250160273,1.7383783402160131
0.001134,1.1848322110162777,1.2222265189673673,1.260801022944645,1.7383783402160131,1.8366240715181728,1.9404222326313807
0.00191,1.1848322110162777,1.2222265189673673,1.260801022944645,1.9404222326313807,2.050086623212864,2.1659487775384263
0.002377,1.1848322110162777,1.2222265189673673,1.260801022944645,2.1659487775384263,2.2883589667874706,2.417687257972894
0.002335,1.1848322110162777,1.2222265189673673,1.260801022944645,2.417687257972894,2.5543246327171887,2.6986841692569943
0.0023,1.1848322110162777,1.2222265189673673,1.260801022944645,2.6986841692569943,2.851202291249511,3.0123400871561223
0.002323,1.1848322110162777,1.2222265189673673,1.260801022944645,3.0123400871561223,3.1825847041919566,3.3624508210555346
0.002299,1.1848322110162777,1.2222265189673673,1.260801022944645,3.3624508210555346,3.552482203890815,3.7532533501855805
0.002259,1.1848322110162777,1.2222265189673673,1.260801022944645,3.7532533501855805,3.9653712255759532,4.189477098807692
0.00221,1.1848322110162777,1.2222265189673673,1.260801022944645,4.189477098807692,4.42624848040168,4.676401170884524
0.002235,1.1848322110162777,1.2222265189673673,1.260801022944645,4.676401170884524,4.940691424776398,5.219918236878273
0.002136,1.1848322110162777,1.2222265189673673,1.260801022944645,5.219918236878273,5.514925757770336,5.82660584582409
0.002122,1.1848322110162777,1.2222265189673673,1.260801022944645,5.82660584582409,6.155900763443285,6.5038060256849075
0.002073,1.1848322110162777,1.2222265189673673,1.260801022944645,6.5038060256849075,6.871373409872062,7.25971413529735
0.002124,1.1848322110162777,1.2222265189673673,1.260801022944645,7.25971413529735,7.670002222629526,8.103478043179491
0.002102,1.1848322110162777,1.2222265189673673,1.260801022944645,8.103478043179491,8.561452068755672,9.045308833445212
0.001976,1.1848322110162777,1.2222265189673673,1.260801022944645,9.045308833445212,9.556511119298175,10.096604378568765
0.001993,1.1848322110162777,1.2222265189673673,1.260801022944645,10.096604378568765,10.66722140588275,11.27008727445586
0.001348,1.1848322110162777,1.2222265189673673,1.260801022944645,11.27008727445586,11.907024551286224,12.579958807087245
0.001091,1.1848322110162777,1.2222265189673673,1.260801022944645,12.579958807087245,13.290924437618376,14.042070814012659
0.00103,1.1848322110162777,1.2222265189673673,1.260801022944645,14.042070814012659,14.835668780694615,15.67411752053271
0.00095,1.1848322110162777,1.2222265189673673,1.260801022944645,15.67411752053271,16.55995180798096,17.49584967213718
0.000946,1.1848322110162777,1.2222265189673673,1.260801022944645,17.49584967213718,18.484640492884626,19.529313554592992
0.000848,1.1848322110162777,1.2222265189673673,1.260801022944645,19.529313554592992,20.63302708323817,21.799117794261466
0.000781,1.1848322110162777,1.2222265189673673,1.260801022944645,21.799117794261466,23.03111098003311,24.332731167416135
0.000729,1.1848322110162777,1.2222265189673673,1.260801022944645,24.332731167416135,25.707913377650407,27.160815022597262
0.000683,1.1848322110162777,1.2222265189673673,1.260801022944645,27.160815022597262,28.695828473309135,30.317594338921154
0.000571,1.1848322110162777,1.2222265189673673,1.260801022944645,30.317594338921154,32.03101549600908,33.84127191082679
0.000519,1.1848322110162777,1.2222265189673673,1.260801022944645,33.84127191082679,35.75383629923332,37.77449067165226
0.000554,1.1848322110162777,1.2222265189673673,1.260801022944645,37.77449067165226,39.909343813081726,42.1648497509999
0.000494,1.1848322110162777,1.2222265189673673,1.260801022944645,42.1648497509999,44.547827266997885,47.06548051112691
0.000463,1.1848322110162777,1.2222265189673673,1.260801022944645,47.06548051112691,49.72542078128044,52.535689533454075
0.000411,1.1848322110162777,1.2222265189673673,1.260801022944645,52.535689533454075,55.504782692447314,58.641676336502556
0.000397,1.1848322110162777,1.2222265189673673,1.260801022944645,58.641676336502556,61.955853833530256,65.45733451095779
0.000338,1.1848322110162777,1.2222265189673673,1.260801022944645,65.45733451095779,69.15670394587609,73.06514596705614
0.000256,1.1848322110162777,1.2222265189673673,1.260801022944645,73.06514596705614,77.19447646558302,81.55717911632256
0.000292,1.1848322110162777,1.2222265189673673,1.260801022944645,81.55717911632256,86.16644311821332,91.03620306747894
0.000235,1.1848322110162777,1.2222265189673673,1.260801022944645,91.03620306747894,96.18118108430411,101.61693132033079
0.000219,1.1848322110162777,1.2222265189673673,1.260801022944645,101.61693132033079,107.35988698152859,113.42741000859688
0.000193,1.1848322110162777,1.2222265189673673,1.260801022944645,113.42741000859688,119.83784356509167,126.61056749195744
0.00019,1.1848322110162777,1.2222265189673673,1.260801022944645,126.61056749195744,133.76605689611287,141.32594405021308
0.000172,1.1848322110162777,1.2222265189673673,1.260801022944645,141.32594405021308,149.31308379072314,157.7516226120118
0.000164,1.1848322110162777,1.2222265189673673,1.260801022944645,157.7516226120118,166.66707166534817,176.08638388349098
0.000176,1.1848322110162777,1.2222265189673673,1.260801022944645,176.08638388349098,186.0380354640305,196.55211195782155
0.000161,1.1848322110162777,1.2222265189673673,1.260801022944645,196.55211195782155,207.66039922276806,219.39647951792662
0.00016,1.1848322110162777,1.2222265189673673,1.260801022944645,219.39647951792662,231.79583302844003,244.8959451282275
0.000153,1.1848322110162777,1.2222265189673673,1.260801022944645,244.8959451282275,258.73641970470345,273.35909888812694
0.000124,1.1848322110162777,1.2222265189673673,1.260801022944645,273.35909888812694,288.8081895475435,305.13039693573796
0.000144,1.1848322110162777,1.2222265189673673,1.260801022944645,305.13039693573796,322.37506588723016,340.5943299961796
0.000128,1.1848322110162777,1.2222265189673673,1.260801022944645,340.5943299961796,359.843269225189,380.18007642148444
0.000117,1.1848322110162777,1.2222265189673673,1.260801022944645,380.18007642148444,401.66623324388144,424.3666960323934
0.000118,1.1848322110162777,1.2222265189673673,1.260801022944645,424.3666960323934,448.35009218239543,473.6889276170203
0.000104,1.1848322110162777,1.2222265189673673,1.260801022944645,473.6889276170203,500.45980598500944,528.7436602466912
0.000106,1.1848322110162777,1.2222265189673673,1.260801022944645,528.7436602466912,558.6259973482117,590.1971567237096
8.6e-05,1.1848322110162777,1.2222265189673673,1.260801022944645,590.1971567237096,623.5525834069318,658.7931165779523
0.000102,1.1848322110162777,1.2222265189673673,1.260801022944645,658.7931165779523,696.0252944173212,735.3616761892738
9.5e-05,1.1848322110162777,1.2222265189673673,1.260801022944645,735.3616761892738,776.9211825277038,820.8294549536521
7.4e-05,1.1848322110162777,1.2222265189673673,1.260801022944645,820.8294549536521,867.2192357111913,916.2307690700113
7.4e-05,1.1848322110162777,1.2222265189673673,1.260801022944645,916.2307690700113,968.0122253079195,1022.7201486550255
7e-05,1.1848322110162777,1.2222265189673673,1.260801022944645,1022.7201486550255,1080.5199305538154,1141.5863096658716
6.5e-05,1.1848322110162777,1.2222265189673673,1.260801022944645,1141.5863096658716,1206.1039001368388,1274.2677497166753
6.3e-05,1.1848322110162777,1.2222265189673673,1.260801022944645,1274.2677497166753,1346.2839294224782,1422.370156526539
6.3e-05,1.1848322110162777,1.2222265189673673,1.260801022944645,1422.370156526539,1502.7564527530292,1587.68583967315
3.6e-05,1.1848322110162777,1.2222265189673673,1.260801022944645,1587.68583967315,1677.4150734010555,1772.2154208116622
5.3e-05,1.1848322110162777,1.2222265189673673,1.260801022944645,1772.2154208116622,1872.373479626966,1978.1920448501505
4.9e-05,1.1848322110162777,1.2222265189673673,1.260801022944645,1978.1920448501505,2089.991024166855,2208.1084050810155
3.3e-05,1.1848322110162777,1.2222265189673673,1.260801022944645,2208.1084050810155,2332.9012767091076,2464.7469093218283
2.7e-05,1.1848322110162777,1.2222265189673673,1.260801022944645,2464.7469093218283,2604.0438948968845,2751.213352130962
3.3e-05,1.1848322110162777,1.2222265189673673,1.260801022944645,2751.213352130962,2906.7001995538217,3070.9745005933823
3.6e-05,1.1848322110162777,1.2222265189673673,1.260801022944645,3070.9745005933823,3244.5328846581474,3427.9000485331494
1.5e-05,1.1848322110162777,1.2222265189673673,1.260801022944645,3427.9000485331494,3621.630342628391,3826.309446875285
2.9e-05,1.1848322110162777,1.2222265189673673,1.260801022944645,3826.309446875285,4042.556141337618,4271.024176889881
2.4e-05,1.1848322110162777,1.2222265189673673,1.260801022944645,4271.024176889881,4512.404251618383,4767.426098920123
0.001456,1.260801022944645,1.3005929709341424,1.3416407864998738,0.07999999999999999,0.08452125887808527,0.08929804002920383
0.001426,1.260801022944645,1.3005929709341424,1.3416407864998738,0.08929804002920383,0.09434478448267444,0.09967674941321612
0.001342,1.260801022944645,1.3005929709341424,1.3416407864998738,0.09967674941321612,0.10531005426600588,0.11126172948852864
0.001344,1.260801022944645,1.3005929709341424,1.3416407864998738,0.11126172948852864,0.11754976801654278,0.12419317966981348
0.001381,1.260801022944645,1.3005929709341424,1.3416407864998738,0.12419317966981348,0.13121204862206076,0.13862759411886386
0.001377,1.260801022944645,1.3005929709341424,1.3416407864998738,0.13862759411886386,0.14646223462708277,0.15473965560973155
0.001368,1.260801022944645,1.3005929709341424,1.3416407864998738,0.15473965560973155,0.1634848811311985,0.1727243495092878
0.001363,1.260801022944645,1.3005929709341424,1.3416407864998738,0.1727243495092878,0.1824859932427924,0.1927993234562322
0.001318,1.260801022944645,1.3005929709341424,1.3416407864998738,0.1927993234562322,0.20369551911704872,0.21520752129497553
0.001343,1.260801022944645,1.3005929709341424,1.3416407864998738,0.21520752129497553,0.22737013274854592,0.24022012313980576
0.001339,1.260801022944645,1.3005929709341424,1.3416407864998738,0.24022012313980576,0.25379634019531294,0.26813982714948303
0.001389,1.260801022944645,1.3005929709341424,1.3416407864998738,0.26813982714948303,0.28329394682533116,0.2993045127277292
0.001302,1.260801022944645,1.3005929709341424,1.3416407864998738,0.2993045127277292,0.31621992754549455,0.3340913294810264
0.001299,1.260801022944645,1.3005929709341424,1.3416407864998738,0.3340913294810264,0.3529727468498688,0.37292126141758264
0.001278,1.260801022944645,1.3005929709341424,1.3416407864998738,0.37292126141758264,0.3939971809677202,0.41626422162260607
0.001335,1.260801022944645,1.3005929709341424,1.3416407864998738,0.41626422162260607,0.4397897004681118,0.46464473906476067
0.00122,1.260801022944645,1.3005929709341424,1.3416407864998738,0.46464473906476067,0.4909044784604127,0.5186483063545496
0.001257,1.260801022944645,1.3005929709341424,1.3416407864998738,0.5186483063545496,0.547960097100917,0.5789284652740918
0.001244,1.260801022944645,1.3005929709341424,1.3416407864998738,0.5789284652740918,0.6116470335665513,0.6462147158261423
0.001231,1.260801022944645,1.3005929709341424,1.3416407864998738,0.6462147158261423,0.6827360160896209,0.7213213445162929
0.001227,1.260801022944645,1.3005929709341424,1.3416407864998738,0.7213213445162929,0.7620873511768764,0.805157278706688
0.001238,1.260801022944645,1.3005929709341424,1.3416407864998738,0.805157278706688,0.8506613348892827,0.8987370862969332
0.00121,1.260801022944645,1.3005929709341424,1.3416407864998738,0.8987370862969332,0.9495298741779894,1.0031932538484196
0.001251,1.260801022944645,1.3005929709341424,1.3416407864998738,1.0031932538484196,1.0598894589158872,1.1197898917397926
0.001209,1.260801022944645,1.3005929709341424,1.3416407864998738,1.1197898917397926,1.183075641610026,1.249938032210973
0.001255,1.260801022944645,1.3005929709341424,1.3416407864998738,1.249938032210973,1.3205792000258516,1.3952127054299968
0.001195,1.260801022944645,1.3005929709341424,1.3416407864998738,1.3952127054299968,1.4740641783205308,1.5573720002342704
0.00122,1.260801022944645,1.3005929709341424,1.3416407864998738,1.5573720002342704,1.6453880250160273,1.7383783402160131
0.001157,1.260801022944645,1.3005929709341424,1.3416407864998738,1.7383783402160131,1.8366240715181728,1.9404222326313807
0.001936,1.260801022944645,1.3005929709341424,1.3416407864998738,1.9404222326313807,2.050086623212864,2.1659487775384263
0.002465,1.260801022944645,1.3005929709341424,1.3416407864998738,2.1659487775384263,2.2883589667874706,2.417687257972894
0.002468,1.260801022944645,1.3005929709341424,1.3416407864998738,2.417687257972894,2.5543246327171887,2.6986841692569943
0.002476,1.260801022944645,1.3005929709341424,1.3416407864998738,2.6986841692569943,2.851202291249511,3.0123400871561223
0.002424,1.260801022944645,1.3005929709341424,1.3416407864998738,3.0123400871561223,3.1825847041919566,3.3624508210555346
0.002456,1.260801022944645,1.3005929709341424,1.3416407864998738,3.3624508210555346,3.552482203890815,3.7532533501855805
0.002274,1.260801022944645,1.3005929709341424,1.3416407864998738,3.7532533501855805,3.9653712255759532,4.189477098807692
0.002389,1.260801022944645,1.3005929709341424,1.3416407864998738,4.189477098807692,4.42624848040168,4.676401170884524
0.002306,1.260801022944645,1.3005929709341424,1.3416407864998738,4.676401170884524,4.940691424776398,5.219918236878273
0.002224,1.260801022944645,1.3005929709341424,1.3416407864998738,5.219918236878273,5.514925757770336,5.82660584582409
0.002207,1.260801022944645,1.3005929709341424,1.3416407864998738,5.82660584582409,6.155900763443285,6.5038060256849075
0.002102,1.260801022944645,1.3005929709341424,1.3416407864998738,6.5038060256849075,6.871373409872062,7.25971413529735
0.002165,1.260801022944645,1.3005929709341424,1.3416407864998738,7.25971413529735,7.670002222629526,8.103478043179491
0.002165,1.260801022944645,1.3005929709341424,1.3416407864998738,8.103478043179491,8.561452068755672,9.045308833445212
0.002198,1.260801022944645,1.3005929709341424,1.3416407864998738,9.045308833445212,9.556511119298175,10.096604378568765
0.002024,1.260801022944645,1.3005929709341424,1.3416407864998738,10.096604378568765,10.66722140588275,11.27008727445586
0.001391,1.260801022944645,1.3005929709341424,1.3416407864998738,11.27008727445586,11.907024551286224,12.579958807087245
0.001218,1.260801022944645,1.3005929709341424,1.3416407864998738,12.579958807087245,13.290924437618376,14.042070814012659
0.001106,1.260801022944645,1.3005929709341424,1.3416407864998738,14.042070814012659,14.835668780694615,15.67411752053271
0.001037,1.260801022944645,1.3005929709341424,1.3416407864998738,15.67411752053271,16.55995180798096,17.49584967213718
0.000901,1.260801022944645,1.3005929709341424,1.3416407864998738,17.49584967213718,18.484640492884626,19.529313554592992
0.000862,1.260801022944645,1.3005929709341424,1.3416407864998738,19.529313554592992,20.63302708323817,21.799117794261466
0.000767,1.260801022944645,1.3005929709341424,1.3416407864998738,21.799117794261466,23.03111098003311,24.332731167416135
0.000741,1.260801022944645,1.3005929709341424,1.3416407864998738,24.332731167416135,25.707913377650407,27.160815022597262
0.000715,1.260801022944645,1.3005929709341424,1.3416407864998738,27.160815022597262,28.695828473309135,30.317594338921154
0.000634,1.260801022944645,1.3005929709341424,1.3416407864998738,30.317594338921154,32.03101549600908,33.84127191082679
0.000577,1.260801022944645,1.3005929709341424,1.3416407864998738,33.84127191082679,35.75383629923332,37.77449067165226
0.000552,1.260801022944645,1.3005929709341424,1.3416407864998738,37.77449067165226,39.909343813081726,42.1648497509999
0.000515,1.260801022944645,1.3005929709341424,1.3416407864998738,42.1648497509999,44.547827266997885,47.06548051112691
0.000495,1.260801022944645,1.3005929709341424,1.3416407864998738,47.06548051112691,49.72542078128044,52.535689533454075
0.000493,1.260801022944645,1.3005929709341424,1.3416407864998738,52.535689533454075,55.504782692447314,58.641676336502556
0.000408,1.260801022944645,1.3005929709341424,1.3416407864998738,58.641676336502556,61.955853833530256,65.45733451095779
0.000354,1.260801022944645,1.3005929709341424,1.3416407864998738,65.45733451095779,69.15670394587609,73.06514596705614
0.000294,1.260801022944645,1.3005929709341424,1.3416407864998738,73.06514596705614,77.19447646558302,81.55717911632256
0.000266,1.260801022944645,1.3005929709341424,1.3416407864998738,81.55717911632256,86.16644311821332,91.03620306747894
0.000248,1.260801022944645,1.3005929709341424,1.3416407864998738,91.03620306747894,96.18118108430411,101.61693132033079
0.00021,1.260801022944645,1.3005929709341424,1.3416407864998738,101.61693132033079,107.35988698152859,113.42741000859688
0.000212,1.260801022944645,1.3005929709341424,1.3416407864998738,113.42741000859688,119.83784356509167,126.61056749195744
0.000203,1.260801022944645,1.3005929709341424,1.3416407864998738,126.61056749195744,133.76605689611287,141.32594405021308
0.0002,1.260801022944645,1.3005929709341424,1.3416407864998738,141.32594405021308,149.31308379072314,157.7516226120118
0.000185,1.260801022944645,1.3005929709341424,1.3416407864998738,157.7516226120118,166.66707166534817,176.08638388349098
0.00018,1.260801022944645,1.3005929709341424,1.3416407864998738,176.08638388349098,186.0380354640305,196.55211195782155
0.00017,1.260801022944645,1.3005929709341424,1.3416407864998738,196.55211195782155,207.66039922276806,219.39647951792662
0.000156,1.260801022944645,1.3005929709341424,1.3416407864998738,219.39647951792662,231.79583302844003,244.8959451282275
0.000172,1.260801022944645,1.3005929709341424,1.3416407864998738,244.8959451282275,258.73641970470345,273.35909888812694
0.000163,1.260801022944645,1.3005929709341424,1.3416407864998738,273.35909888812694,288.8081895475435,305.13039693573796
0.000142,1.260801022944645,1.3005929709341424,1.3416407864998738,305.13039693573796,322.37506588723016,340.5943299961796
0.000136,1.260801022944645,1.3005929709341424,1.3416407864998738,340.5943299961796,359.843269225189,380.18007642148444
0.000126,1.260801022944645,1.3005929709341424,1.3416407864998738,380.18007642148444,401.66623324388144,424.3666960323934
0.000121,1.260801022944645,1.3005929709341424,1.3416407864998738,424.3666960323934,448.35009218239543,473.6889276170203
0.000114,1.260801022944645,1.3005929709341424,1.3416407864998738,473.6889276170203,500.45980598500944,528.7436602466912
0.0001,1.260801022944645,1.3005929709341424,1.3416407864998738,528.7436602466912,558.6259973482117,590.1971567237096
0.000106,1.260801022944645,1.3005929709341424,1.3416407864998738,590.1971567237096,623.5525834069318,658.7931165779523
8.5e-05,1.260801022944645,1.3005929709341424,1.3416407864998738,658.7931165779523,696.0252944173212,735.3616761892738
9.5e-05,1.260801022944645,1.3005929709341424,1.3416407864998738,735.3616761892738,776.9211825277038,820.8294549536521
9.9e-05,1.260801022944645,1.3005929709341424,1.3416407864998738,820.8294549536521,867.2192357111913,916.2307690700113
8e-05,1.260801022944645,1.3005929709341424,1.3416407864998738,916.2307690700113,968.0122253079195,1022.7201486550255
7.4e-05,1.260801022944645,1.3005929709341424,1.3416407864998738,1022.7201486550255,1080.5199305538154,1141.5863096658716
7.1e-05,1.260801022944645,1.3005929709341424,1.3416407864998738,1141.5863096658716,1206.1039001368388,1274.2677497166753
7.3e-05,1.260801022944645,1.3005929709341424,1.3416407864998738,1274.2677497166753,1346.2839294224782,1422.370156526539
6.4e-05,1.260801022944645,1.3005929709341424,1.3416407864998738,1422.370156526539,1502.7564527530292,1587.68583967315
5.3e-05,1.260801022944645,1.3005929709341424,1.3416407864998738,1587.68583967315,1677.4150734010555,1772.2154208116622
4.9e-05,1.260801022944645,1.3005929709341424,1.3416407864998738,1772.2154208116622,1872.373479626966,1978.1920448501505
4.6e-05,1.260801022944645,1.3005929709341424,1.3416407864998738,1978.1920448501505,2089.991024166855,2208.1084050810155
4e-05,1.260801022944645,1.3005929709341424,1.3416407864998738,2208.1084050810155,2332.9012767091076,2464.7469093218283
2.6e-05,1.260801022944645,1.3005929709341424,1.3416407864998738,2464.7469093218283,2604.0438948968845,2751.213352130962
2.7e-05,1.260801022944645,1.3005929709341424,1.3416407864998738,2751.213352130962,2906.7001995538217,3070.9745005933823
2.5e-05,1.260801022944645,1.3005929709341424,1.3416407864998738,3070.9745005933823,3244.5328846581474,3427.9000485331494
3e-05,1.260801022944645,1.3005929709341424,1.3416407864998738,3427.9000485331494,3621.630342628391,3826.309446875285
2.1e-05,1.260801022944645,1.3005929709341424,1.3416407864998738,3826.309446875285,4042.556141337618,4271.024176889881
1.3e-05,1.260801022944645,1.3005929709341424,1.3416407864998738,4271.024176889881,4512.404251618383,4767.426098920123
0.001464,1.3416407864998738,1.383984105886073,1.427663816290407,0.07999999999999999,0.08452125887808527,0.08929804002920383
0.001444,1.3416407864998738,1.383984105886073,1.427663816290407,0.08929804002920383,0.09434478448267444,0.09967674941321612
0.001424,1.3416407864998738,1.383984105886073,1.427663816290407,0.09967674941321612,0.10531005426600588,0.11126172948852864
0.001328,1.3416407864998738,1.383984105886073,1.427663816290407,0.11126172948852864,0.11754976801654278,0.12419317966981348
0.001337,1.3416407864998738,1.383984105886073,1.427663816290407,0.12419317966981348,0.13121204862206076,0.13862759411886386
0.001398,1.3416407864998738,1.383984105886073,1.427663816290407,0.13862759411886386,0.14646223462708277,0.15473965560973155
0.001384,1.3416407864998738,1.383984105886073,1.427663816290407,0.15473965560973155,0.1634848811311985,0.1727243495092878
0.001408,1.3416407864998738,1.383984105886073,1.427663816290407,0.1727243495092878,0.1824859932427924,0.1927993234562322
0.001373,1.3416407864998738,1.383984105886073,1.427663816290407,0.1927993234562322,0.20369551911704872,0.21520752129497553
0.001332,1.3416407864998738,1.383984105886073,1.427663816290407,0.21520752129497553,0.22737013274854592,0.24022012313980576
0.001292,1.3416407864998738,1.383984105886073,1.427663816290407,0.24022012313980576,0.25379634019531294,0.26813982714948303
0.001316,1.3416407864998738,1.383984105886073,1.427663816290407,0.26813982714948303,0.28329394682533116,0.2993045127277292
0.001288,1.3416407864998738,1.383984105886073,1.427663816290407,0.2993045127277292,0.31621992754549455,0.3340913294810264
0.00136,1.3416407864998738,1.383984105886073,1.427663816290407,0.3340913294810264,0.3529727468498688,0.37292126141758264
0.001295,1.3416407864998738,1.383984105886073,1.427663816290407,0.37292126141758264,0.3939971809677202,0.41626422162260607
0.00131,1.3416407864998738,1.383984105886073,1.427663816290407,0.41626422162260607,0.4397897004681118,0.46464473906476067
0.001267,1.3416407864998738,1.383984105886073,1.427663816290407,0.46464473906476067,0.4909044784604127,0.5186483063545496
0.00129,1.3416407864998738,1.383984105886073,1.427663816290407,0.5186483063545496,0.547960097100917,0.5789284652740918
0.001213,1.3416407864998738,1.383984105886073,1.427663816290407,0.5789284652740918,0.6116470335665513,0.6462147158261423
0.001236,1.3416407864998738,1.383984105886073,1.427663816290407,0.6462147158261423,0.6827360160896209,0.7213213445162929
0.00123,1.3416407864998738,1.383984105886073,1.427663816290407,0.7213213445162929,0.7620873511768764,0.805157278706688
0.001276,1.3416407864998738,1.383984105886073,1.427663816290407,0.805157278706688,0.8506613348892827,0.8987370862969332
0.001258,1.3416407864998738,1.383984105886073,1.427663816290407,0.8987370862969332,0.9495298741779894,1.0031932538484196
0.00129,1.3416407864998738,1.383984105886073,1.427663816290407,1.0031932538484196,1.0598894589158872,1.1197898917397926
0.001247,1.3416407864998738,1.383984105886073,1.427663816290407,1.1197898917397926,1.183075641610026,1.249938032210973
0.001263,1.3416407864998738,1.383984105886073,1.427663816290407,1.249938032210973,1.3205792000258516,1.3952127054299968
0.001301,1.3416407864998738,1.383984105886073,1.427663816290407,1.3952127054299968,1.4740641783205308,1.5573720002342704
0.001261,1.3416407864998738,1.383984105886073,1.427663816290407,1.5573720002342704,1.6453880250160273,1.7383783402160131
0.001216,1.3416407864998738,1.383984105886073,1.427663816290407,1.7383783402160131,1.8366240715181728,1.9404222326313807
0.001963,1.3416407864998738,1.383984105886073,1.427663816290407,1.9404222326313807,2.050086623212864,2.1659487775384263
0.002549,1.3416407864998738,1.383984105886073,1.427663816290407,2.1659487775384263,2.2883589667874706,2.417687257972894
0.002369,1.3416407864998738,1.383984105886073,1.427663816290407,2.417687257972894,2.5543246327171887,2.6986841692569943
0.002465,1.3416407864998738,1.383984105886073,1.427663816290407,2.6986841692569943,2.851202291249511,3.0123400871561223
0.002488,1.3416407864998738,1.383984105886073,1.427663816290407,3.0123400871561223,3.1825847041919566,3.3624508210555346
0.002383,1.3416407864998738,1.383984105886073,1.427663816290407,3.3624508210555346,3.552482203890815,3.7532533501855805
0.002408,1.3416407864998738,1.383984105886073,1.427663816290407,3.7532533501855805,3.9653712255759532,4.189477098807692
0.002286,1.3416407864998738,1.383984105886073,1.427663816290407,4.189477098807692,4.42624848040168,4.676401170884524
0.002336,1.3416407864998738,1.383984105886073,1.427663816290407,4.676401170884524,4.940691424776398,5.219918236878273
0.002298,1.3416407864998738,1.383984105886073,1.427663816290407,5.219918236878273,5.514925757770336,5.82660584582409
0.002256,1.3416407864998738,1.383984105886073,1.427663816290407,5.82660584582409,6.155900763443285,6.5038060256849075
0.002193,1.3416407864998738,1.383984105886073,1.427663816290407,6.5038060256849075,6.871373409872062,7.25971413529735
0.002183,1.3416407864998738,1.383984105886073,1.427663816290407,7.25971413529735,7.670002222629526,8.103478043179491
0.002175,1.3416407864998738,1.383984105886073,1.427663816290407,8.103478043179491,8.561452068755672,9.045308833445212
0.002107,1.3416407864998738,1.383984105886073,1.427663816290407,9.045308833445212,9.556511119298175,10.096604378568765
0.002237,1.3416407864998738,1.383984105886073,1.427663816290407,10.096604378568765,10.66722140588275,11.27008727445586
0.001384,1.3416407864998738,1.383984105886073,1.427663816290407,11.27008727445586,11.907024551286224,12.579958807087245
0.001258,1.3416407864998738,1.383984105886073,1.427663816290407,12.579958807087245,13.290924437618376,14.042070814012659
0.001207,1.3416407864998738,1.383984105886073,1.427663816290407,14.042070814012659,14.835668780694615,15.67411752053271
0.001117,1.3416407864998738,1.383984105886073,1.427663816290407,15.67411752053271,16.55995180798096,17.49584967213718
0.001005,1.3416407864998738,1.383984105886073,1.427663816290407,17.49584967213718,18.484640492884626,19.529313554592992
0.000922,1.3416407864998738,1.383984105886073,1.427663816290407,19.529313554592992,20.63302708323817,21.799117794261466
0.000841,1.3416407864998738,1.383984105886073,1.427663816290407,21.799117794261466,23.03111098003311,24.332731167416135
0.000795,1.3416407864998738,1.383984105886073,1.427663816290407,24.332731167416135,25.707913377650407,27.160815022597262
0.000759,1.3416407864998738,1.383984105886073,1.427663816290407,27.160815022597262,28.695828473309135,30.317594338921154
0.000672,1.3416407864998738,1.383984105886073,1.427663816290407,30.317594338921154,32.03101549600908,33.84127191082679
0.000641,1.3416407864998738,1.383984105886073,1.427663816290407,33.84127191082679,35.75383629923332,37.77449067165226
0.000586,1.3416407864998738,1.383984105886073,1.427663816290407,37.77449067165226,39.909343813081726,42.1648497509999
0.000548,1.3416407864998738,1.383984105886073,1.427663816290407,42.1648497509999,44.547827266997885,47.06548051112691
0.000487,1.3416407864998738,1.383984105886073,1.427663816290407,47.06548051112691,49.72542078128044,52.535689533454075
0.000464,1.3416407864998738,1.383984105886073,1.427663816290407,52.535689533454075,55.504782692447314,58.641676336502556
0.000452,1.3416407864998738,1.383984105886073,1.427663816290407,58.641676336502556,61.955853833530256,65.45733451095779
0.000384,1.3416407864998738,1.383984105886073,1.427663816290407,65.45733451095779,69.15670394587609,73.06514596705614
0.000271,1.3416407864998738,1.383984105886073,1.427663816290407,73.06514596705614,77.19447646558302,81.55717911632256
0.000257,1.3416407864998738,1.383984105886073,1.427663816290407,81.55717911632256,86.16644311821332,91.03620306747894
0.000302,1.3416407864998738,1.383984105886073,1.427663816290407,91.03620306747894,96.18118108430411,101.61693132033079
0.00026,1.3416407864998738,1.383984105886073,1.427663816290407,101.61693132033079,107.35988698152859,113.42741000859688
0.000226,1.3416407864998738,1.383984105886073,1.427663816290407,113.42741000859688,119.83784356509167,126.61056749195744
0.000216,1.3416407864998738,1.383984105886073,1.427663816290407,126.61056749195744,133.76605689611287,141.32594405021308
0.000253,1.3416407864998738,1.383984105886073,1.427663816290407,141.32594405021308,149.31308379072314,157.7516226120118
0.000207,1.3416407864998738,1.383984105886073,1.427663816290407,157.7516226120118,166.66707166534817,176.08638388349098
0.000177,1.3416407864998738,1.383984105886073,1.427663816290407,176.08638388349098,186.0380354640305,196.55211195782155
0.000183,1.3416407864998738,1.383984105886073,1.427663816290407,196.55211195782155,207.66039922276806,219.39647951792662
0.000183,1.3416407864998738,1.383984105886073,1.427663816290407,219.39647951792662,231.79583302844003,244.8959451282275
0.000143,1.3416407864998738,1.383984105886073,1.427663816290407,244.8959451282275,258.73641970470345,273.35909888812694
0.00015,1.3416407864998738,1.383984105886073,1.427663816290407,273.35909888812694,288.8081895475435,305.13039693573796
0.000131,1.3416407864998738,1.383984105886073,1.427663816290407,305.13039693573796,322.37506588723016,340.5943299961796
0.000132,1.3416407864998738,1.383984105886073,1.427663816290407,340.5943299961796,359.843269225189,380.18007642148444
0.000147,1.3416407864998738,1.383984105886073,1.427663816290407,380.18007642148444,401.66623324388144,424.3666960323934
0.000135,1.3416407864998738,1.383984105886073,1.427663816290407,424.3666960323934,448.35009218239543,473.6889276170203
0.000114,1.3416407864998738,1.383984105886073,1.427663816290407,473.6889276170203,500.45980598500944,528.7436602466912
0.00013,1.3416407864998738,1.383984105886073,1.427663816290407,528.7436602466912,558.6259973482117,590.1971567237096
9.2e-05,1.3416407864998738,1.383984105886073,1.427663816290407,590.1971567237096,623.5525834069318,658.7931165779523
0.000103,1.3416407864998738,1.383984105886073,1.427663816290407,658.7931165779523,696.0252944173212,735.3616761892738
0.000118,1.3416407864998738,1.383984105886073,1.427663816290407,735.3616761892738,776.9211825277038,820.8294549536521
9.3e-05,1.3416407864998738,1.383984105886073,1.427663816290407,820.8294549536521,867.2192357111913,916.2307690700113
9.2e-05,1.3416407864998738,1.383984105886073,1.427663816290407,916.2307690700113,968.0122253079195,1022.7201486550255
0.000101,1.3416407864998738,1.383984105886073,1.427663816290407,1022.7201486550255,1080.5199305538154,1141.5863096658716
7.5e-05,1.3416407864998738,1.383984105886073,1.427663816290407,1141.5863096658716,1206.1039001368388,1274.2677497166753
7.8e-05,1.3416407864998738,1.383984105886073,1.427663816290407,1274.2677497166753,1346.2839294224782,1422.370156526539
6.5e-05,1.3416407864998738,1.383984105886073,1.427663816290407,1422.370156526539,1502.7564527530292,1587.68583967315
6.1e-05,1.3416407864998738,1.383984105886073,1.427663816290407,1587.68583967315,1677.4150734010555,1772.2154208116622
5.9e-05,1.3416407864998738,1.383984105886073,1.427663816290407,1772.2154208116622,1872.373479626966,1978.1920448501505
4.8e-05,1.3416407864998738,1.383984105886073,1.427663816290407,1978.1920448501505,2089.991024166855,2208.1084050810155
4.8e-05,1.3416407864998738,1.383984105886073,1.427663816290407,2208.1084050810155,2332.9012767091076,2464.7469093218283
4.7e-05,1.3416407864998738,1.383984105886073,1.427663816290407,2464.7469093218283,2604.0438948968845,2751.213352130962
4.6e-05,1.3416407864998738,1.383984105886073,1.427663816290407,2751.213352130962,2906.7001995538217,3070.9745005933823
5e-05,1.3416407864998738,1.383984105886073,1.427663816290407,3070.9745005933823,3244.5328846581474,3427.9000485331494
2.9e-05,1.3416407864998738,1.383984105886073,1.427663816290407,3427.9000485331494,3621.630342628391,3826.309446875285
2.7e-05,1.3416407864998738,1.383984105886073,1.427663816290407,3826.309446875285,4042.556141337618,4271.024176889881
1.7e-05,1.3416407864998738,1.383984105886073,1.427663816290407,4271.024176889881,4512.404251618383,4767.426098920123
0.001443,1.427663816290407,1.472722095345126,1.5192024518442735,0.07999999999999999,0.08452125887808527,0.08929804002920383
0.001485,1.427663816290407,1.472722095345126,1.5192024518442735,0.08929804002920383,0.09434478448267444,0.09967674941321612
0.00142,1.427663816290407,1.472722095345126,1.5192024518442735,0.09967674941321612,0.10531005426600588,0.11126172948852864
0.001397,1.427663816290407,1.472722095345126,1.5192024518442735,0.11126172948852864,0.11754976801654278,0.12419317966981348
0.001459,1.427663816290407,1.472722095345126,1.5192024518442735,0.12419317966981348,0.13121204862206076,0.13862759411886386
0.001459,1.427663816290407,1.472722095345126,1.5192024518442735,0.13862759411886386,0.14646223462708277,0.15473965560973155
0.001435,1.427663816290407,1.472722095345126,1.5192024518442735,0.15473965560973155,0.1634848811311985,0.1727243495092878
0.001421,1.427663816290407,1.472722095345126,1.5192024518442735,0.1727243495092878,0.1824859932427924,0.1927993234562322
0.001369,1.427663816290407,1.472722095345126,1.5192024518442735,0.1927993234562322,0.20369551911704872,0.21520752129497553
0.001372,1.427663816290407,1.472722095345126,1.5192024518442735,0.21520752129497553,0.22737013274854592,0.24022012313980576
0.001353,1.427663816290407,1.472722095345126,1.5192024518442735,0.24022012313980576,0.25379634019531294,0.26813982714948303
0.001397,1.427663816290407,1.472722095345126,1.5192024518442735,0.26813982714948303,0.28329394682533116,0.2993045127277292
0.001338,1.427663816290407,1.472722095345126,1.5192024518442735,0.2993045127277292,0.31621992754549455,0.3340913294810264
0.00133,1.427663816290407,1.472722095345126,1.5192024518442735,0.3340913294810264,0.3529727468498688,0.37292126141758264
0.001371,1.427663816290407,1.472722095345126,1.5192024518442735,0.37292126141758264,0.3939971809677202,0.41626422162260607
0.001326,1.427663816290407,1.472722095345126,1.5192024518442735,0.41626422162260607,0.4397897004681118,0.46464473906476067
0.001337,1.427663816290407,1.472722095345126,1.5192024518442735,0.46464473906476067,0.4909044784604127,0.5186483063545496
0.001305,1.427663816290407,1.472722095345126,1.5192024518442735,0.5186483063545496,0.547960097100917,0.5789284652740918
0.001309,1.427663816290407,1.472722095345126,1.5192024518442735,0.5789284652740918,0.6116470335665513,0.6462147158261423
0.001271,1.427663816290407,1.472722095345126,1.5192024518442735,0.6462147158261423,0.6827360160896209,0.7213213445162929
0.001245,1.427663816290407,1.472722095345126,1.5192024518442735,0.7213213445162929,0.7620873511768764,0.805157278706688
0.001301,1.427663816290407,1.472722095345126,1.5192024518442735,0.805157278706688,0.8506613348892827,0.8987370862969332
0.001266,1.427663816290407,1.472722095345126,1.5192024518442735,0.8987370862969332,0.9495298741779894,1.0031932538484196
0.001299,1.427663816290407,1.472722095345126,1.5192024518442735,1.0031932538484196,1.0598894589158872,1.1197898917397926
0.001244,1.427663816290407,1.472722095345126,1.5192024518442735,1.1197898917397926,1.183075641610026,1.249938032210973
0.001256,1.427663816290407,1.472722095345126,1.5192024518442735,1.249938032210973,1.3205792000258516,1.3952127054299968
0.001216,1.427663816290407,1.472722095345126,1.5192024518442735,1.3952127054299968,1.4740641783205308,1.5573720002342704
0.001253,1.427663816290407,1.472722095345126,1.5192024518442735,1.5573720002342704,1.6453880250160273,1.7383783402160131
0.001232,1.427663816290407,1.472722095345126,1.5192024518442735,1.7383783402160131,1.8366240715181728,1.9404222326313807
0.002033,1.427663816290407,1.472722095345126,1.5192024518442735,1.9404222326313807,2.050086623212864,2.1659487775384263
0.002661,1.427663816290407,1.472722095345126,1.5192024518442735,2.1659487775384263,2.2883589667874706,2.417687257972894
0.002523,1.427663816290407,1.472722095345126,1.5192024518442735,2.417687257972894,2.5543246327171887,2.6986841692569943
0.002537,1.427663816290407,1.472722095345126,1.5192024518442735,2.6986841692569943,2.851202291249511,3.0123400871561223
0.002519,1.427663816290407,1.472722095345126,1.5192024518442735,3.0123400871561223,3.1825847041919566,3.3624508210555346
0.002429,1.427663816290407,1.472722095345126,1.5192024518442735,3.3624508210555346,3.552482203890815,3.7532533501855805
0.002394,1.427663816290407,1.472722095345126,1.5192024518442735,3.7532533501855805,3.9653712255759532,4.189477098807692
0.002418,1.427663816290407,1.472722095345126,1.5192024518442735,4.189477098807692,4.42624848040168,4.676401170884524
0.002386,1.427663816290407,1.472722095345126,1.5192024518442735,4.676401170884524,4.940691424776398,5.219918236878273
0.002295,1.427663816290407,1.472722095345126,1.5192024518442735,5.219918236878273,5.514925757770336,5.82660584582409
0.002286,1.427663816290407,1.472722095345126,1.5192024518442735,5.82660584582409,6.155900763443285,6.5038060256849075
0.002273,1.427663816290407,1.472722095345126,1.5192024518442735,6.5038060256849075,6.871373409872062,7.25971413529735
0.002262,1.427663816290407,1.472722095345126,1.5192024518442735,7.25971413529735,7.670002222629526,8.103478043179491
0.002261,1.427663816290407,1.472722095345126,1.5192024518442735,8.103478043179491,8.561452068755672,9.045308833445212
0.002192,1.427663816290407,1.472722095345126,1.5192024518442735,9.045308833445212,9.556511119298175,10.096604378568765
0.002221,1.427663816290407,1.472722095345126,1.5192024518442735,10.096604378568765,10.66722140588275,11.27008727445586
0.001565,1.427663816290407,1.472722095345126,1.5192024518442735,11.27008727445586,11.907024551286224,12.579958807087245
0.001309,1.427663816290407,1.472722095345126,1.5192024518442735,12.579958807087245,13.290924437618376,14.042070814012659
0.00121,1.427663816290407,1.472722095345126,1.5192024518442735,14.042070814012659,14.835668780694615,15.67411752053271
0.001154,1.427663816290407,1.472722095345126,1.5192024518442735,15.67411752053271,16.55995180798096,17.49584967213718
0.001046,1.427663816290407,1.472722095345126,1.5192024518442735,17.49584967213718,18.484640492884626,19.529313554592992
0.001018,1.427663816290407,1.472722095345126,1.5192024518442735,19.529313554592992,20.63302708323817,21.799117794261466
0.000907,1.427663816290407,1.472722095345126,1.5192024518442735,21.799117794261466,23.03111098003311,24.332731167416135
0.000881,1.427663816290407,1.472722095345126,1.5192024518442735,24.332731167416135,25.707913377650407,27.160815022597262
0.000776,1.427663816290407,1.472722095345126,1.5192024518442735,27.160815022597262,28.695828473309135,30.317594338921154
0.000773,1.427663816290407,1.472722095345126,1.5192024518442735,30.317594338921154,32.03101549600908,33.84127191082679
0.000679,1.427663816290407,1.472722095345126,1.5192024518442735,33.84127191082679,35.75383629923332,37.77449067165226
0.000618,1.427663816290407,1.472722095345126,1.5192024518442735,37.77449067165226,39.909343813081726,42.1648497509999
0.000573,1.427663816290407,1.472722095345126,1.5192024518442735,42.1648497509999,44.547827266997885,47.06548051112691
0.000528,1.427663816290407,1.472722095345126,1.5192024518442735,47.06548051112691,49.72542078128044,52.535689533454075
0.000481,1.427663816290407,1.472722095345126,1.5192024518442735,52.535689533454075,55.504782692447314,58.641676336502556
0.000463,1.427663816290407,1.472722095345126,1.5192024518442735,58.641676336502556,61.955853833530256,65.45733451095779
0.00042,1.427663816290407,1.472722095345126,1.5192024518442735,65.45733451095779,69.15670394587609,73.06514596705614
0.000306,1.427663816290407,1.472722095345126,1.5192024518442735,73.06514596705614,77.19447646558302,81.55717911632256
0.000293,1.427663816290407,1.472722095345126,1.5192024518442735,81.55717911632256,86.16644311821332,91.03620306747894
0.00027,1.427663816290407,1.472722095345126,1.5192024518442735,91.03620306747894,96.18118108430411,101.61693132033079
0.000259,1.427663816290407,1.472722095345126,1.5192024518442735,101.61693132033079,107.35988698152859,113.42741000859688
0.000234,1.427663816290407,1.472722095345126,1.5192024518442735,113.42741000859688,119.83784356509167,126.61056749195744
0.000241,1.427663816290407,1.472722095345126,1.5192024518442735,126.61056749195744,133.76605689611287,141.32594405021308
0.000222,1.427663816290407,1.472722095345126,1.5192024518442735,141.32594405021308,149.31308379072314,157.7516226120118
0.000218,1.427663816290407,1.472722095345126,1.5192024518442735,157.7516226120118,166.66707166534817,176.08638388349098
0.000198,1.427663816290407,1.472722095345126,1.5192024518442735,176.08638388349098,186.0380354640305,196.55211195782155
0.000204,1.427663816290407,1.472722095345126,1.5192024518442735,196.55211195782155,207.66039922276806,219.39647951792662
0.000167,1.427663816290407,1.472722095345126,1.5192024518442735,219.39647951792662,231.79583302844003,244.8959451282275
0.000182,1.427663816290407,1.472722095345126,1.5192024518442735,244.8959451282275,258.73641970470345,273.35909888812694
0.000171,1.427663816290407,1.472722095345126,1.5192024518442735,273.35909888812694,288.8081895475435,305.13039693573796
0.000158,1.427663816290407,1.472722095345126,1.5192024518442735,305.13039693573796,322.37506588723016,340.5943299961796
0.000156,1.427663816290407,1.472722095345126,1.5192024518442735,340.5943299961796,359.843269225189,380.18007642148444
0.000151,1.427663816290407,1.472722095345126,1.5192024518442735,380.18007642148444,401.66623324388144,424.3666960323934
0.000139,1.427663816290407,1.472722095345126,1.5192024518442735,424.3666960323934,448.35009218239543,473.6889276170203
0.00013,1.427663816290407,1.472722095345126,1.5192024518442735,473.6889276170203,500.45980598500944,528.7436602466912
0.000126,1.427663816290407,1.472722095345126,1.5192024518442735,528.7436602466912,558.6259973482117,590.1971567237096
0.000128,1.427663816290407,1.472722095345126,1.5192024518442735,590.1971567237096,623.5525834069318,658.7931165779523
0.000118,1.427663816290407,1.472722095345126,1.5192024518442735,658.7931165779523,696.0252944173212,735.3616761892738
0.000111,1.427663816290407,1.472722095345126,1.5192024518442735,735.3616761892738,776.9211825277038,820.8294549536521
9.6e-05,1.427663816290407,1.472722095345126,1.5192024518442735,820.8294549536521,867.2192357111913,916.2307690700113
9.5e-05,1.427663816290407,1.472722095345126,1.5192024518442735,916.2307690700113,968.0122253079195,1022.7201486550255
8.5e-05,1.427663816290407,1.472722095345126,1.5192024518442735,1022.7201486550255,1080.5199305538154,1141.5863096658716
9.2e-05,1.427663816290407,1.472722095345126,1.5192024518442735,1141.5863096658716,1206.1039001368388,1274.2677497166753
7.8e-05,1.427663816290407,1.472722095345126,1.5192024518442735,1274.2677497166753,1346.2839294224782,1422.370156526539
8.2e-05,1.427663816290407,1.472722095345126,1.5192024518442735,1422.370156526539,1502.7564527530292,1587.68583967315
6.8e-05,1.427663816290407,1.472722095345126,1.5192024518442735,1587.68583967315,1677.4150734010555,1772.2154208116622
5.6e-05,1.427663816290407,1.472722095345126,1.5192024518442735,1772.2154208116622,1872.373479626966,1978.1920448501505
5.5e-05,1.427663816290407,1.472722095345126,1.5192024518442735,1978.1920448501505,2089.991024166855,2208.1084050810155
6.3e-05,1.427663816290407,1.472722095345126,1.5192024518442735,2208.1084050810155,2332.9012767091076,2464.7469093218283
4.4e-05,1.427663816290407,1.472722095345126,1.5192024518442735,2464.7469093218283,2604.0438948968845,2751.213352130962
4.4e-05,1.427663816290407,1.472722095345126,1.5192024518442735,2751.213352130962,2906.7001995538217,3070.9745005933823
3.2e-05,1.427663816290407,1.472722095345126,1.5192024518442735,3070.9745005933823,3244.5328846581474,3427.9000485331494
3.1e-05,1.427663816290407,1.472722095345126,1.5192024518442735,3427.9000485331494,3621.630342628391,3826.309446875285
3.7e-05,1.427663816290407,1.472722095345126,1.5192024518442735,3826.309446875285,4042.556141337618,4271.024176889881
2.2e-05,1.427663816290407,1.472722095345126,1.5192024518442735,4271.024176889881,4512.404251618383,4767.426098920123
0.001499,1.5192024518442735,1.5671497677562773,1.6166103415624973,0.07999999999999999,0.08452125887808527,0.08929804002920383
0.001417,1.5192024518442735,1.5671497677562773,1.6166103415624973,0.08929804002920383,0.09434478448267444,0.09967674941321612
0.001483,1.5192024518442735,1.5671497677562773,1.6166103415624973,0.09967674941321612,0.10531005426600588,0.11126172948852864
0.001457,1.5192024518442735,1.5671497677562773,1.6166103415624973,0.11126172948852864,0.11754976801654278,0.12419317966981348
0.001414,1.5192024518442735,1.5671497677562773,1.6166103415624973,0.12419317966981348,0.13121204862206076,0.13862759411886386
0.001457,1.5192024518442735,1.5671497677562773,1.6166103415624973,0.13862759411886386,0.14646223462708277,0.15473965560973155
0.001401,1.5192024518442735,1.5671497677562773,1.6166103415624973,0.15473965560973155,0.1634848811311985,0.1727243495092878
0.001397,1.5192024518442735,1.5671497677562773,1.6166103415624973,0.1727243495092878,0.1824859932427924,0.1927993234562322
0.00149,1.5192024518442735,1.5671497677562773,1.6166103415624973,0.1927993234562322,0.20369551911704872,0.21520752129497553
0.001378,1.5192024518442735,1.5671497677562773,1.6166103415624973,0.21520752129497553,0.22737013274854592,0.24022012313980576
0.001457,1.5192024518442735,1.5671497677562773,1.6166103415624973,0.24022012313980576,0.25379634019531294,0.26813982714948303
0.001369,1.5192024518442735,1.5671497677562773,1.6166103415624973,0.26813982714948303,0.28329394682533116,0.2993045127277292
0.001434,1.5192024518442735,1.5671497677562773,1.6166103415624973,0.2993045127277292,0.31621992754549455,0.3340913294810264
0.001385,1.5192024518442735,1.5671497677562773,1.6166103415624973,0.3340913294810264,0.3529727468498688,0.37292126141758264
0.001467,1.5192024518442735,1.5671497677562773,1.6166103415624973,0.37292126141758264,0.3939971809677202,0.41626422162260607
0.00142,1.5192024518442735,1.5671497677562773,1.6166103415624973,0.41626422162260607,0.4397897004681118,0.46464473906476067
0.001353,1.5192024518442735,1.5671497677562773,1.6166103415624973,0.46464473906476067,0.4909044784604127,0.5186483063545496
0.001348,1.5192024518442735,1.5671497677562773,1.6166103415624973,0.5186483063545496,0.547960097100917,0.5789284652740918
0.001394,1.5192024518442735,1.5671497677562773,1.6166103415624973,0.5789284652740918,0.6116470335665513,0.6462147158261423
0.001274,1.5192024518442735,1.5671497677562773,1.6166103415624973,0.6462147158261423,0.6827360160896209,0.7213213445162929
0.001333,1.5192024518442735,1.5671497677562773,1.6166103415624973,0.7213213445162929,0.7620873511768764,0.805157278706688
0.001343,1.5192024518442735,1.5671497677562773,1.6166103415624973,0.805157278706688,0.8506613348892827,0.8987370862969332
0.001307,1.5192024518442735,1.5671497677562773,1.6166103415624973,0.8987370862969332,0.9495298741779894,1.0031932538484196
0.001347,1.5192024518442735,1.5671497677562773,1.6166103415624973,1.0031932538484196,1.0598894589158872,1.1197898917397926
0.001311,1.5192024518442735,1.5671497677562773,1.6166103415624973,1.1197898917397926,1.183075641610026,1.249938032210973
0.001316,1.5192024518442735,1.5671497677562773,1.6166103415624973,1.249938032210973,1.3205792000258516,1.3952127054299968
0.001301,1.5192024518442735,1.5671497677562773,1.6166103415624973,1.3952127054299968,1.4740641783205308,1.5573720002342704
0.001351,1.5192024518442735,1.5671497677562773,1.6166103415624973,1.5573720002342704,1.6453880250160273,1.7383783402160131
0.001262,1.5192024518442735,1.5671497677562773,1.6166103415624973,1.7383783402160131,1.8366240715181728,1.9404222326313807
0.001984,1.5192024518442735,1.5671497677562773,1.6166103415624973,1.9404222326313807,2.050086623212864,2.1659487775384263
0.002735,1.5192024518442735,1.5671497677562773,1.6166103415624973,2.1659487775384263,2.2883589667874706,2.417687257972894
0.00261,1.5192024518442735,1.5671497677562773,1.6166103415624973,2.417687257972894,2.5543246327171887,2.6986841692569943
0.002669,1.5192024518442735,1.5671497677562773,1.6166103415624973,2.6986841692569943,2.851202291249511,3.0123400871561223
0.002623,1.5192024518442735,1.5671497677562773,1.6166103415624973,3.0123400871561223,3.1825847041919566,3.3624508210555346
0.002565,1.5192024518442735,1.5671497677562773,1.6166103415624973,3.3624508210555346,3.552482203890815,3.7532533501855805
0.002438,1.5192024518442735,1.5671497677562773,1.6166103415624973,3.7532533501855805,3.9653712255759532,4.189477098807692
0.002434,1.5192024518442735,1.5671497677562773,1.6166103415624973,4.189477098807692,4.42624848040168,4.676401170884524
0.002438,1.5192024518442735,1.5671497677562773,1.6166103415624973,4.676401170884524,4.940691424776398,5.219918236878273
0.002362,1.5192024518442735,1.5671497677562773,1.6166103415624973,5.219918236878273,5.514925757770336,5.82660584582409
0.002338,1.5192024518442735,1.5671497677562773,1.6166103415624973,5.82660584582409,6.155900763443285,6.5038060256849075
0.002369,1.5192024518442735,1.5671497677562773,1.6166103415624973,6.5038060256849075,6.871373409872062,7.25971413529735
0.002351,1.5192024518442735,1.5671497677562773,1.6166103415624973,7.25971413529735,7.670002222629526,8.103478043179491
0.002283,1.5192024518442735,1.5671497677562773,1.6166103415624973,8.103478043179491,8.561452068755672,9.045308833445212
0.00225,1.5192024518442735,1.5671497677562773,1.6166103415624973,9.045308833445212,9.556511119298175,10.096604378568765
0.002262,1.5192024518442735,1.5671497677562773,1.6166103415624973,10.096604378568765,10.66722140588275,11.27008727445586
0.001572,1.5192024518442735,1.5671497677562773,1.6166103415624973,11.27008727445586,11.907024551286224,12.579958807087245
0.001373,1.5192024518442735,1.5671497677562773,1.6166103415624973,12.579958807087245,13.290924437618376,14.042070814012659
0.001335,1.5192024518442735,1.5671497677562773,1.6166103415624973,14.042070814012659,14.835668780694615,15.67411752053271
0.001167,1.5192024518442735,1.5671497677562773,1.6166103415624973,15.67411752053271,16.55995180798096,17.49584967213718
0.001059,1.5192024518442735,1.5671497677562773,1.6166103415624973,17.49584967213718,18.484640492884626,19.529313554592992
0.001086,1.5192024518442735,1.5671497677562773,1.6166103415624973,19.529313554592992,20.63302708323817,21.799117794261466
0.000973,1.5192024518442735,1.5671497677562773,1.6166103415624973,21.799117794261466,23.03111098003311,24.332731167416135
0.00088,1.5192024518442735,1.5671497677562773,1.6166103415624973,24.332731167416135,25.707913377650407,27.160815022597262
0.000817,1.5192024518442735,1.5671497677562773,1.6166103415624973,27.160815022597262,28.695828473309135,30.317594338921154
0.000788,1.5192024518442735,1.5671497677562773,1.6166103415624973,30.317594338921154,32.03101549600908,33.84127191082679
0.00069,1.5192024518442735,1.5671497677562773,1.6166103415624973,33.84127191082679,35.75383629923332,37.77449067165226
0.000649,1.5192024518442735,1.5671497677562773,1.6166103415624973,37.77449067165226,39.909343813081726,42.1648497509999
0.000646,1.5192024518442735,1.5671497677562773,1.6166103415624973,42.1648497509999,44.547827266997885,47.06548051112691
0.000568,1.5192024518442735,1.5671497677562773,1.6166103415624973,47.06548051112691,49.72542078128044,52.535689533454075
0.000482,1.5192024518442735,1.5671497677562773,1.6166103415624973,52.535689533454075,55.504782692447314,58.641676336502556
0.000452,1.5192024518442735,1.5671497677562773,1.6166103415624973,58.641676336502556,61.955853833530256,65.45733451095779
0.000438,1.5192024518442735,1.5671497677562773,1.6166103415624973,65.45733451095779,69.15670394587609,73.06514596705614
0.00033,1.5192024518442735,1.5671497677562773,1.6166103415624973,73.06514596705614,77.19447646558302,81.55717911632256
0.000306,1.5192024518442735,1.5671497677562773,1.6166103415624973,81.55717911632256,86.16644311821332,91.03620306747894
0.000302,1.5192024518442735,1.5671497677562773,1.6166103415624973,91.03620306747894,96.18118108430411,101.61693132033079
0.000299,1.5192024518442735,1.5671497677562773,1.6166103415624973,101.61693132033079,107.35988698152859,113.42741000859688
0.000266,1.5192024518442735,1.5671497677562773,1.6166103415624973,113.42741000859688,119.83784356509167,126.61056749195744
0.00026,1.5192024518442735,1.5671497677562773,1.6166103415624973,126.61056749195744,133.76605689611287,141.32594405021308
0.000235,1.5192024518442735,1.5671497677562773,1.6166103415624973,141.32594405021308,149.31308379072314,157.7516226120118
0.000211,1.5192024518442735,1.5671497677562773,1.6166103415624973,157.7516226120118,166.66707166534817,176.08638388349098
0.000225,1.5192024518442735,1.5671497677562773,1.6166103415624973,176.08638388349098,186.0380354640305,196.55211195782155
0.00022,1.5192024518442735,1.5671497677562773,1.6166103415624973,196.55211195782155,207.66039922276806,219.39647951792662
0.000215,1.5192024518442735,1.5671497677562773,1.6166103415624973,219.39647951792662,231.79583302844003,244.8959451282275
0.000215,1.5192024518442735,1.5671497677562773,1.6166103415624973,244.8959451282275,258.73641970470345,273.35909888812694
0.000186,1.5192024518442735,1.5671497677562773,1.6166103415624973,273.35909888812694,288.8081895475435,305.13039693573796
0.000183,1.5192024518442735,1.5671497677562773,1.6166103415624973,305.13039693573796,322.37506588723016,340.5943299961796
0.000149,1.5192024518442735,1.5671497677562773,1.6166103415624973,340.5943299961796,359.843269225189,380.18007642148444
0.000167,1.5192024518442735,1.5671497677562773,1.6166103415624973,380.18007642148444,401.66623324388144,424.3666960323934
0.000163,1.5192024518442735,1.5671497677562773,1.6166103415624973,424.3666960323934,448.35009218239543,473.6889276170203
0.000154,1.5192024518442735,1.5671497677562773,1.6166103415624973,473.6889276170203,500.45980598500944,528.7436602466912
0.000138,1.5192024518442735,1.5671497677562773,1.6166103415624973,528.7436602466912,558.6259973482117,590.1971567237096
0.000114,1.5192024518442735,1.5671497677562773,1.6166103415624973,590.1971567237096,623.5525834069318,658.7931165779523
0.000124,1.5192024518442735,1.5671497677562773,1.6166103415624973,658.7931165779523,696.0252944173212,735.3616761892738
0.000117,1.5192024518442735,1.5671497677562773,1.6166103415624973,735.3616761892738,776.9211825277038,820.8294549536521
9.9e-05,1.5192024518442735,1.5671497677562773,1.6166103415624973,820.8294549536521,867.2192357111913,916.2307690700113
9.2e-05,1.5192024518442735,1.5671497677562773,1.6166103415624973,916.2307690700113,968.0122253079195,1022.7201486550255
9.3e-05,1.5192024518442735,1.5671497677562773,1.6166103415624973,1022.7201486550255,1080.5199305538154,1141.5863096658716
9.1e-05,1.5192024518442735,1.5671497677562773,1.6166103415624973,1141.5863096658716,1206.1039001368388,1274.2677497166753
9e-05,1.5192024518442735,1.5671497677562773,1.6166103415624973,1274.2677497166753,1346.2839294224782,1422.370156526539
7.6e-05,1.5192024518442735,1.5671497677562773,1.6166103415624973,1422.370156526539,1502.7564527530292,1587.68583967315
7.7e-05,1.5192024518442735,1.5671497677562773,1.6166103415624973,1587.68583967315,1677.4150734010555,1772.2154208116622
7.9e-05,1.5192024518442735,1.5671497677562773,1.6166103415624973,1772.2154208116622,1872.373479626966,1978.1920448501505
7.1e-05,1.5192024518442735,1.5671497677562773,1.6166103415624973,1978.1920448501505,2089.991024166855,2208.1084050810155
3.4e-05,1.5192024518442735,1.5671497677562773,1.6166103415624973,2208.1084050810155,2332.9012767091076,2464.7469093218283
6.1e-05,1.5192024518442735,1.5671497677562773,1.6166103415624973,2464.7469093218283,2604.0438948968845,2751.213352130962
3.3e-05,1.5192024518442735,1.5671497677562773,1.6166103415624973,2751.213352130962,2906.7001995538217,3070.9745005933823
3.9e-05,1.5192024518442735,1.5671497677562773,1.6166103415624973,3070.9745005933823,3244.5328846581474,3427.9000485331494
4.1e-05,1.5192024518442735,1.5671497677562773,1.6166103415624973,3427.9000485331494,3621.630342628391,3826.309446875285
3.1e-05,1.5192024518442735,1.5671497677562773,1.6166103415624973,3826.309446875285,4042.556141337618,4271.024176889881
3.7e-05,1.5192024518442735,1.5671497677562773,1.6166103415624973,4271.024176889881,4512.404251618383,4767.426098920123
0.00154,1.6166103415624973,1.6676319329635718,1.7202638089967377,0.07999999999999999,0.08452125887808527,0.08929804002920383
0.001535,1.6166103415624973,1.6676319329635718,1.7202638089967377,0.08929804002920383,0.09434478448267444,0.09967674941321612
0.0015,1.6166103415624973,1.6676319329635718,1.7202638089967377,0.09967674941321612,0.10531005426600588,0.11126172948852864
0.001544,1.6166103415624973,1.6676319329635718,1.7202638089967377,0.11126172948852864,0.11754976801654278,0.12419317966981348
0.001399,1.6166103415624973,1.6676319329635718,1.7202638089967377,0.12419317966981348,0.13121204862206076,0.13862759411886386
0.001479,1.6166103415624973,1.6676319329635718,1.7202638089967377,0.13862759411886386,0.14646223462708277,0.15473965560973155
0.001508,1.6166103415624973,1.6676319329635718,1.7202638089967377,0.15473965560973155,0.1634848811311985,0.1727243495092878
0.00157,1.6166103415624973,1.6676319329635718,1.7202638089967377,0.1727243495092878,0.1824859932427924,0.1927993234562322
0.001429,1.6166103415624973,1.6676319329635718,1.7202638089967377,0.1927993234562322,0.20369551911704872,0.21520752129497553
0.001538,1.6166103415624973,1.6676319329635718,1.7202638089967377,0.21520752129497553,0.22737013274854592,0.24022012313980576
0.001444,1.6166103415624973,1.6676319329635718,1.7202638089967377,0.24022012313980576,0.25379634019531294,0.26813982714948303
0.001464,1.6166103415624973,1.6676319329635718,1.7202638089967377,0.26813982714948303,0.28329394682533116,0.2993045127277292
0.001443,1.6166103415624973,1.6676319329635718,1.7202638089967377,0.2993045127277292,0.31621992754549455,0.3340913294810264
0.001431,1.6166103415624973,1.6676319329635718,1.7202638089967377,0.3340913294810264,0.3529727468498688,0.37292126141758264
0.001378,1.6166103415624973,1.6676319329635718,1.7202638089967377,0.37292126141758264,0.3939971809677202,0.41626422162260607
0.001428,1.6166103415624973,1.6676319329635718,1.7202638089967377,0.41626422162260607,0.4397897004681118,0.46464473906476067
0.001371,1.6166103415624973,1.6676319329635718,1.7202638089967377,0.46464473906476067,0.4909044784604127,0.5186483063545496
0.00138,1.6166103415624973,1.6676319329635718,1.7202638089967377,0.5186483063545496,0.547960097100917,0.5789284652740918
0.001396,1.6166103415624973,1.6676319329635718,1.7202638089967377,0.5789284652740918,0.6116470335665513,0.6462147158261423
0.001405,1.6166103415624973,1.6676319329635718,1.7202638089967377,0.6462147158261423,0.6827360160896209,0.7213213445162929
0.001356,1.6166103415624973,1.6676319329635718,1.7202638089967377,0.7213213445162929,0.7620873511768764,0.805157278706688
0.00133,1.6166103415624973,1.6676319329635718,1.7202638089967377,0.805157278706688,0.8506613348892827,0.8987370862969332
0.001373,1.6166103415624973,1.6676319329635718,1.7202638089967377,0.8987370862969332,0.9495298741779894,1.0031932538484196
0.001344,1.6166103415624973,1.6676319329635718,1.7202638089967377,1.0031932538484196,1.0598894589158872,1.1197898917397926
0.001295,1.6166103415624973,1.6676319329635718,1.7202638089967377,1.1197898917397926,1.183075641610026,1.249938032210973
0.001275,1.6166103415624973,1.6676319329635718,1.7202638089967377,1.249938032210973,1.3205792000258516,1.3952127054299968
0.00132,1.6166103415624973,1.6676319329635718,1.7202638089967377,1.3952127054299968,1.4740641783205308,1.5573720002342704
0.001296,1.6166103415624973,1.6676319329635718,1.7202638089967377,1.5573720002342704,1.6453880250160273,1.7383783402160131
0.001239,1.6166103415624973,1.6676319329635718,1.7202638089967377,1.7383783402160131,1.8366240715181728,1.9404222326313807
0.002093,1.6166103415624973,1.6676319329635718,1.7202638089967377,1.9404222326313807,2.050086623212864,2.1659487775384263
0.002744,1.6166103415624973,1.6676319329635718,1.7202638089967377,2.1659487775384263,2.2883589667874706,2.417687257972894
0.002711,1.6166103415624973,1.6676319329635718,1.7202638089967377,2.417687257972894,2.5543246327171887,2.6986841692569943
0.002672,1.6166103415624973,1.6676319329635718,1.7202638089967377,2.6986841692569943,2.851202291249511,3.0123400871561223
0.002657,1.6166103415624973,1.6676319329635718,1.7202638089967377,3.0123400871561223,3.1825847041919566,3.3624508210555346
0.00261,1.6166103415624973,1.6676319329635718,1.7202638089967377,3.3624508210555346,3.552482203890815,3.7532533501855805
0.002493,1.6166103415624973,1.6676319329635718,1.7202638089967377,3.7532533501855805,3.9653712255759532,4.189477098807692
0.002406,1.6166103415624973,1.6676319329635718,1.7202638089967377,4.189477098807692,4.42624848040168,4.676401170884524
0.002463,1.6166103415624973,1.6676319329635718,1.7202638089967377,4.676401170884524,4.940691424776398,5.219918236878273
0.00255,1.6166103415624973,1.6676319329635718,1.7202638089967377,5.219918236878273,5.514925757770336,5.82660584582409
0.002525,1.6166103415624973,1.6676319329635718,1.7202638089967377,5.82660584582409,6.155900763443285,6.5038060256849075
0.002431,1.6166103415624973,1.6676319329635718,1.7202638089967377,6.5038060256849075,6.871373409872062,7.25971413529735
0.002349,1.6166103415624973,1.6676319329635718,1.7202638089967377,7.25971413529735,7.670002222629526,8.103478043179491
0.002329,1.6166103415624973,1.6676319329635718,1.7202638089967377,8.103478043179491,8.561452068755672,9.045308833445212
0.002279,1.6166103415624973,1.6676319329635718,1.7202638089967377,9.045308833445212,9.556511119298175,10.096604378568765
0.002281,1.6166103415624973,1.6676319329635718,1.7202638089967377,10.096604378568765,10.66722140588275,11.27008727445586
0.001659,1.6166103415624973,1.6676319329635718,1.7202638089967377,11.27008727445586,11.907024551286224,12.579958807087245
0.001513,1.6166103415624973,1.6676319329635718,1.7202638089967377,12.579958807087245,13.290924437618376,14.042070814012659
0.001357,1.6166103415624973,1.6676319329635718,1.7202638089967377,14.042070814012659,14.835668780694615,15.67411752053271
0.001296,1.6166103415624973,1.6676319329635718,1.7202638089967377,15.67411752053271,16.55995180798096,17.49584967213718
0.001165,1.6166103415624973,1.6676319329635718,1.7202638089967377,17.49584967213718,18.484640492884626,19.529313554592992
0.001083,1.6166103415624973,1.6676319329635718,1.7202638089967377,19.529313554592992,20.63302708323817,21.799117794261466
0.000996,1.6166103415624973,1.6676319329635718,1.7202638089967377,21.799117794261466,23.03111098003311,24.332731167416135
0.000954,1.6166103415624973,1.6676319329635718,1.7202638089967377,24.332731167416135,25.707913377650407,27.160815022597262
0.000843,1.6166103415624973,1.6676319329635718,1.7202638089967377,27.160815022597262,28.695828473309135,30.317594338921154
0.000808,1.6166103415624973,1.6676319329635718,1.7202638089967377,30.317594338921154,32.03101549600908,33.84127191082679
0.000725,1.6166103415624973,1.6676319329635718,1.7202638089967377,33.84127191082679,35.75383629923332,37.77449067165226
0.000738,1.6166103415624973,1.6676319329635718,1.7202638089967377,37.77449067165226,39.909343813081726,42.1648497509999
0.000642,1.6166103415624973,1.6676319329635718,1.7202638089967377,42.1648497509999,44.547827266997885,47.06548051112691
0.000549,1.6166103415624973,1.6676319329635718,1.7202638089967377,47.06548051112691,49.72542078128044,52.535689533454075
0.000557,1.6166103415624973,1.6676319329635718,1.7202638089967377,52.535689533454075,55.504782692447314,58.641676336502556
0.000528,1.6166103415624973,1.6676319329635718,1.7202638089967377,58.641676336502556,61.955853833530256,65.45733451095779
0.00045,1.6166103415624973,1.6676319329635718,1.7202638089967377,65.45733451095779,69.15670394587609,73.06514596705614
0.000309,1.6166103415624973,1.6676319329635718,1.7202638089967377,73.06514596705614,77.19447646558302,81.55717911632256
0.000351,1.6166103415624973,1.6676319329635718,1.7202638089967377,81.55717911632256,86.16644311821332,91.03620306747894
0.0003,1.6166103415624973,1.6676319329635718,1.7202638089967377,91.03620306747894,96.18118108430411,101.61693132033079
0.000285,1.6166103415624973,1.6676319329635718,1.7202638089967377,101.61693132033079,107.35988698152859,113.42741000859688
0.000282,1.6166103415624973,1.6676319329635718,1.7202638089967377,113.42741000859688,119.83784356509167,126.61056749195744
0.000267,1.6166103415624973,1.6676319329635718,1.7202638089967377,126.61056749195744,133.76605689611287,141.32594405021308
0.00025,1.6166103415624973,1.6676319329635718,1.7202638089967377,141.32594405021308,149.31308379072314,157.7516226120118
0.000278,1.6166103415624973,1.6676319329635718,1.7202638089967377,157.7516226120118,166.66707166534817,176.08638388349098
0.000211,1.6166103415624973,1.6676319329635718,1.7202638089967377,176.08638388349098,186.0380354640305,196.55211195782155
0.000215,1.6166103415624973,1.6676319329635718,1.7202638089967377,196.55211195782155,207.66039922276806,219.39647951792662
0.000212,1.6166103415624973,1.6676319329635718,1.7202638089967377,219.39647951792662,231.79583302844003,244.8959451282275
0.000199,1.6166103415624973,1.6676319329635718,1.7202638089967377,244.8959451282275,258.73641970470345,273.35909888812694
0.000191,1.6166103415624973,1.6676319329635718,1.7202638089967377,273.35909888812694,288.8081895475435,305.13039693573796
0.000174,1.6166103415624973,1.6676319329635718,1.7202638089967377,305.13039693573796,322.37506588723016,340.5943299961796
0.000181,1.6166103415624973,1.6676319329635718,1.7202638089967377,340.5943299961796,359.843269225189,380.18007642148444
0.000166,1.6166103415624973,1.6676319329635718,1.7202638089967377,380.18007642148444,401.66623324388144,424.3666960323934
0.000146,1.6166103415624973,1.6676319329635718,1.7202638089967377,424.3666960323934,448.35009218239543,473.6889276170203
0.000159,1.6166103415624973,1.6676319329635718,1.7202638089967377,473.6889276170203,500.45980598500944,528.7436602466912
0.000146,1.6166103415624973,1.6676319329635718,1.7202638089967377,528.7436602466912,558.6259973482117,590.1971567237096
0.00014,1.6166103415624973,1.6676319329635718,1.7202638089967377,590.1971567237096,623.5525834069318,658.7931165779523
0.000111,1.6166103415624973,1.6676319329635718,1.7202638089967377,658.7931165779523,696.0252944173212,735.3616761892738
0.000103,1.6166103415624973,1.6676319329635718,1.7202638089967377,735.3616761892738,776.9211825277038,820.8294549536521
0.000128,1.6166103415624973,1.6676319329635718,1.7202638089967377,820.8294549536521,867.2192357111913,916.2307690700113
0.000107,1.6166103415624973,1.6676319329635718,1.7202638089967377,916.2307690700113,968.0122253079195,1022.7201486550255
8.5e-05,1.6166103415624973,1.6676319329635718,1.7202638089967377,1022.7201486550255,1080.5199305538154,1141.5863096658716
9e-05,1.6166103415624973,1.6676319329635718,1.7202638089967377,1141.5863096658716,1206.1039001368388,1274.2677497166753
9.1e-05,1.6166103415624973,1.6676319329635718,1.7202638089967377,1274.2677497166753,1346.2839294224782,1422.370156526539
7.8e-05,1.6166103415624973,1.6676319329635718,1.7202638089967377,1422.370156526539,1502.7564527530292,1587.68583967315
9.4e-05,1.6166103415624973,1.6676319329635718,1.7202638089967377,1587.68583967315,1677.4150734010555,1772.2154208116622
8.2e-05,1.6166103415624973,1.6676319329635718,1.7202638089967377,1772.2154208116622,1872.373479626966,1978.1920448501505
7.1e-05,1.6166103415624973,1.6676319329635718,1.7202638089967377,1978.1920448501505,2089.991024166855,2208.1084050810155
5.4e-05,1.6166103415624973,1.6676319329635718,1.7202638089967377,2208.1084050810155,2332.9012767091076,2464.7469093218283
6.2e-05,1.6166103415624973,1.6676319329635718,1.7202638089967377,2464.7469093218283,2604.0438948968845,2751.213352130962
5.6e-05,1.6166103415624973,1.6676319329635718,1.7202638089967377,2751.213352130962,2906.7001995538217,3070.9745005933823
3.9e-05,1.6166103415624973,1.6676319329635718,1.7202638089967377,3070.9745005933823,3244.5328846581474,3427.9000485331494
4.1e-05,1.6166103415624973,1.6676319329635718,1.7202638089967377,3427.9000485331494,3621.630342628391,3826.309446875285
3.5e-05,1.6166103415624973,1.6676319329635718,1.7202638089967377,3826.309446875285,4042.556141337618,4271.024176889881
3.6e-05,1.6166103415624973,1.6676319329635718,1.7202638089967377,4271.024176889881,4512.404251618383,4767.426098920123
0.00156,1.7202638089967377,1.7745567916086484,1.8305633067296319,0.07999999999999999,0.08452125887808527,0.08929804002920383
0.001557,1.7202638089967377,1.7745567916086484,1.8305633067296319,0.08929804002920383,0.09434478448267444,0.09967674941321612
0.00156,1.7202638089967377,1.7745567916086484,1.8305633067296319,0.09967674941321612,0.10531005426600588,0.11126172948852864
0.001541,1.7202638089967377,1.7745567916086484,1.8305633067296319,0.11126172948852864,0.11754976801654278,0.12419317966981348
0.001593,1.7202638089967377,1.7745567916086484,1.8305633067296319,0.12419317966981348,0.13121204862206076,0.13862759411886386
0.001462,1.7202638089967377,1.7745567916086484,1.8305633067296319,0.13862759411886386,0.14646223462708277,0.15473965560973155
0.001617,1.7202638089967377,1.7745567916086484,1.8305633067296319,0.15473965560973155,0.1634848811311985,0.1727243495092878
0.001506,1.7202638089967377,1.7745567916086484,1.8305633067296319,0.1727243495092878,0.1824859932427924,0.1927993234562322
0.001432,1.7202638089967377,1.7745567916086484,1.8305633067296319,0.1927993234562322,0.20369551911704872,0.21520752129497553
0.001536,1.7202638089967377,1.7745567916086484,1.8305633067296319,0.21520752129497553,0.22737013274854592,0.24022012313980576
0.001534,1.7202638089967377,1.7745567916086484,1.8305633067296319,0.24022012313980576,0.25379634019531294,0.26813982714948303
0.001467,1.7202638089967377,1.7745567916086484,1.8305633067296319,0.26813982714948303,0.28329394682533116,0.2993045127277292
0.001463,1.7202638089967377,1.7745567916086484,1.8305633067296319,0.2993045127277292,0.31621992754549455,0.3340913294810264
0.001544,1.7202638089967377,1.7745567916086484,1.8305633067296319,0.3340913294810264,0.3529727468498688,0.37292126141758264
0.00146,1.7202638089967377,1.7745567916086484,1.8305633067296319,0.37292126141758264,0.3939971809677202,0.41626422162260607
0.001445,1.7202638089967377,1.7745567916086484,1.8305633067296319,0.41626422162260607,0.4397897004681118,0.46464473906476067
0.001402,1.7202638089967377,1.7745567916086484,1.8305633067296319,0.46464473906476067,0.4909044784604127,0.5186483063545496
0.001408,1.7202638089967377,1.7745567916086484,1.8305633067296319,0.5186483063545496,0.547960097100917,0.5789284652740918
0.001416,1.7202638089967377,1.7745567916086484,1.8305633067296319,0.5789284652740918,0.6116470335665513,0.6462147158261423
0.001392,1.7202638089967377,1.7745567916086484,1.8305633067296319,0.6462147158261423,0.6827360160896209,0.7213213445162929
0.001436,1.7202638089967377,1.7745567916086484,1.8305633067296319,0.7213213445162929,0.7620873511768764,0.805157278706688
0.001332,1.7202638089967377,1.7745567916086484,1.8305633067296319,0.805157278706688,0.8506613348892827,0.8987370862969332
0.001415,1.7202638089967377,1.7745567916086484,1.8305633067296319,0.8987370862969332,0.9495298741779894,1.0031932538484196
0.001332,1.7202638089967377,1.7745567916086484,1.8305633067296319,1.0031932538484196,1.0598894589158872,1.1197898917397926
0.001364,1.7202638089967377,1.7745567916086484,1.8305633067296319,1.1197898917397926,1.183075641610026,1.249938032210973
0.00136,1.7202638089967377,1.7745567916086484,1.8305633067296319,1.249938032210973,1.3205792000258516,1.3952127054299968
0.001319,1.7202638089967377,1.7745567916086484,1.8305633067296319,1.3952127054299968,1.4740641783205308,1.5573720002342704
0.001316,1.7202638089967377,1.7745567916086484,1.8305633067296319,1.5573720002342704,1.6453880250160273,1.7383783402160131
0.001355,1.7202638089967377,1.7745567916086484,1.8305633067296319,1.7383783402160131,1.8366240715181728,1.9404222326313807
0.002196,1.7202638089967377,1.7745567916086484,1.8305633067296319,1.9404222326313807,2.050086623212864,2.1659487775384263
0.00282,1.7202638089967377,1.7745567916086484,1.8305633067296319,2.1659487775384263,2.2883589667874706,2.417687257972894
0.002823,1.7202638089967377,1.7745567916086484,1.8305633067296319,2.417687257972894,2.5543246327171887,2.6986841692569943
0.002749,1.7202638089967377,1.7745567916086484,1.8305633067296319,2.6986841692569943,2.851202291249511,3.0123400871561223
0.00265,1.7202638089967377,1.7745567916086484,1.8305633067296319,3.0123400871561223,3.1825847041919566,3.3624508210555346
0.00274,1.7202638089967377,1.7745567916086484,1.8305633067296319,3.3624508210555346,3.552482203890815,3.7532533501855805
0.002692,1.7202638089967377,1.7745567916086484,1.8305633067296319,3.7532533501855805,3.9653712255759532,4.189477098807692
0.002571,1.7202638089967377,1.7745567916086484,1.8305633067296319,4.189477098807692,4.42624848040168,4.676401170884524
0.002625,1.7202638089967377,1.7745567916086484,1.8305633067296319,4.676401170884524,4.940691424776398,5.219918236878273
0.002532,1.7202638089967377,1.7745567916086484,1.8305633067296319,5.219918236878273,5.514925757770336,5.82660584582409
0.002491,1.7202638089967377,1.7745567916086484,1.8305633067296319,5.82660584582409,6.155900763443285,6.5038060256849075
0.002468,1.7202638089967377,1.7745567916086484,1.8305633067296319,6.5038060256849075,6.871373409872062,7.25971413529735
0.002399,1.7202638089967377,1.7745567916086484,1.8305633067296319,7.25971413529735,7.670002222629526,8.103478043179491
0.002436,1.7202638089967377,1.7745567916086484,1.8305633067296319,8.103478043179491,8.561452068755672,9.045308833445212
0.002363,1.7202638089967377,1.7745567916086484,1.8305633067296319,9.045308833445212,9.556511119298175,10.096604378568765
0.002332,1.7202638089967377,1.7745567916086484,1.8305633067296319,10.096604378568765,10.66722140588275,11.27008727445586
0.001849,1.7202638089967377,1.7745567916086484,1.8305633067296319,11.27008727445586,11.907024551286224,12.579958807087245
0.001529,1.7202638089967377,1.7745567916086484,1.8305633067296319,12.579958807087245,13.290924437618376,14.042070814012659
0.001377,1.7202638089967377,1.7745567916086484,1.8305633067296319,14.042070814012659,14.835668780694615,15.67411752053271
0.001297,1.7202638089967377,1.7745567916086484,1.8305633067296319,15.67411752053271,16.55995180798096,17.49584967213718
0.001199,1.7202638089967377,1.7745567916086484,1.8305633067296319,17.49584967213718,18.484640492884626,19.529313554592992
0.001166,1.7202638089967377,1.7745567916086484,1.8305633067296319,19.529313554592992,20.63302708323817,21.799117794261466
0.001041,1.7202638089967377,1.7745567916086484,1.8305633067296319,21.799117794261466,23.03111098003311,24.332731167416135
0.001006,1.7202638089967377,1.7745567916086484,1.8305633067296319,24.332731167416135,25.707913377650407,27.160815022597262
0.000914,1.7202638089967377,1.7745567916086484,1.8305633067296319,27.160815022597262,28.695828473309135,30.317594338921154
0.000887,1.7202638089967377,1.7745567916086484,1.8305633067296319,30.317594338921154,32.03101549600908,33.84127191082679
0.000891,1.7202638089967377,1.7745567916086484,1.8305633067296319,33.84127191082679,35.75383629923332,37.77449067165226
0.000688,1.7202638089967377,1.7745567916086484,1.8305633067296319,37.77449067165226,39.909343813081726,42.1648497509999
0.000697,1.7202638089967377,1.7745567916086484,1.8305633067296319,42.1648497509999,44.547827266997885,47.06548051112691
0.00064,1.7202638089967377,1.7745567916086484,1.8305633067296319,47.06548051112691,49.72542078128044,52.535689533454075
0.000543,1.7202638089967377,1.7745567916086484,1.8305633067296319,52.535689533454075,55.504782692447314,58.641676336502556
0.000573,1.7202638089967377,1.7745567916086484,1.8305633067296319,58.641676336502556,61.955853833530256,65.45733451095779
0.000508,1.7202638089967377,1.7745567916086484,1.8305633067296319,65.45733451095779,69.15670394587609,73.06514596705614
0.000367,1.7202638089967377,1.7745567916086484,1.8305633067296319,73.06514596705614,77.19447646558302,81.55717911632256
0.000357,1.7202638089967377,1.7745567916086484,1.8305633067296319,81.55717911632256,86.16644311821332,91.03620306747894
0.000339,1.7202638089967377,1.7745567916086484,1.8305633067296319,91.03620306747894,96.18118108430411,101.61693132033079
0.000354,1.7202638089967377,1.7745567916086484,1.8305633067296319,101.61693132033079,107.35988698152859,113.42741000859688
0.000307,1.7202638089967377,1.7745567916086484,1.8305633067296319,113.42741000859688,119.83784356509167,126.61056749195744
0.000325,1.7202638089967377,1.7745567916086484,1.8305633067296319,126.61056749195744,133.76605689611287,141.32594405021308
0.000257,1.7202638089967377,1.7745567916086484,1.8305633067296319,141.32594405021308,149.31308379072314,157.7516226120118
0.000241,1.7202638089967377,1.7745567916086484,1.8305633067296319,157.7516226120118,166.66707166534817,176.08638388349098
0.00027,1.7202638089967377,1.7745567916086484,1.8305633067296319,176.08638388349098,186.0380354640305,196.55211195782155
0.000254,1.7202638089967377,1.7745567916086484,1.8305633067296319,196.55211195782155,207.66039922276806,219.39647951792662
0.000207,1.7202638089967377,1.7745567916086484,1.8305633067296319,219.39647951792662,231.79583302844003,244.8959451282275
0.000221,1.7202638089967377,1.7745567916086484,1.8305633067296319,244.8959451282275,258.73641970470345,273.35909888812694
0.000215,1.7202638089967377,1.7745567916086484,1.8305633067296319,273.35909888812694,288.8081895475435,305.13039693573796
0.000185,1.7202638089967377,1.7745567916086484,1.8305633067296319,305.13039693573796,322.37506588723016,340.5943299961796
0.000171,1.7202638089967377,1.7745567916086484,1.8305633067296319,340.5943299961796,359.843269225189,380.18007642148444
0.000179,1.7202638089967377,1.7745567916086484,1.8305633067296319,380.18007642148444,401.66623324388144,424.3666960323934
0.00015,1.7202638089967377,1.7745567916086484,1.8305633067296319,424.3666960323934,448.35009218239543,473.6889276170203
0.000155,1.7202638089967377,1.7745567916086484,1.8305633067296319,473.6889276170203,500.45980598500944,528.7436602466912
0.00016,1.7202638089967377,1.7745567916086484,1.8305633067296319,528.7436602466912,558.6259973482117,590.1971567237096
0.000144,1.7202638089967377,1.7745567916086484,1.8305633067296319,590.1971567237096,623.5525834069318,658.7931165779523
0.000154,1.7202638089967377,1.7745567916086484,1.8305633067296319,658.7931165779523,696.0252944173212,735.3616761892738
0.000108,1.7202638089967377,1.7745567916086484,1.8305633067296319,735.3616761892738,776.9211825277038,820.8294549536521
0.000121,1.7202638089967377,1.7745567916086484,1.8305633067296319,820.8294549536521,867.2192357111913,916.2307690700113
0.000115,1.7202638089967377,1.7745567916086484,1.8305633067296319,916.2307690700113,968.0122253079195,1022.7201486550255
0.000113,1.7202638089967377,1.7745567916086484,1.8305633067296319,1022.7201486550255,1080.5199305538154,1141.5863096658716
9.1e-05,1.7202638089967377,1.7745567916086484,1.8305633067296319,1141.5863096658716,1206.1039001368388,1274.2677497166753
0.000102,1.7202638089967377,1.7745567916086484,1.8305633067296319,1274.2677497166753,1346.2839294224782,1422.370156526539
9.6e-05,1.7202638089967377,1.7745567916086484,1.8305633067296319,1422.370156526539,1502.7564527530292,1587.68583967315
8.7e-05,1.7202638089967377,1.7745567916086484,1.8305633067296319,1587.68583967315,1677.4150734010555,1772.2154208116622
8.3e-05,1.7202638089967377,1.7745567916086484,1.8305633067296319,1772.2154208116622,1872.373479626966,1978.1920448501505
8.2e-05,1.7202638089967377,1.7745567916086484,1.8305633067296319,1978.1920448501505,2089.991024166855,2208.1084050810155
7.3e-05,1.7202638089967377,1.7745567916086484,1.8305633067296319,2208.1084050810155,2332.9012767091076,2464.7469093218283
7e-05,1.7202638089967377,1.7745567916086484,1.8305633067296319,2464.7469093218283,2604.0438948968845,2751.213352130962
7e-05,1.7202638089967377,1.7745567916086484,1.8305633067296319,2751.213352130962,2906.7001995538217,3070.9745005933823
5.1e-05,1.7202638089967377,1.7745567916086484,1.8305633067296319,3070.9745005933823,3244.5328846581474,3427.9000485331494
4.8e-05,1.7202638089967377,1.7745567916086484,1.8305633067296319,3427.9000485331494,3621.630342628391,3826.309446875285
2.7e-05,1.7202638089967377,1.7745567916086484,1.8305633067296319,3826.309446875285,4042.556141337618,4271.024176889881
4.5e-05,1.7202638089967377,1.7745567916086484,1.8305633067296319,4271.024176889881,4512.404251618383,4767.426098920123
0.001583,1.8305633067296319,1.8883374348967745,1.94793496347471,0.07999999999999999,0.08452125887808527,0.08929804002920383
0.001638,1.8305633067296319,1.8883374348967745,1.94793496347471,0.08929804002920383,0.09434478448267444,0.09967674941321612
0.001605,1.8305633067296319,1.8883374348967745,1.94793496347471,0.09967674941321612,0.10531005426600588,0.11126172948852864
0.001648,1.8305633067296319,1.8883374348967745,1.94793496347471,0.11126172948852864,0.11754976801654278,0.12419317966981348
0.001594,1.8305633067296319,1.8883374348967745,1.94793496347471,0.12419317966981348,0.13121204862206076,0.13862759411886386
0.001548,1.8305633067296319,1.8883374348967745,1.94793496347471,0.13862759411886386,0.14646223462708277,0.15473965560973155
0.001588,1.8305633067296319,1.8883374348967745,1.94793496347471,0.15473965560973155,0.1634848811311985,0.1727243495092878
0.001469,1.8305633067296319,1.8883374348967745,1.94793496347471,0.1727243495092878,0.1824859932427924,0.1927993234562322
0.001544,1.8305633067296319,1.8883374348967745,1.94793496347471,0.1927993234562322,0.20369551911704872,0.21520752129497553
0.00151,1.8305633067296319,1.8883374348967745,1.94793496347471,0.21520752129497553,0.22737013274854592,0.24022012313980576
0.001587,1.8305633067296319,1.8883374348967745,1.94793496347471,0.24022012313980576,0.25379634019531294,0.26813982714948303
0.001489,1.8305633067296319,1.8883374348967745,1.94793496347471,0.26813982714948303,0.28329394682533116,0.2993045127277292
0.001538,1.8305633067296319,1.8883374348967745,1.94793496347471,0.2993045127277292,0.31621992754549455,0.3340913294810264
0.001463,1.8305633067296319,1.8883374348967745,1.94793496347471,0.3340913294810264,0.3529727468498688,0.37292126141758264
0.001475,1.8305633067296319,1.8883374348967745,1.94793496347471,0.37292126141758264,0.3939971809677202,0.41626422162260607
0.001486,1.8305633067296319,1.8883374348967745,1.94793496347471,0.41626422162260607,0.4397897004681118,0.46464473906476067
0.001502,1.8305633067296319,1.8883374348967745,1.94793496347471,0.46464473906476067,0.4909044784604127,0.5186483063545496
0.001444,1.8305633067296319,1.8883374348967745,1.94793496347471,0.5186483063545496,0.547960097100917,0.5789284652740918
0.001519,1.8305633067296319,1.8883374348967745,1.94793496347471,0.5789284652740918,0.6116470335665513,0.6462147158261423
0.001409,1.8305633067296319,1.8883374348967745,1.94793496347471,0.6462147158261423,0.6827360160896209,0.7213213445162929
0.00143,1.8305633067296319,1.8883374348967745,1.94793496347471,0.7213213445162929,0.7620873511768764,0.805157278706688
0.001373,1.8305633067296319,1.8883374348967745,1.94793496347471,0.805157278706688,0.8506613348892827,0.8987370862969332
0.001429,1.8305633067296319,1.8883374348967745,1.94793496347471,0.8987370862969332,0.9495298741779894,1.0031932538484196
0.001401,1.8305633067296319,1.8883374348967745,1.94793496347471,1.0031932538484196,1.0598894589158872,1.1197898917397926
0.001319,1.8305633067296319,1.8883374348967745,1.94793496347471,1.1197898917397926,1.183075641610026,1.249938032210973
0.001351,1.8305633067296319,1.8883374348967745,1.94793496347471,1.249938032210973,1.3205792000258516,1.3952127054299968
0.00138,1.8305633067296319,1.8883374348967745,1.94793496347471,1.3952127054299968,1.4740641783205308,1.5573720002342704
0.001375,1.8305633067296319,1.8883374348967745,1.94793496347471,1.5573720002342704,1.6453880250160273,1.7383783402160131
0.001478,1.8305633067296319,1.8883374348967745,1.94793496347471,1.7383783402160131,1.8366240715181728,1.9404222326313807
0.002211,1.8305633067296319,1.8883374348967745,1.94793496347471,1.9404222326313807,2.050086623212864,2.1659487775384263
0.002838,1.8305633067296319,1.8883374348967745,1.94793496347471,2.1659487775384263,2.2883589667874706,2.417687257972894
0.002959,1.8305633067296319,1.8883374348967745,1.94793496347471,2.417687257972894,2.5543246327171887,2.6986841692569943
0.002731,1.8305633067296319,1.8883374348967745,1.94793496347471,2.6986841692569943,2.851202291249511,3.0123400871561223
0.002846,1.8305633067296319,1.8883374348967745,1.94793496347471,3.0123400871561223,3.1825847041919566,3.3624508210555346
0.00275,1.8305633067296319,1.8883374348967745,1.94793496347471,3.3624508210555346,3.552482203890815,3.7532533501855805
0.00275,1.8305633067296319,1.8883374348967745,1.94793496347471,3.7532533501855805,3.9653712255759532,4.189477098807692
0.002686,1.8305633067296319,1.8883374348967745,1.94793496347471,4.189477098807692,4.42624848040168,4.676401170884524
0.002633,1.8305633067296319,1.8883374348967745,1.94793496347471,4.676401170884524,4.940691424776398,5.219918236878273
0.002523,1.8305633067296319,1.8883374348967745,1.94793496347471,5.219918236878273,5.514925757770336,5.82660584582409
0.002596,1.8305633067296319,1.8883374348967745,1.94793496347471,5.82660584582409,6.155900763443285,6.5038060256849075
0.002469,1.8305633067296319,1.8883374348967745,1.94793496347471,6.5038060256849075,6.871373409872062,7.25971413529735
0.002539,1.8305633067296319,1.8883374348967745,1.94793496347471,7.25971413529735,7.670002222629526,8.103478043179491
0.002491,1.8305633067296319,1.8883374348967745,1.94793496347471,8.103478043179491,8.561452068755672,9.045308833445212
0.002438,1.8305633067296319,1.8883374348967745,1.94793496347471,9.045308833445212,9.556511119298175,10.096604378568765
0.002412,1.8305633067296319,1.8883374348967745,1.94793496347471,10.096604378568765,10.66722140588275,11.27008727445586
0.001895,1.8305633067296319,1.8883374348967745,1.94793496347471,11.27008727445586,11.907024551286224,12.579958807087245
0.001676,1.8305633067296319,1.8883374348967745,1.94793496347471,12.579958807087245,13.290924437618376,14.042070814012659
0.001517,1.8305633067296319,1.8883374348967745,1.94793496347471,14.042070814012659,14.835668780694615,15.67411752053271
0.001439,1.8305633067296319,1.8883374348967745,1.94793496347471,15.67411752053271,16.55995180798096,17.49584967213718
0.001346,1.8305633067296319,1.8883374348967745,1.94793496347471,17.49584967213718,18.484640492884626,19.529313554592992
0.001255,1.8305633067296319,1.8883374348967745,1.94793496347471,19.529313554592992,20.63302708323817,21.799117794261466
0.001125,1.8305633067296319,1.8883374348967745,1.94793496347471,21.799117794261466,23.03111098003311,24.332731167416135
0.001043,1.8305633067296319,1.8883374348967745,1.94793496347471,24.332731167416135,25.707913377650407,27.160815022597262
0.000963,1.8305633067296319,1.8883374348967745,1.94793496347471,27.160815022597262,28.695828473309135,30.317594338921154
0.000897,1.8305633067296319,1.8883374348967745,1.94793496347471,30.317594338921154,32.03101549600908,33.84127191082679
0.000829,1.8305633067296319,1.8883374348967745,1.94793496347471,33.84127191082679,35.75383629923332,37.77449067165226
0.000799,1.8305633067296319,1.8883374348967745,1.94793496347471,37.77449067165226,39.909343813081726,42.1648497509999
0.000732,1.8305633067296319,1.8883374348967745,1.94793496347471,42.1648497509999,44.547827266997885,47.06548051112691
0.00067,1.8305633067296319,1.8883374348967745,1.94793496347471,47.06548051112691,49.72542078128044,52.535689533454075
0.000586,1.8305633067296319,1.8883374348967745,1.94793496347471,52.535689533454075,55.504782692447314,58.641676336502556
0.000633,1.8305633067296319,1.8883374348967745,1.94793496347471,58.641676336502556,61.955853833530256,65.45733451095779
0.000505,1.8305633067296319,1.8883374348967745,1.94793496347471,65.45733451095779,69.15670394587609,73.06514596705614
0.000379,1.8305633067296319,1.8883374348967745,1.94793496347471,73.06514596705614,77.19447646558302,81.55717911632256
0.000385,1.8305633067296319,1.8883374348967745,1.94793496347471,81.55717911632256,86.16644311821332,91.03620306747894
0.000349,1.8305633067296319,1.8883374348967745,1.94793496347471,91.03620306747894,96.18118108430411,101.61693132033079
0.000369,1.8305633067296319,1.8883374348967745,1.94793496347471,101.61693132033079,107.35988698152859,113.42741000859688
0.000368,1.8305633067296319,1.8883374348967745,1.94793496347471,113.42741000859688,119.83784356509167,126.61056749195744
0.000301,1.8305633067296319,1.8883374348967745,1.94793496347471,126.61056749195744,133.76605689611287,141.32594405021308
0.000295,1.8305633067296319,1.8883374348967745,1.94793496347471,141.32594405021308,149.31308379072314,157.7516226120118
0.000271,1.8305633067296319,1.8883374348967745,1.94793496347471,157.7516226120118,166.66707166534817,176.08638388349098
0.000261,1.8305633067296319,1.8883374348967745,1.94793496347471,176.08638388349098,186.0380354640305,196.55211195782155
0.000247,1.8305633067296319,1.8883374348967745,1.94793496347471,196.55211195782155,207.66039922276806,219.39647951792662
0.000271,1.8305633067296319,1.8883374348967745,1.94793496347471,219.39647951792662,231.79583302844003,244.8959451282275
0.000244,1.8305633067296319,1.8883374348967745,1.94793496347471,244.8959451282275,258.73641970470345,273.35909888812694
0.000209,1.8305633067296319,1.8883374348967745,1.94793496347471,273.35909888812694,288.8081895475435,305.13039693573796
0.000214,1.8305633067296319,1.8883374348967745,1.94793496347471,305.13039693573796,322.37506588723016,340.5943299961796
0.000187,1.8305633067296319,1.8883374348967745,1.94793496347471,340.5943299961796,359.843269225189,380.18007642148444
0.000193,1.8305633067296319,1.8883374348967745,1.94793496347471,380.18007642148444,401.66623324388144,424.3666960323934
0.000176,1.8305633067296319,1.8883374348967745,1.94793496347471,424.3666960323934,448.35009218239543,473.6889276170203
0.000168,1.8305633067296319,1.8883374348967745,1.94793496347471,473.6889276170203,500.45980598500944,528.7436602466912
0.000175,1.8305633067296319,1.8883374348967745,1.94793496347471,528.7436602466912,558.6259973482117,590.1971567237096
0.000154,1.8305633067296319,1.8883374348967745,1.94793496347471,590.1971567237096,623.5525834069318,658.7931165779523
0.000159,1.8305633067296319,1.8883374348967745,1.94793496347471,658.7931165779523,696.0252944173212,735.3616761892738
0.000139,1.8305633067296319,1.8883374348967745,1.94793496347471,735.3616761892738,776.9211825277038,820.8294549536521
0.000148,1.8305633067296319,1.8883374348967745,1.94793496347471,820.8294549536521,867.2192357111913,916.2307690700113
0.000131,1.8305633067296319,1.8883374348967745,1.94793496347471,916.2307690700113,968.0122253079195,1022.7201486550255
9.4e-05,1.8305633067296319,1.8883374348967745,1.94793496347471,1022.7201486550255,1080.5199305538154,1141.5863096658716
0.000112,1.8305633067296319,1.8883374348967745,1.94793496347471,1141.5863096658716,1206.1039001368388,1274.2677497166753
9e-05,1.8305633067296319,1.8883374348967745,1.94793496347471,1274.2677497166753,1346.2839294224782,1422.370156526539
9.8e-05,1.8305633067296319,1.8883374348967745,1.94793496347471,1422.370156526539,1502.7564527530292,1587.68583967315
9.6e-05,1.8305633067296319,1.8883374348967745,1.94793496347471,1587.68583967315,1677.4150734010555,1772.2154208116622
0.000102,1.8305633067296319,1.8883374348967745,1.94793496347471,1772.2154208116622,1872.373479626966,1978.1920448501505
8.6e-05,1.8305633067296319,1.8883374348967745,1.94793496347471,1978.1920448501505,2089.991024166855,2208.1084050810155
9e-05,1.8305633067296319,1.8883374348967745,1.94793496347471,2208.1084050810155,2332.9012767091076,2464.7469093218283
7.2e-05,1.8305633067296319,1.8883374348967745,1.94793496347471,2464.7469093218283,2604.0438948968845,2751.213352130962
7.8e-05,1.8305633067296319,1.8883374348967745,1.94793496347471,2751.213352130962,2906.7001995538217,3070.9745005933823
6.1e-05,1.8305633067296319,1.8883374348967745,1.94793496347471,3070.9745005933823,3244.5328846581474,3427.9000485331494
5.4e-05,1.8305633067296319,1.8883374348967745,1.94793496347471,3427.9000485331494,3621.630342628391,3826.309446875285
4.3e-05,1.8305633067296319,1.8883374348967745,1.94793496347471,3826.309446875285,4042.556141337618,4271.024176889881
4.5e-05,1.8305633067296319,1.8883374348967745,1.94793496347471,4271.024176889881,4512.404251618383,4767.426098920123
0.001668,1.94793496347471,2.009413440524544,2.0728322303729243,0.07999999999999999,0.08452125887808527,0.08929804002920383
0.00164,1.94793496347471,2.009413440524544,2.0728322303729243,0.08929804002920383,0.09434478448267444,0.09967674941321612
0.00164,1.94793496347471,2.009413440524544,2.0728322303729243,0.09967674941321612,0.10531005426600588,0.11126172948852864
0.001581,1.94793496347471,2.009413440524544,2.0728322303729243,0.11126172948852864,0.11754976801654278,0.12419317966981348
0.00159,1.94793496347471,2.009413440524544,2.0728322303729243,0.12419317966981348,0.13121204862206076,0.13862759411886386
0.001622,1.94793496347471,2.009413440524544,2.0728322303729243,0.13862759411886386,0.14646223462708277,0.15473965560973155
0.00158,1.94793496347471,2.009413440524544,2.0728322303729243,0.15473965560973155,0.1634848811311985,0.1727243495092878
0.00153,1.94793496347471,2.009413440524544,2.0728322303729243,0.1727243495092878,0.1824859932427924,0.1927993234562322
0.001604,1.94793496347471,2.009413440524544,2.0728322303729243,0.1927993234562322,0.20369551911704872,0.21520752129497553
0.001652,1.94793496347471,2.009413440524544,2.0728322303729243,0.21520752129497553,0.22737013274854592,0.24022012313980576
0.001555,1.94793496347471,2.009413440524544,2.0728322303729243,0.24022012313980576,0.25379634019531294,0.26813982714948303
0.001562,1.94793496347471,2.009413440524544,2.0728322303729243,0.26813982714948303,0.28329394682533116,0.2993045127277292
0.001504,1.94793496347471,2.009413440524544,2.0728322303729243,0.2993045127277292,0.31621992754549455,0.3340913294810264
0.001557,1.94793496347471,2.009413440524544,2.0728322303729243,0.3340913294810264,0.3529727468498688,0.37292126141758264
0.001571,1.94793496347471,2.009413440524544,2.0728322303729243,0.37292126141758264,0.3939971809677202,0.41626422162260607
0.00155,1.94793496347471,2.009413440524544,2.0728322303729243,0.41626422162260607,0.4397897004681118,0.46464473906476067
0.001514,1.94793496347471,2.009413440524544,2.0728322303729243,0.46464473906476067,0.4909044784604127,0.5186483063545496
0.001532,1.94793496347471,2.009413440524544,2.0728322303729243,0.5186483063545496,0.547960097100917,0.5789284652740918
0.001491,1.94793496347471,2.009413440524544,2.0728322303729243,0.5789284652740918,0.6116470335665513,0.6462147158261423
0.00147,1.94793496347471,2.009413440524544,2.0728322303729243,0.6462147158261423,0.6827360160896209,0.7213213445162929
0.001429,1.94793496347471,2.009413440524544,2.0728322303729243,0.7213213445162929,0.7620873511768764,0.805157278706688
0.001444,1.94793496347471,2.009413440524544,2.0728322303729243,0.805157278706688,0.8506613348892827,0.8987370862969332
0.001418,1.94793496347471,2.009413440524544,2.0728322303729243,0.8987370862969332,0.9495298741779894,1.0031932538484196
0.001457,1.94793496347471,2.009413440524544,2.0728322303729243,1.0031932538484196,1.0598894589158872,1.1197898917397926
0.001458,1.94793496347471,2.009413440524544,2.0728322303729243,1.1197898917397926,1.183075641610026,1.249938032210973
0.001475,1.94793496347471,2.009413440524544,2.0728322303729243,1.249938032210973,1.3205792000258516,1.3952127054299968
0.001397,1.94793496347471,2.009413440524544,2.0728322303729243,1.3952127054299968,1.4740641783205308,1.5573720002342704
0.001415,1.94793496347471,2.009413440524544,2.0728322303729243,1.5573720002342704,1.6453880250160273,1.7383783402160131
0.001415,1.94793496347471,2.009413440524544,2.0728322303729243,1.7383783402160131,1.8366240715181728,1.9404222326313807
0.00219,1.94793496347471,2.009413440524544,2.0728322303729243,1.9404222326313807,2.050086623212864,2.1659487775384263
0.002934,1.94793496347471,2.009413440524544,2.0728322303729243,2.1659487775384263,2.2883589667874706,2.417687257972894
0.00294,1.94793496347471,2.009413440524544,2.0728322303729243,2.417687257972894,2.5543246327171887,2.6986841692569943
0.002857,1.94793496347471,2.009413440524544,2.0728322303729243,2.6986841692569943,2.851202291249511,3.0123400871561223
0.002844,1.94793496347471,2.009413440524544,2.0728322303729243,3.0123400871561223,3.1825847041919566,3.3624508210555346
0.00272,1.94793496347471,2.009413440524544,2.0728322303729243,3.3624508210555346,3.552482203890815,3.7532533501855805
0.002721,1.94793496347471,2.009413440524544,2.0728322303729243,3.7532533501855805,3.9653712255759532,4.189477098807692
0.002683,1.94793496347471,2.009413440524544,2.0728322303729243,4.189477098807692,4.42624848040168,4.676401170884524
0.002749,1.94793496347471,2.009413440524544,2.0728322303729243,4.676401170884524,4.940691424776398,5.219918236878273
0.002664,1.94793496347471,2.009413440524544,2.0728322303729243,5.219918236878273,5.514925757770336,5.82660584582409
0.00257,1.94793496347471,2.009413440524544,2.0728322303729243,5.82660584582409,6.155900763443285,6.5038060256849075
0.002582,1.94793496347471,2.009413440524544,2.0728322303729243,6.5038060256849075,6.871373409872062,7.25971413529735
0.002525,1.94793496347471,2.009413440524544,2.0728322303729243,7.25971413529735,7.670002222629526,8.103478043179491
0.002452,1.94793496347471,2.009413440524544,2.0728322303729243,8.103478043179491,8.561452068755672,9.045308833445212
0.002493,1.94793496347471,2.009413440524544,2.0728322303729243,9.045308833445212,9.556511119298175,10.096604378568765
0.002512,1.94793496347471,2.009413440524544,2.0728322303729243,10.096604378568765,10.66722140588275,11.27008727445586
0.002012,1.94793496347471,2.009413440524544,2.0728322303729243,11.27008727445586,11.907024551286224,12.579958807087245
0.001737,1.94793496347471,2.009413440524544,2.0728322303729243,12.579958807087245,13.290924437618376,14.042070814012659
0.001586,1.94793496347471,2.009413440524544,2.0728322303729243,14.042070814012659,14.835668780694615,15.67411752053271
0.001434,1.94793496347471,2.009413440524544,2.0728322303729243,15.67411752053271,16.55995180798096,17.49584967213718
0.001387,1.94793496347471,2.009413440524544,2.0728322303729243,17.49584967213718,18.484640492884626,19.529313554592992
0.001286,1.94793496347471,2.009413440524544,2.0728322303729243,19.529313554592992,20.63302708323817,21.799117794261466
0.001198,1.94793496347471,2.009413440524544,2.0728322303729243,21.799117794261466,23.03111098003311,24.332731167416135
0.001163,1.94793496347471,2.009413440524544,2.0728322303729243,24.332731167416135,25.707913377650407,27.160815022597262
0.001018,1.94793496347471,2.009413440524544,2.0728322303729243,27.160815022597262,28.695828473309135,30.317594338921154
0.000938,1.94793496347471,2.009413440524544,2.0728322303729243,30.317594338921154,32.03101549600908,33.84127191082679
0.000891,1.94793496347471,2.009413440524544,2.0728322303729243,33.84127191082679,35.75383629923332,37.77449067165226
0.00077,1.94793496347471,2.009413440524544,2.0728322303729243,37.77449067165226,39.909343813081726,42.1648497509999
0.000791,1.94793496347471,2.009413440524544,2.0728322303729243,42.1648497509999,44.547827266997885,47.06548051112691
0.000718,1.94793496347471,2.009413440524544,2.0728322303729243,47.06548051112691,49.72542078128044,52.535689533454075
0.00061,1.94793496347471,2.009413440524544,2.0728322303729243,52.535689533454075,55.504782692447314,58.641676336502556
0.000633,1.94793496347471,2.009413440524544,2.0728322303729243,58.641676336502556,61.955853833530256,65.45733451095779
0.000548,1.94793496347471,2.009413440524544,2.0728322303729243,65.45733451095779,69.15670394587609,73.06514596705614
0.000411,1.94793496347471,2.009413440524544,2.0728322303729243,73.06514596705614,77.19447646558302,81.55717911632256
0.000404,1.94793496347471,2.009413440524544,2.0728322303729243,81.55717911632256,86.16644311821332,91.03620306747894
0.000416,1.94793496347471,2.009413440524544,2.0728322303729243,91.03620306747894,96.18118108430411,101.61693132033079
0.000335,1.94793496347471,2.009413440524544,2.0728322303729243,101.61693132033079,107.35988698152859,113.42741000859688
0.00038,1.94793496347471,2.009413440524544,2.0728322303729243,113.42741000859688,119.83784356509167,126.61056749195744
0.000305,1.94793496347471,2.009413440524544,2.0728322303729243,126.61056749195744,133.76605689611287,141.32594405021308
0.000297,1.94793496347471,2.009413440524544,2.0728322303729243,141.32594405021308,149.31308379072314,157.7516226120118
0.000295,1.94793496347471,2.009413440524544,2.0728322303729243,157.7516226120118,166.66707166534817,176.08638388349098
0.000288,1.94793496347471,2.009413440524544,2.0728322303729243,176.08638388349098,186.0380354640305,196.55211195782155
0.000246,1.94793496347471,2.009413440524544,2.0728322303729243,196.55211195782155,207.66039922276806,219.39647951792662
0.000251,1.94793496347471,2.009413440524544,2.0728322303729243,219.39647951792662,231.79583302844003,244.8959451282275
0.00024,1.94793496347471,2.009413440524544,2.0728322303729243,244.8959451282275,258.73641970470345,273.35909888812694
0.000243,1.94793496347471,2.009413440524544,2.0728322303729243,273.35909888812694,288.8081895475435,305.13039693573796
0.000218,1.94793496347471,2.009413440524544,2.0728322303729243,305.13039693573796,322.37506588723016,340.5943299961796
0.000205,1.94793496347471,2.009413440524544,2.0728322303729243,340.5943299961796,359.843269225189,380.18007642148444
0.000209,1.94793496347471,2.009413440524544,2.0728322303729243,380.18007642148444,401.66623324388144,424.3666960323934
0.000194,1.94793496347471,2.009413440524544,2.0728322303729243,424.3666960323934,448.35009218239543,473.6889276170203
0.000189,1.94793496347471,2.009413440524544,2.0728322303729243,473.6889276170203,500.45980598500944,528.7436602466912
0.00015,1.94793496347471,2.009413440524544,2.0728322303729243,528.7436602466912,558.6259973482117,590.1971567237096
0.000163,1.94793496347471,2.009413440524544,2.0728322303729243,590.1971567237096,623.5525834069318,658.7931165779523
0.000164,1.94793496347471,2.009413440524544,2.0728322303729243,658.7931165779523,696.0252944173212,735.3616761892738
0.000139,1.94793496347471,2.009413440524544,2.0728322303729243,735.3616761892738,776.9211825277038,820.8294549536521
0.000143,1.94793496347471,2.009413440524544,2.0728322303729243,820.8294549536521,867.2192357111913,916.2307690700113
0.000126,1.94793496347471,2.009413440524544,2.0728322303729243,916.2307690700113,968.0122253079195,1022.7201486550255
0.000135,1.94793496347471,2.009413440524544,2.0728322303729243,1022.7201486550255,1080.5199305538154,1141.5863096658716
0.00011,1.94793496347471,2.009413440524544,2.0728322303729243,1141.5863096658716,1206.1039001368388,1274.2677497166753
0.000102,1.94793496347471,2.009413440524544,2.0728322303729243,1274.2677497166753,1346.2839294224782,1422.370156526539
0.000115,1.94793496347471,2.009413440524544,2.0728322303729243,1422.370156526539,1502.7564527530292,1587.68583967315
0.000121,1.94793496347471,2.009413440524544,2.0728322303729243,1587.68583967315,1677.4150734010555,1772.2154208116622
0.000104,1.94793496347471,2.009413440524544,2.0728322303729243,1772.2154208116622,1872.373479626966,1978.1920448501505
0.0001,1.94793496347471,2.009413440524544,2.0728322303729243,1978.1920448501505,2089.991024166855,2208.1084050810155
9e-05,1.94793496347471,2.009413440524544,2.0728322303729243,2208.1084050810155,2332.9012767091076,2464.7469093218283
7.8e-05,1.94793496347471,2.009413440524544,2.0728322303729243,2464.7469093218283,2604.0438948968845,2751.213352130962
6e-05,1.94793496347471,2.009413440524544,2.0728322303729243,2751.213352130962,2906.7001995538217,3070.9745005933823
7.7e-05,1.94793496347471,2.009413440524544,2.0728322303729243,3070.9745005933823,3244.5328846581474,3427.9000485331494
6.2e-05,1.94793496347471,2.009413440524544,2.0728322303729243,3427.9000485331494,3621.630342628391,3826.309446875285
5.6e-05,1.94793496347471,2.009413440524544,2.0728322303729243,3826.309446875285,4042.556141337618,4271.024176889881
6.3e-05,1.94793496347471,2.009413440524544,2.0728322303729243,4271.024176889881,4512.404251618383,4767.426098920123
0.001666,2.0728322303729243,2.138252570934922,2.2057376328460654,0.07999999999999999,0.08452125887808527,0.08929804002920383
0.00172,2.0728322303729243,2.138252570934922,2.2057376328460654,0.08929804002920383,0.09434478448267444,0.09967674941321612
0.001662,2.0728322303729243,2.138252570934922,2.2057376328460654,0.09967674941321612,0.10531005426600588,0.11126172948852864
0.001683,2.0728322303729243,2.138252570934922,2.2057376328460654,0.11126172948852864,0.11754976801654278,0.12419317966981348
0.00161,2.0728322303729243,2.138252570934922,2.2057376328460654,0.12419317966981348,0.13121204862206076,0.13862759411886386
0.001695,2.0728322303729243,2.138252570934922,2.2057376328460654,0.13862759411886386,0.14646223462708277,0.15473965560973155
0.001615,2.0728322303729243,2.138252570934922,2.2057376328460654,0.15473965560973155,0.1634848811311985,0.1727243495092878
0.001594,2.0728322303729243,2.138252570934922,2.2057376328460654,0.1727243495092878,0.1824859932427924,0.1927993234562322
0.001579,2.0728322303729243,2.138252570934922,2.2057376328460654,0.1927993234562322,0.20369551911704872,0.21520752129497553
0.001552,2.0728322303729243,2.138252570934922,2.2057376328460654,0.21520752129497553,0.22737013274854592,0.24022012313980576
0.001565,2.0728322303729243,2.138252570934922,2.2057376328460654,0.24022012313980576,0.25379634019531294,0.26813982714948303
0.001592,2.0728322303729243,2.138252570934922,2.2057376328460654,0.26813982714948303,0.28329394682533116,0.2993045127277292
0.001552,2.0728322303729243,2.138252570934922,2.2057376328460654,0.2993045127277292,0.31621992754549455,0.3340913294810264
0.001504,2.0728322303729243,2.138252570934922,2.2057376328460654,0.3340913294810264,0.3529727468498688,0.37292126141758264
0.001534,2.0728322303729243,2.138252570934922,2.2057376328460654,0.37292126141758264,0.3939971809677202,0.41626422162260607
0.001538,2.0728322303729243,2.138252570934922,2.2057376328460654,0.41626422162260607,0.4397897004681118,0.46464473906476067
0.001544,2.0728322303729243,2.138252570934922,2.2057376328460654,0.46464473906476067,0.4909044784604127,0.5186483063545496
0.001574,2.0728322303729243,2.138252570934922,2.2057376328460654,0.5186483063545496,0.547960097100917,0.5789284652740918
0.001501,2.0728322303729243,2.138252570934922,2.2057376328460654,0.5789284652740918,0.6116470335665513,0.6462147158261423
0.0016,2.0728322303729243,2.138252570934922,2.2057376328460654,0.6462147158261423,0.6827360160896209,0.7213213445162929
0.001445,2.0728322303729243,2.138252570934922,2.2057376328460654,0.7213213445162929,0.7620873511768764,0.805157278706688
0.001527,2.0728322303729243,2.138252570934922,2.2057376328460654,0.805157278706688,0.8506613348892827,0.8987370862969332
0.0015,2.0728322303729243,2.138252570934922,2.2057376328460654,0.8987370862969332,0.9495298741779894,1.0031932538484196
0.001467,2.0728322303729243,2.138252570934922,2.2057376328460654,1.0031932538484196,1.0598894589158872,1.1197898917397926
0.001539,2.0728322303729243,2.138252570934922,2.2057376328460654,1.1197898917397926,1.183075641610026,1.249938032210973
0.001443,2.0728322303729243,2.138252570934922,2.2057376328460654,1.249938032210973,1.3205792000258516,1.3952127054299968
0.001441,2.0728322303729243,2.138252570934922,2.2057376328460654,1.3952127054299968,1.4740641783205308,1.5573720002342704
0.001437,2.0728322303729243,2.138252570934922,2.2057376328460654,1.5573720002342704,1.6453880250160273,1.7383783402160131
0.001395,2.0728322303729243,2.138252570934922,2.2057376328460654,1.7383783402160131,1.8366240715181728,1.9404222326313807
0.002242,2.0728322303729243,2.138252570934922,2.2057376328460654,1.9404222326313807,2.050086623212864,2.1659487775384263
0.002954,2.0728322303729243,2.138252570934922,2.2057376328460654,2.1659487775384263,2.2883589667874706,2.417687257972894
0.002922,2.0728322303729243,2.138252570934922,2.2057376328460654,2.417687257972894,2.5543246327171887,2.6986841692569943
0.002998,2.0728322303729243,2.138252570934922,2.2057376328460654,2.6986841692569943,2.851202291249511,3.0123400871561223
0.002898,2.0728322303729243,2.138252570934922,2.2057376328460654,3.0123400871561223,3.1825847041919566,3.3624508210555346
0.002901,2.0728322303729243,2.138252570934922,2.2057376328460654,3.3624508210555346,3.552482203890815,3.7532533501855805
0.002793,2.0728322303729243,2.138252570934922,2.2057376328460654,3.7532533501855805,3.9653712255759532,4.189477098807692
0.002742,2.0728322303729243,2.138252570934922,2.2057376328460654,4.189477098807692,4.42624848040168,4.676401170884524
0.002674,2.0728322303729243,2.138252570934922,2.2057376328460654,4.676401170884524,4.940691424776398,5.219918236878273
0.002745,2.0728322303729243,2.138252570934922,2.2057376328460654,5.219918236878273,5.514925757770336,5.82660584582409
0.002601,2.0728322303729243,2.138252570934922,2.2057376328460654,5.82660584582409,6.155900763443285,6.5038060256849075
0.002685,2.0728322303729243,2.138252570934922,2.2057376328460654,6.5038060256849075,6.871373409872062,7.25971413529735
0.002607,2.0728322303729243,2.138252570934922,2.2057376328460654,7.25971413529735,7.670002222629526,8.103478043179491
0.00256,2.0728322303729243,2.138252570934922,2.2057376328460654,8.103478043179491,8.561452068755672,9.045308833445212
0.0025,2.0728322303729243,2.138252570934922,2.2057376328460654,9.045308833445212,9.556511119298175,10.096604378568765
0.002463,2.0728322303729243,2.138252570934922,2.2057376328460654,10.096604378568765,10.66722140588275,11.27008727445586
0.002025,2.0728322303729243,2.138252570934922,2.2057376328460654,11.27008727445586,11.907024551286224,12.579958807087245
0.001797,2.0728322303729243,2.138252570934922,2.2057376328460654,12.579958807087245,13.290924437618376,14.042070814012659
0.001667,2.0728322303729243,2.138252570934922,2.2057376328460654,14.042070814012659,14.835668780694615,15.67411752053271
0.001611,2.0728322303729243,2.138252570934922,2.2057376328460654,15.67411752053271,16.55995180798096,17.49584967213718
0.001442,2.0728322303729243,2.138252570934922,2.2057376328460654,17.49584967213718,18.484640492884626,19.529313554592992
0.001343,2.0728322303729243,2.138252570934922,2.2057376328460654,19.529313554592992,20.63302708323817,21.799117794261466
0.00122,2.0728322303729243,2.138252570934922,2.2057376328460654,21.799117794261466,23.03111098003311,24.332731167416135
0.001117,2.0728322303729243,2.138252570934922,2.2057376328460654,24.332731167416135,25.707913377650407,27.160815022597262
0.001061,2.0728322303729243,2.138252570934922,2.2057376328460654,27.160815022597262,28.695828473309135,30.317594338921154
0.001062,2.0728322303729243,2.138252570934922,2.2057376328460654,30.317594338921154,32.03101549600908,33.84127191082679
0.000924,2.0728322303729243,2.138252570934922,2.2057376328460654,33.84127191082679,35.75383629923332,37.77449067165226
0.000878,2.0728322303729243,2.138252570934922,2.2057376328460654,37.77449067165226,39.909343813081726,42.1648497509999
0.000742,2.0728322303729243,2.138252570934922,2.2057376328460654,42.1648497509999,44.547827266997885,47.06548051112691
0.000757,2.0728322303729243,2.138252570934922,2.2057376328460654,47.06548051112691,49.72542078128044,52.535689533454075
0.000685,2.0728322303729243,2.138252570934922,2.2057376328460654,52.535689533454075,55.504782692447314,58.641676336502556
0.000648,2.0728322303729243,2.138252570934922,2.2057376328460654,58.641676336502556,61.955853833530256,65.45733451095779
0.000573,2.0728322303729243,2.138252570934922,2.2057376328460654,65.45733451095779,69.15670394587609,73.06514596705614
0.000461,2.0728322303729243,2.138252570934922,2.2057376328460654,73.06514596705614,77.19447646558302,81.55717911632256
0.000431,2.0728322303729243,2.138252570934922,2.2057376328460654,81.55717911632256,86.16644311821332,91.03620306747894
0.000421,2.0728322303729243,2.138252570934922,2.2057376328460654,91.03620306747894,96.18118108430411,101.61693132033079
0.000405,2.0728322303729243,2.138252570934922,2.2057376328460654,101.61693132033079,107.35988698152859,113.42741000859688
0.000368,2.0728322303729243,2.138252570934922,2.2057376328460654,113.42741000859688,119.83784356509167,126.61056749195744
0.000386,2.0728322303729243,2.138252570934922,2.2057376328460654,126.61056749195744,133.76605689611287,141.32594405021308
0.000352,2.0728322303729243,2.138252570934922,2.2057376328460654,141.32594405021308,149.31308379072314,157.7516226120118
0.000326,2.0728322303729243,2.138252570934922,2.2057376328460654,157.7516226120118,166.66707166534817,176.08638388349098
0.000336,2.0728322303729243,2.138252570934922,2.2057376328460654,176.08638388349098,186.0380354640305,196.55211195782155
0.000313,2.0728322303729243,2.138252570934922,2.2057376328460654,196.55211195782155,207.66039922276806,219.39647951792662
0.000276,2.0728322303729243,2.138252570934922,2.2057376328460654,219.39647951792662,231.79583302844003,244.8959451282275
0.000258,2.0728322303729243,2.138252570934922,2.2057376328460654,244.8959451282275,258.73641970470345,273.35909888812694
0.000251,2.0728322303729243,2.138252570934922,2.2057376328460654,273.35909888812694,288.8081895475435,305.13039693573796
0.000226,2.0728322303729243,2.138252570934922,2.2057376328460654,305.13039693573796,322.37506588723016,340.5943299961796
0.000227,2.0728322303729243,2.138252570934922,2.2057376328460654,340.5943299961796,359.843269225189,380.18007642148444
0.000221,2.0728322303729243,2.138252570934922,2.2057376328460654,380.18007642148444,401.66623324388144,424.3666960323934
0.00019,2.0728322303729243,2.138252570934922,2.2057376328460654,424.3666960323934,448.35009218239543,473.6889276170203
0.000174,2.0728322303729243,2.138252570934922,2.2057376328460654,473.6889276170203,500.45980598500944,528.7436602466912
0.000183,2.0728322303729243,2.138252570934922,2.2057376328460654,528.7436602466912,558.6259973482117,590.1971567237096
0.000172,2.0728322303729243,2.138252570934922,2.2057376328460654,590.1971567237096,623.5525834069318,658.7931165779523
0.000166,2.0728322303729243,2.138252570934922,2.2057376328460654,658.7931165779523,696.0252944173212,735.3616761892738
0.000166,2.0728322303729243,2.138252570934922,2.2057376328460654,735.3616761892738,776.9211825277038,820.8294549536521
0.000156,2.0728322303729243,2.138252570934922,2.2057376328460654,820.8294549536521,867.2192357111913,916.2307690700113
0.000129,2.0728322303729243,2.138252570934922,2.2057376328460654,916.2307690700113,968.0122253079195,1022.7201486550255
0.000148,2.0728322303729243,2.138252570934922,2.2057376328460654,1022.7201486550255,1080.5199305538154,1141.5863096658716
0.000138,2.0728322303729243,2.138252570934922,2.2057376328460654,1141.5863096658716,1206.1039001368388,1274.2677497166753
0.000118,2.0728322303729243,2.138252570934922,2.2057376328460654,1274.2677497166753,1346.2839294224782,1422.370156526539
0.000114,2.0728322303729243,2.138252570934922,2.2057376328460654,1422.370156526539,1502.7564527530292,1587.68583967315
9.8e-05,2.0728322303729243,2.138252570934922,2.2057376328460654,1587.68583967315,1677.4150734010555,1772.2154208116622
0.0001,2.0728322303729243,2.138252570934922,2.2057376328460654,1772.2154208116622,1872.373479626966,1978.1920448501505
9.4e-05,2.0728322303729243,2.138252570934922,2.2057376328460654,1978.1920448501505,2089.991024166855,2208.1084050810155
0.000104,2.0728322303729243,2.138252570934922,2.2057376328460654,2208.1084050810155,2332.9012767091076,2464.7469093218283
0.00011,2.0728322303729243,2.138252570934922,2.2057376328460654,2464.7469093218283,2604.0438948968845,2751.213352130962
7.9e-05,2.0728322303729243,2.138252570934922,2.2057376328460654,2751.213352130962,2906.7001995538217,3070.9745005933823
7.7e-05,2.0728322303729243,2.138252570934922,2.2057376328460654,3070.9745005933823,3244.5328846581474,3427.9000485331494
5.6e-05,2.0728322303729243,2.138252570934922,2.2057376328460654,3427.9000485331494,3621.630342628391,3826.309446875285
5.8e-05,2.0728322303729243,2.138252570934922,2.2057376328460654,3826.309446875285,4042.556141337618,4271.024176889881
4.5e-05,2.0728322303729243,2.138252570934922,2.2057376328460654,4271.024176889881,4512.404251618383,4767.426098920123
0.001715,2.2057376328460654,2.2753525804606354,2.3471646347751194,0.07999999999999999,0.08452125887808527,0.08929804002920383
0.001803,2.2057376328460654,2.2753525804606354,2.3471646347751194,0.08929804002920383,0.09434478448267444,0.09967674941321612
0.001739,2.2057376328460654,2.2753525804606354,2.3471646347751194,0.09967674941321612,0.10531005426600588,0.11126172948852864
0.0018,2.2057376328460654,2.2753525804606354,2.3471646347751194,0.11126172948852864,0.11754976801654278,0.12419317966981348
0.001695,2.2057376328460654,2.2753525804606354,2.3471646347751194,0.12419317966981348,0.13121204862206076,0.13862759411886386
0.001711,2.2057376328460654,2.2753525804606354,2.3471646347751194,0.13862759411886386,0.14646223462708277,0.15473965560973155
0.00168,2.2057376328460654,2.2753525804606354,2.3471646347751194,0.15473965560973155,0.1634848811311985,0.1727243495092878
0.001682,2.2057376328460654,2.2753525804606354,2.3471646347751194,0.1727243495092878,0.1824859932427924,0.1927993234562322
0.001689,2.2057376328460654,2.2753525804606354,2.3471646347751194,0.1927993234562322,0.20369551911704872,0.21520752129497553
0.001704,2.2057376328460654,2.2753525804606354,2.3471646347751194,0.21520752129497553,0.22737013274854592,0.24022012313980576
0.001611,2.2057376328460654,2.2753525804606354,2.3471646347751194,0.24022012313980576,0.25379634019531294,0.26813982714948303
0.001557,2.2057376328460654,2.2753525804606354,2.3471646347751194,0.26813982714948303,0.28329394682533116,0.2993045127277292
0.00162,2.2057376328460654,2.2753525804606354,2.3471646347751194,0.2993045127277292,0.31621992754549455,0.3340913294810264
0.001605,2.2057376328460654,2.2753525804606354,2.3471646347751194,0.3340913294810264,0.3529727468498688,0.37292126141758264
0.001627,2.2057376328460654,2.2753525804606354,2.3471646347751194,0.37292126141758264,0.3939971809677202,0.41626422162260607
0.001625,2.2057376328460654,2.2753525804606354,2.3471646347751194,0.41626422162260607,0.4397897004681118,0.46464473906476067
0.001629,2.2057376328460654,2.2753525804606354,2.3471646347751194,0.46464473906476067,0.4909044784604127,0.5186483063545496
0.001561,2.2057376328460654,2.2753525804606354,2.3471646347751194,0.5186483063545496,0.547960097100917,0.5789284652740918
0.001558,2.2057376328460654,2.2753525804606354,2.3471646347751194,0.5789284652740918,0.6116470335665513,0.6462147158261423
0.001492,2.2057376328460654,2.2753525804606354,2.3471646347751194,0.6462147158261423,0.6827360160896209,0.7213213445162929
0.001494,2.2057376328460654,2.2753525804606354,2.3471646347751194,0.7213213445162929,0.7620873511768764,0.805157278706688
0.001527,2.2057376328460654,2.2753525804606354,2.3471646347751194,0.805157278706688,0.8506613348892827,0.8987370862969332
0.001564,2.2057376328460654,2.2753525804606354,2.3471646347751194,0.8987370862969332,0.9495298741779894,1.0031932538484196
0.001506,2.2057376328460654,2.2753525804606354,2.3471646347751194,1.0031932538484196,1.0598894589158872,1.1197898917397926
0.001485,2.2057376328460654,2.2753525804606354,2.3471646347751194,1.1197898917397926,1.183075641610026,1.249938032210973
0.001552,2.2057376328460654,2.2753525804606354,2.3471646347751194,1.249938032210973,1.3205792000258516,1.3952127054299968
0.001479,2.2057376328460654,2.2753525804606354,2.3471646347751194,1.3952127054299968,1.4740641783205308,1.5573720002342704
0.001484,2.2057376328460654,2.2753525804606354,2.3471646347751194,1.5573720002342704,1.6453880250160273,1.7383783402160131
0.001466,2.2057376328460654,2.2753525804606354,2.3471646347751194,1.7383783402160131,1.8366240715181728,1.9404222326313807
0.002419,2.2057376328460654,2.2753525804606354,2.3471646347751194,1.9404222326313807,2.050086623212864,2.1659487775384263
0.003114,2.2057376328460654,2.2753525804606354,2.3471646347751194,2.1659487775384263,2.2883589667874706,2.417687257972894
0.003115,2.2057376328460654,2.2753525804606354,2.3471646347751194,2.417687257972894,2.5543246327171887,2.6986841692569943
0.002936,2.2057376328460654,2.2753525804606354,2.3471646347751194,2.6986841692569943,2.851202291249511,3.0123400871561223
0.002958,2.2057376328460654,2.2753525804606354,2.3471646347751194,3.0123400871561223,3.1825847041919566,3.3624508210555346
0.002827,2.2057376328460654,2.2753525804606354,2.3471646347751194,3.3624508210555346,3.552482203890815,3.7532533501855805
0.002951,2.2057376328460654,2.2753525804606354,2.3471646347751194,3.7532533501855805,3.9653712255759532,4.189477098807692
0.002884,2.2057376328460654,2.2753525804606354,2.3471646347751194,4.189477098807692,4.42624848040168,4.676401170884524
0.00279,2.2057376328460654,2.2753525804606354,2.3471646347751194,4.676401170884524,4.940691424776398,5.219918236878273
0.002722,2.2057376328460654,2.2753525804606354,2.3471646347751194,5.219918236878273,5.514925757770336,5.82660584582409
0.002779,2.2057376328460654,2.2753525804606354,2.3471646347751194,5.82660584582409,6.155900763443285,6.5038060256849075
0.002764,2.2057376328460654,2.2753525804606354,2.3471646347751194,6.5038060256849075,6.871373409872062,7.25971413529735
0.002677,2.2057376328460654,2.2753525804606354,2.3471646347751194,7.25971413529735,7.670002222629526,8.103478043179491
0.002649,2.2057376328460654,2.2753525804606354,2.3471646347751194,8.103478043179491,8.561452068755672,9.045308833445212
0.002653,2.2057376328460654,2.2753525804606354,2.3471646347751194,9.045308833445212,9.556511119298175,10.096604378568765
0.002542,2.2057376328460654,2.2753525804606354,2.3471646347751194,10.096604378568765,10.66722140588275,11.27008727445586
0.002129,2.2057376328460654,2.2753525804606354,2.3471646347751194,11.27008727445586,11.907024551286224,12.579958807087245
0.001932,2.2057376328460654,2.2753525804606354,2.3471646347751194,12.579958807087245,13.290924437618376,14.042070814012659
0.001712,2.2057376328460654,2.2753525804606354,2.3471646347751194,14.042070814012659,14.835668780694615,15.67411752053271
0.001686,2.2057376328460654,2.2753525804606354,2.3471646347751194,15.67411752053271,16.55995180798096,17.49584967213718
0.001523,2.2057376328460654,2.2753525804606354,2.3471646347751194,17.49584967213718,18.484640492884626,19.529313554592992
0.001434,2.2057376328460654,2.2753525804606354,2.3471646347751194,19.529313554592992,20.63302708323817,21.799117794261466
0.001339,2.2057376328460654,2.2753525804606354,2.3471646347751194,21.799117794261466,23.03111098003311,24.332731167416135
0.00122,2.2057376328460654,2.2753525804606354,2.3471646347751194,24.332731167416135,25.707913377650407,27.160815022597262
0.001191,2.2057376328460654,2.2753525804606354,2.3471646347751194,27.160815022597262,28.695828473309135,30.317594338921154
0.001143,2.2057376328460654,2.2753525804606354,2.3471646347751194,30.317594338921154,32.03101549600908,33.84127191082679
0.000966,2.2057376328460654,2.2753525804606354,2.3471646347751194,33.84127191082679,35.75383629923332,37.77449067165226
0.000908,2.2057376328460654,2.2753525804606354,2.3471646347751194,37.77449067165226,39.909343813081726,42.1648497509999
0.000903,2.2057376328460654,2.2753525804606354,2.3471646347751194,42.1648497509999,44.547827266997885,47.06548051112691
0.000816,2.2057376328460654,2.2753525804606354,2.3471646347751194,47.06548051112691,49.72542078128044,52.535689533454075
0.000727,2.2057376328460654,2.2753525804606354,2.3471646347751194,52.535689533454075,55.504782692447314,58.641676336502556
0.000667,2.2057376328460654,2.2753525804606354,2.3471646347751194,58.641676336502556,61.955853833530256,65.45733451095779
0.000628,2.2057376328460654,2.2753525804606354,2.3471646347751194,65.45733451095779,69.15670394587609,73.06514596705614
0.000489,2.2057376328460654,2.2753525804606354,2.3471646347751194,73.06514596705614,77.19447646558302,81.55717911632256
0.000493,2.2057376328460654,2.2753525804606354,2.3471646347751194,81.55717911632256,86.16644311821332,91.03620306747894
0.000414,2.2057376328460654,2.2753525804606354,2.3471646347751194,91.03620306747894,96.18118108430411,101.61693132033079
0.000422,2.2057376328460654,2.2753525804606354,2.3471646347751194,101.61693132033079,107.35988698152859,113.42741000859688
0.000406,2.2057376328460654,2.2753525804606354,2.3471646347751194,113.42741000859688,119.83784356509167,126.61056749195744
0.000362,2.2057376328460654,2.2753525804606354,2.3471646347751194,126.61056749195744,133.76605689611287,141.32594405021308
0.000339,2.2057376328460654,2.2753525804606354,2.3471646347751194,141.32594405021308,149.31308379072314,157.7516226120118
0.000334,2.2057376328460654,2.2753525804606354,2.3471646347751194,157.7516226120118,166.66707166534817,176.08638388349098
0.000337,2.2057376328460654,2.2753525804606354,2.3471646347751194,176.08638388349098,186.0380354640305,196.55211195782155
0.000324,2.2057376328460654,2.2753525804606354,2.3471646347751194,196.55211195782155,207.66039922276806,219.39647951792662
0.000279,2.2057376328460654,2.2753525804606354,2.3471646347751194,219.39647951792662,231.79583302844003,244.8959451282275
0.000263,2.2057376328460654,2.2753525804606354,2.3471646347751194,244.8959451282275,258.73641970470345,273.35909888812694
0.000275,2.2057376328460654,2.2753525804606354,2.3471646347751194,273.35909888812694,288.8081895475435,305.13039693573796
0.000234,2.2057376328460654,2.2753525804606354,2.3471646347751194,305.13039693573796,322.37506588723016,340.5943299961796
0.000246,2.2057376328460654,2.2753525804606354,2.3471646347751194,340.5943299961796,359.843269225189,380.18007642148444
0.000207,2.2057376328460654,2.2753525804606354,2.3471646347751194,380.18007642148444,401.66623324388144,424.3666960323934
0.000218,2.2057376328460654,2.2753525804606354,2.3471646347751194,424.3666960323934,448.35009218239543,473.6889276170203
0.000219,2.2057376328460654,2.2753525804606354,2.3471646347751194,473.6889276170203,500.45980598500944,528.7436602466912
0.000199,2.2057376328460654,2.2753525804606354,2.3471646347751194,528.7436602466912,558.6259973482117,590.1971567237096
0.000179,2.2057376328460654,2.2753525804606354,2.3471646347751194,590.1971567237096,623.5525834069318,658.7931165779523
0.000174,2.2057376328460654,2.2753525804606354,2.3471646347751194,658.7931165779523,696.0252944173212,735.3616761892738
0.000193,2.2057376328460654,2.2753525804606354,2.3471646347751194,735.3616761892738,776.9211825277038,820.8294549536521
0.000148,2.2057376328460654,2.2753525804606354,2.3471646347751194,820.8294549536521,867.2192357111913,916.2307690700113
0.000148,2.2057376328460654,2.2753525804606354,2.3471646347751194,916.2307690700113,968.0122253079195,1022.7201486550255
0.000144,2.2057376328460654,2.2753525804606354,2.3471646347751194,1022.7201486550255,1080.5199305538154,1141.5863096658716
0.000129,2.2057376328460654,2.2753525804606354,2.3471646347751194,1141.5863096658716,1206.1039001368388,1274.2677497166753
0.000142,2.2057376328460654,2.2753525804606354,2.3471646347751194,1274.2677497166753,1346.2839294224782,1422.370156526539
0.000127,2.2057376328460654,2.2753525804606354,2.3471646347751194,1422.370156526539,1502.7564527530292,1587.68583967315
0.000124,2.2057376328460654,2.2753525804606354,2.3471646347751194,1587.68583967315,1677.4150734010555,1772.2154208116622
8.6e-05,2.2057376328460654,2.2753525804606354,2.3471646347751194,1772.2154208116622,1872.373479626966,1978.1920448501505
0.000101,2.2057376328460654,2.2753525804606354,2.3471646347751194,1978.1920448501505,2089.991024166855,2208.1084050810155
9.6e-05,2.2057376328460654,2.2753525804606354,2.3471646347751194,2208.1084050810155,2332.9012767091076,2464.7469093218283
7.3e-05,2.2057376328460654,2.2753525804606354,2.3471646347751194,2464.7469093218283,2604.0438948968845,2751.213352130962
9.1e-05,2.2057376328460654,2.2753525804606354,2.3471646347751194,2751.213352130962,2906.7001995538217,3070.9745005933823
7.7e-05,2.2057376328460654,2.2753525804606354,2.3471646347751194,3070.9745005933823,3244.5328846581474,3427.9000485331494
6e-05,2.2057376328460654,2.2753525804606354,2.3471646347751194,3427.9000485331494,3621.630342628391,3826.309446875285
6.5e-05,2.2057376328460654,2.2753525804606354,2.3471646347751194,3826.309446875285,4042.556141337618,4271.024176889881
5.3e-05,2.2057376328460654,2.2753525804606354,2.3471646347751194,4271.024176889881,4512.404251618383,4767.426098920123
0.001743,2.3471646347751194,2.4212431383375805,2.497659622205619,0.07999999999999999,0.08452125887808527,0.08929804002920383
0.001806,2.3471646347751194,2.4212431383375805,2.497659622205619,0.08929804002920383,0.09434478448267444,0.09967674941321612
0.001736,2.3471646347751194,2.4212431383375805,2.497659622205619,0.09967674941321612,0.10531005426600588,0.11126172948852864
0.001739,2.3471646347751194,2.4212431383375805,2.497659622205619,0.11126172948852864,0.11754976801654278,0.12419317966981348
0.001759,2.3471646347751194,2.4212431383375805,2.497659622205619,0.12419317966981348,0.13121204862206076,0.13862759411886386
0.00177,2.3471646347751194,2.4212431383375805,2.497659622205619,0.13862759411886386,0.14646223462708277,0.15473965560973155
0.001723,2.3471646347751194,2.4212431383375805,2.497659622205619,0.15473965560973155,0.1634848811311985,0.1727243495092878
0.001756,2.3471646347751194,2.4212431383375805,2.497659622205619,0.1727243495092878,0.1824859932427924,0.1927993234562322
0.001661,2.3471646347751194,2.4212431383375805,2.497659622205619,0.1927993234562322,0.20369551911704872,0.21520752129497553
0.001744,2.3471646347751194,2.4212431383375805,2.497659622205619,0.21520752129497553,0.22737013274854592,0.24022012313980576
0.001693,2.3471646347751194,2.4212431383375805,2.497659622205619,0.24022012313980576,0.25379634019531294,0.26813982714948303
0.001646,2.3471646347751194,2.4212431383375805,2.497659622205619,0.26813982714948303,0.28329394682533116,0.2993045127277292
0.001699,2.3471646347751194,2.4212431383375805,2.497659622205619,0.2993045127277292,0.31621992754549455,0.3340913294810264
0.001603,2.3471646347751194,2.4212431383375805,2.497659622205619,0.3340913294810264,0.3529727468498688,0.37292126141758264
0.001677,2.3471646347751194,2.4212431383375805,2.497659622205619,0.37292126141758264,0.3939971809677202,0.41626422162260607
0.001584,2.3471646347751194,2.4212431383375805,2.497659622205619,0.41626422162260607,0.4397897004681118,0.46464473906476067
0.001607,2.3471646347751194,2.4212431383375805,2.497659622205619,0.46464473906476067,0.4909044784604127,0.5186483063545496
0.001651,2.3471646347751194,2.4212431383375805,2.497659622205619,0.5186483063545496,0.547960097100917,0.5789284652740918
0.001621,2.3471646347751194,2.4212431383375805,2.497659622205619,0.5789284652740918,0.6116470335665513,0.6462147158261423
0.001563,2.3471646347751194,2.4212431383375805,2.497659622205619,0.6462147158261423,0.6827360160896209,0.7213213445162929
0.001558,2.3471646347751194,2.4212431383375805,2.497659622205619,0.7213213445162929,0.7620873511768764,0.805157278706688
0.001593,2.3471646347751194,2.4212431383375805,2.497659622205619,0.805157278706688,0.8506613348892827,0.8987370862969332
0.001482,2.3471646347751194,2.4212431383375805,2.497659622205619,0.8987370862969332,0.9495298741779894,1.0031932538484196
0.001563,2.3471646347751194,2.4212431383375805,2.497659622205619,1.0031932538484196,1.0598894589158872,1.1197898917397926
0.001529,2.3471646347751194,2.4212431383375805,2.497659622205619,1.1197898917397926,1.183075641610026,1.249938032210973
0.001476,2.3471646347751194,2.4212431383375805,2.497659622205619,1.249938032210973,1.3205792000258516,1.3952127054299968
0.001575,2.3471646347751194,2.4212431383375805,2.497659622205619,1.3952127054299968,1.4740641783205308,1.5573720002342704
0.001522,2.3471646347751194,2.4212431383375805,2.497659622205619,1.5573720002342704,1.6453880250160273,1.7383783402160131
0.001472,2.3471646347751194,2.4212431383375805,2.497659622205619,1.7383783402160131,1.8366240715181728,1.9404222326313807
0.002376,2.3471646347751194,2.4212431383375805,2.497659622205619,1.9404222326313807,2.050086623212864,2.1659487775384263
0.003285,2.3471646347751194,2.4212431383375805,2.497659622205619,2.1659487775384263,2.2883589667874706,2.417687257972894
0.003027,2.3471646347751194,2.4212431383375805,2.497659622205619,2.417687257972894,2.5543246327171887,2.6986841692569943
0.002936,2.3471646347751194,2.4212431383375805,2.497659622205619,2.6986841692569943,2.851202291249511,3.0123400871561223
0.003052,2.3471646347751194,2.4212431383375805,2.497659622205619,3.0123400871561223,3.1825847041919566,3.3624508210555346
0.003064,2.3471646347751194,2.4212431383375805,2.497659622205619,3.3624508210555346,3.552482203890815,3.7532533501855805
0.002929,2.3471646347751194,2.4212431383375805,2.497659622205619,3.7532533501855805,3.9653712255759532,4.189477098807692
0.003003,2.3471646347751194,2.4212431383375805,2.497659622205619,4.189477098807692,4.42624848040168,4.676401170884524
0.002853,2.3471646347751194,2.4212431383375805,2.497659622205619,4.676401170884524,4.940691424776398,5.219918236878273
0.002828,2.3471646347751194,2.4212431383375805,2.497659622205619,5.219918236878273,5.514925757770336,5.82660584582409
0.002839,2.3471646347751194,2.4212431383375805,2.497659622205619,5.82660584582409,6.155900763443285,6.5038060256849075
0.002811,2.3471646347751194,2.4212431383375805,2.497659622205619,6.5038060256849075,6.871373409872062,7.25971413529735
0.002708,2.3471646347751194,2.4212431383375805,2.497659622205619,7.25971413529735,7.670002222629526,8.103478043179491
0.002738,2.3471646347751194,2.4212431383375805,2.497659622205619,8.103478043179491,8.561452068755672,9.045308833445212
0.002685,2.3471646347751194,2.4212431383375805,2.497659622205619,9.045308833445212,9.556511119298175,10.096604378568765
0.002695,2.3471646347751194,2.4212431383375805,2.497659622205619,10.096604378568765,10.66722140588275,11.27008727445586
0.002312,2.3471646347751194,2.4212431383375805,2.497659622205619,11.27008727445586,11.907024551286224,12.579958807087245
0.002077,2.3471646347751194,2.4212431383375805,2.497659622205619,12.579958807087245,13.290924437618376,14.042070814012659
0.001944,2.3471646347751194,2.4212431383375805,2.497659622205619,14.042070814012659,14.835668780694615,15.67411752053271
0.00178,2.3471646347751194,2.4212431383375805,2.497659622205619,15.67411752053271,16.55995180798096,17.49584967213718
0.001577,2.3471646347751194,2.4212431383375805,2.497659622205619,17.49584967213718,18.484640492884626,19.529313554592992
0.001543,2.3471646347751194,2.4212431383375805,2.497659622205619,19.529313554592992,20.63302708323817,21.799117794261466
0.001416,2.3471646347751194,2.4212431383375805,2.497659622205619,21.799117794261466,23.03111098003311,24.332731167416135
0.001287,2.3471646347751194,2.4212431383375805,2.497659622205619,24.332731167416135,25.707913377650407,27.160815022597262
0.001275,2.3471646347751194,2.4212431383375805,2.497659622205619,27.160815022597262,28.695828473309135,30.317594338921154
0.001136,2.3471646347751194,2.4212431383375805,2.497659622205619,30.317594338921154,32.03101549600908,33.84127191082679
0.001056,2.3471646347751194,2.4212431383375805,2.497659622205619,33.84127191082679,35.75383629923332,37.77449067165226
0.000983,2.3471646347751194,2.4212431383375805,2.497659622205619,37.77449067165226,39.909343813081726,42.1648497509999
0.00093,2.3471646347751194,2.4212431383375805,2.497659622205619,42.1648497509999,44.547827266997885,47.06548051112691
0.000819,2.3471646347751194,2.4212431383375805,2.497659622205619,47.06548051112691,49.72542078128044,52.535689533454075
0.000784,2.3471646347751194,2.4212431383375805,2.497659622205619,52.535689533454075,55.504782692447314,58.641676336502556
0.000751,2.3471646347751194,2.4212431383375805,2.497659622205619,58.641676336502556,61.955853833530256,65.45733451095779
0.000659,2.3471646347751194,2.4212431383375805,2.497659622205619,65.45733451095779,69.15670394587609,73.06514596705614
0.000513,2.3471646347751194,2.4212431383375805,2.497659622205619,73.06514596705614,77.19447646558302,81.55717911632256
0.00048,2.3471646347751194,2.4212431383375805,2.497659622205619,81.55717911632256,86.16644311821332,91.03620306747894
0.000455,2.3471646347751194,2.4212431383375805,2.497659622205619,91.03620306747894,96.18118108430411,101.61693132033079
0.000409,2.3471646347751194,2.4212431383375805,2.497659622205619,101.61693132033079,107.35988698152859,113.42741000859688
0.000425,2.3471646347751194,2.4212431383375805,2.497659622205619,113.42741000859688,119.83784356509167,126.61056749195744
0.00042,2.3471646347751194,2.4212431383375805,2.497659622205619,126.61056749195744,133.76605689611287,141.32594405021308
0.000381,2.3471646347751194,2.4212431383375805,2.497659622205619,141.32594405021308,149.31308379072314,157.7516226120118
0.000349,2.3471646347751194,2.4212431383375805,2.497659622205619,157.7516226120118,166.66707166534817,176.08638388349098
0.000316,2.3471646347751194,2.4212431383375805,2.497659622205619,176.08638388349098,186.0380354640305,196.55211195782155
0.000366,2.3471646347751194,2.4212431383375805,2.497659622205619,196.55211195782155,207.66039922276806,219.39647951792662
0.000307,2.3471646347751194,2.4212431383375805,2.497659622205619,219.39647951792662,231.79583302844003,244.8959451282275
0.000304,2.3471646347751194,2.4212431383375805,2.497659622205619,244.8959451282275,258.73641970470345,273.35909888812694
0.000283,2.3471646347751194,2.4212431383375805,2.497659622205619,273.35909888812694,288.8081895475435,305.13039693573796
0.000285,2.3471646347751194,2.4212431383375805,2.497659622205619,305.13039693573796,322.37506588723016,340.5943299961796
0.000275,2.3471646347751194,2.4212431383375805,2.497659622205619,340.5943299961796,359.843269225189,380.18007642148444
0.000224,2.3471646347751194,2.4212431383375805,2.497659622205619,380.18007642148444,401.66623324388144,424.3666960323934
0.000235,2.3471646347751194,2.4212431383375805,2.497659622205619,424.3666960323934,448.35009218239543,473.6889276170203
0.000239,2.3471646347751194,2.4212431383375805,2.497659622205619,473.6889276170203,500.45980598500944,528.7436602466912
0.000223,2.3471646347751194,2.4212431383375805,2.497659622205619,528.7436602466912,558.6259973482117,590.1971567237096
0.000176,2.3471646347751194,2.4212431383375805,2.497659622205619,590.1971567237096,623.5525834069318,658.7931165779523
0.000187,2.3471646347751194,2.4212431383375805,2.497659622205619,658.7931165779523,696.0252944173212,735.3616761892738
0.000185,2.3471646347751194,2.4212431383375805,2.497659622205619,735.3616761892738,776.9211825277038,820.8294549536521
0.000165,2.3471646347751194,2.4212431383375805,2.497659622205619,820.8294549536521,867.2192357111913,916.2307690700113
0.000142,2.3471646347751194,2.4212431383375805,2.497659622205619,916.2307690700113,968.0122253079195,1022.7201486550255
0.000144,2.3471646347751194,2.4212431383375805,2.497659622205619,1022.7201486550255,1080.5199305538154,1141.5863096658716
0.000155,2.3471646347751194,2.4212431383375805,2.497659622205619,1141.5863096658716,1206.1039001368388,1274.2677497166753
0.000143,2.3471646347751194,2.4212431383375805,2.497659622205619,1274.2677497166753,1346.2839294224782,1422.370156526539
0.000137,2.3471646347751194,2.4212431383375805,2.497659622205619,1422.370156526539,1502.7564527530292,1587.68583967315
0.000123,2.3471646347751194,2.4212431383375805,2.497659622205619,1587.68583967315,1677.4150734010555,1772.2154208116622
0.00013,2.3471646347751194,2.4212431383375805,2.497659622205619,1772.2154208116622,1872.373479626966,1978.1920448501505
9.1e-05,2.3471646347751194,2.4212431383375805,2.497659622205619,1978.1920448501505,2089.991024166855,2208.1084050810155
0.000107,2.3471646347751194,2.4212431383375805,2.497659622205619,2208.1084050810155,2332.9012767091076,2464.7469093218283
9.6e-05,2.3471646347751194,2.4212431383375805,2.497659622205619,2464.7469093218283,2604.0438948968845,2751.213352130962
9.8e-05,2.3471646347751194,2.4212431383375805,2.497659622205619,2751.213352130962,2906.7001995538217,3070.9745005933823
9.1e-05,2.3471646347751194,2.4212431383375805,2.497659622205619,3070.9745005933823,3244.5328846581474,3427.9000485331494
7.8e-05,2.3471646347751194,2.4212431383375805,2.497659622205619,3427.9000485331494,3621.630342628391,3826.309446875285
6.8e-05,2.3471646347751194,2.4212431383375805,2.497659622205619,3826.309446875285,4042.556141337618,4271.024176889881
6.1e-05,2.3471646347751194,2.4212431383375805,2.497659622205619,4271.024176889881,4512.404251618383,4767.426098920123
0.001816,2.497659622205619,2.576487875017592,2.6578040142437676,0.07999999999999999,0.08452125887808527,0.08929804002920383
0.001877,2.497659622205619,2.576487875017592,2.6578040142437676,0.08929804002920383,0.09434478448267444,0.09967674941321612
0.001829,2.497659622205619,2.576487875017592,2.6578040142437676,0.09967674941321612,0.10531005426600588,0.11126172948852864
0.001749,2.497659622205619,2.576487875017592,2.6578040142437676,0.11126172948852864,0.11754976801654278,0.12419317966981348
0.001742,2.497659622205619,2.576487875017592,2.6578040142437676,0.12419317966981348,0.13121204862206076,0.13862759411886386
0.001755,2.497659622205619,2.576487875017592,2.6578040142437676,0.13862759411886386,0.14646223462708277,0.15473965560973155
0.001774,2.497659622205619,2.576487875017592,2.6578040142437676,0.15473965560973155,0.1634848811311985,0.1727243495092878
0.001738,2.497659622205619,2.576487875017592,2.6578040142437676,0.1727243495092878,0.1824859932427924,0.1927993234562322
0.001746,2.497659622205619,2.576487875017592,2.6578040142437676,0.1927993234562322,0.20369551911704872,0.21520752129497553
0.001766,2.497659622205619,2.576487875017592,2.6578040142437676,0.21520752129497553,0.22737013274854592,0.24022012313980576
0.00166,2.497659622205619,2.576487875017592,2.6578040142437676,0.24022012313980576,0.25379634019531294,0.26813982714948303
0.001732,2.497659622205619,2.576487875017592,2.6578040142437676,0.26813982714948303,0.28329394682533116,0.2993045127277292
0.001683,2.497659622205619,2.576487875017592,2.6578040142437676,0.2993045127277292,0.31621992754549455,0.3340913294810264
0.001657,2.497659622205619,2.576487875017592,2.6578040142437676,0.3340913294810264,0.3529727468498688,0.37292126141758264
0.001701,2.497659622205619,2.576487875017592,2.6578040142437676,0.37292126141758264,0.3939971809677202,0.41626422162260607
0.001624,2.497659622205619,2.576487875017592,2.6578040142437676,0.41626422162260607,0.4397897004681118,0.46464473906476067
0.00166,2.497659622205619,2.576487875017592,2.6578040142437676,0.46464473906476067,0.4909044784604127,0.5186483063545496
0.001605,2.497659622205619,2.576487875017592,2.6578040142437676,0.5186483063545496,0.547960097100917,0.5789284652740918
0.001636,2.497659622205619,2.576487875017592,2.6578040142437676,0.5789284652740918,0.6116470335665513,0.6462147158261423
0.001638,2.497659622205619,2.576487875017592,2.6578040142437676,0.6462147158261423,0.6827360160896209,0.7213213445162929
0.001611,2.497659622205619,2.576487875017592,2.6578040142437676,0.7213213445162929,0.7620873511768764,0.805157278706688
0.001619,2.497659622205619,2.576487875017592,2.6578040142437676,0.805157278706688,0.8506613348892827,0.8987370862969332
0.001572,2.497659622205619,2.576487875017592,2.6578040142437676,0.8987370862969332,0.9495298741779894,1.0031932538484196
0.001638,2.497659622205619,2.576487875017592,2.6578040142437676,1.0031932538484196,1.0598894589158872,1.1197898917397926
0.001628,2.497659622205619,2.576487875017592,2.6578040142437676,1.1197898917397926,1.183075641610026,1.249938032210973
0.00154,2.497659622205619,2.576487875017592,2.6578040142437676,1.249938032210973,1.3205792000258516,1.3952127054299968
0.001609,2.497659622205619,2.576487875017592,2.6578040142437676,1.3952127054299968,1.4740641783205308,1.5573720002342704
0.001551,2.497659622205619,2.576487875017592,2.6578040142437676,1.5573720002342704,1.6453880250160273,1.7383783402160131
0.001506,2.497659622205619,2.576487875017592,2.6578040142437676,1.7383783402160131,1.8366240715181728,1.9404222326313807
0.002452,2.497659622205619,2.576487875017592,2.6578040142437676,1.9404222326313807,2.050086623212864,2.1659487775384263
0.003259,2.497659622205619,2.576487875017592,2.6578040142437676,2.1659487775384263,2.2883589667874706,2.417687257972894
0.003117,2.497659622205619,2.576487875017592,2.6578040142437676,2.417687257972894,2.5543246327171887,2.6986841692569943
0.003125,2.497659622205619,2.576487875017592,2.6578040142437676,2.6986841692569943,2.851202291249511,3.0123400871561223
0.003175,2.497659622205619,2.576487875017592,2.6578040142437676,3.0123400871561223,3.1825847041919566,3.3624508210555346
0.003113,2.497659622205619,2.576487875017592,2.6578040142437676,3.3624508210555346,3.552482203890815,3.7532533501855805
0.003147,2.497659622205619,2.576487875017592,2.6578040142437676,3.7532533501855805,3.9653712255759532,4.189477098807692
0.002964,2.497659622205619,2.576487875017592,2.6578040142437676,4.189477098807692,4.42624848040168,4.676401170884524
0.003008,2.497659622205619,2.576487875017592,2.6578040142437676,4.676401170884524,4.940691424776398,5.219918236878273
0.002857,2.497659622205619,2.576487875017592,2.6578040142437676,5.219918236878273,5.514925757770336,5.82660584582409
0.002831,2.497659622205619,2.576487875017592,2.6578040142437676,5.82660584582409,6.155900763443285,6.5038060256849075
0.002786,2.497659622205619,2.576487875017592,2.6578040142437676,6.5038060256849075,6.871373409872062,7.25971413529735
0.002796,2.497659622205619,2.576487875017592,2.6578040142437676,7.25971413529735,7.670002222629526,8.103478043179491
0.002802,2.497659622205619,2.576487875017592,2.6578040142437676,8.103478043179491,8.561452068755672,9.045308833445212
0.002682,2.497659622205619,2.576487875017592,2.6578040142437676,9.045308833445212,9.556511119298175,10.096604378568765
0.00279,2.497659622205619,2.576487875017592,2.6578040142437676,10.096604378568765,10.66722140588275,11.27008727445586
0.002344,2.497659622205619,2.576487875017592,2.6578040142437676,11.27008727445586,11.907024551286224,12.579958807087245
0.002175,2.497659622205619,2.576487875017592,2.6578040142437676,12.579958807087245,13.290924437618376,14.042070814012659
0.002065,2.497659622205619,2.576487875017592,2.6578040142437676,14.042070814012659,14.835668780694615,15.67411752053271
0.001896,2.497659622205619,2.576487875017592,2.6578040142437676,15.67411752053271,16.55995180798096,17.49584967213718
0.001722,2.497659622205619,2.576487875017592,2.6578040142437676,17.49584967213718,18.484640492884626,19.529313554592992
0.00162,2.497659622205619,2.576487875017592,2.6578040142437676,19.529313554592992,20.63302708323817,21.799117794261466
0.001476,2.497659622205619,2.576487875017592,2.6578040142437676,21.799117794261466,23.03111098003311,24.332731167416135
0.001398,2.497659622205619,2.576487875017592,2.6578040142437676,24.332731167416135,25.707913377650407,27.160815022597262
0.001257,2.497659622205619,2.576487875017592,2.6578040142437676,27.160815022597262,28.695828473309135,30.317594338921154
0.001119,2.497659622205619,2.576487875017592,2.6578040142437676,30.317594338921154,32.03101549600908,33.84127191082679
0.001041,2.497659622205619,2.576487875017592,2.6578040142437676,33.84127191082679,35.75383629923332,37.77449067165226
0.001003,2.497659622205619,2.576487875017592,2.6578040142437676,37.77449067165226,39.909343813081726,42.1648497509999
0.000914,2.497659622205619,2.576487875017592,2.6578040142437676,42.1648497509999,44.547827266997885,47.06548051112691
0.000903,2.497659622205619,2.576487875017592,2.6578040142437676,47.06548051112691,49.72542078128044,52.535689533454075
0.000843,2.497659622205619,2.576487875017592,2.6578040142437676,52.535689533454075,55.504782692447314,58.641676336502556
0.000779,2.497659622205619,2.576487875017592,2.6578040142437676,58.641676336502556,61.955853833530256,65.45733451095779
0.000692,2.497659622205619,2.576487875017592,2.6578040142437676,65.45733451095779,69.15670394587609,73.06514596705614
0.000567,2.497659622205619,2.576487875017592,2.6578040142437676,73.06514596705614,77.19447646558302,81.55717911632256
0.000528,2.497659622205619,2.576487875017592,2.6578040142437676,81.55717911632256,86.16644311821332,91.03620306747894
0.000525,2.497659622205619,2.576487875017592,2.6578040142437676,91.03620306747894,96.18118108430411,101.61693132033079
0.000455,2.497659622205619,2.576487875017592,2.6578040142437676,101.61693132033079,107.35988698152859,113.42741000859688
0.000402,2.497659622205619,2.576487875017592,2.6578040142437676,113.42741000859688,119.83784356509167,126.61056749195744
0.000441,2.497659622205619,2.576487875017592,2.6578040142437676,126.61056749195744,133.76605689611287,141.32594405021308
0.000403,2.497659622205619,2.576487875017592,2.6578040142437676,141.32594405021308,149.31308379072314,157.7516226120118
0.000367,2.497659622205619,2.576487875017592,2.6578040142437676,157.7516226120118,166.66707166534817,176.08638388349098
0.000342,2.497659622205619,2.576487875017592,2.6578040142437676,176.08638388349098,186.0380354640305,196.55211195782155
0.000334,2.497659622205619,2.576487875017592,2.6578040142437676,196.55211195782155,207.66039922276806,219.39647951792662
0.000315,2.497659622205619,2.576487875017592,2.6578040142437676,219.39647951792662,231.79583302844003,244.8959451282275
0.000331,2.497659622205619,2.576487875017592,2.6578040142437676,244.8959451282275,258.73641970470345,273.35909888812694
0.000299,2.497659622205619,2.576487875017592,2.6578040142437676,273.35909888812694,288.8081895475435,305.13039693573796
0.000288,2.497659622205619,2.576487875017592,2.6578040142437676,305.13039693573796,322.37506588723016,340.5943299961796
0.000282,2.497659622205619,2.576487875017592,2.6578040142437676,340.5943299961796,359.843269225189,380.18007642148444
0.00023,2.497659622205619,2.576487875017592,2.6578040142437676,380.18007642148444,401.66623324388144,424.3666960323934
0.000254,2.497659622205619,2.576487875017592,2.6578040142437676,424.3666960323934,448.35009218239543,473.6889276170203
0.000214,2.497659622205619,2.576487875017592,2.6578040142437676,473.6889276170203,500.45980598500944,528.7436602466912
0.000222,2.497659622205619,2.576487875017592,2.6578040142437676,528.7436602466912,558.6259973482117,590.1971567237096
0.000197,2.497659622205619,2.576487875017592,2.6578040142437676,590.1971567237096,623.5525834069318,658.7931165779523
0.000219,2.497659622205619,2.576487875017592,2.6578040142437676,658.7931165779523,696.0252944173212,735.3616761892738
0.000194,2.497659622205619,2.576487875017592,2.6578040142437676,735.3616761892738,776.9211825277038,820.8294549536521
0.0002,2.497659622205619,2.576487875017592,2.6578040142437676,820.8294549536521,867.2192357111913,916.2307690700113
0.000172,2.497659622205619,2.576487875017592,2.6578040142437676,916.2307690700113,968.0122253079195,1022.7201486550255
0.000165,2.497659622205619,2.576487875017592,2.6578040142437676,1022.7201486550255,1080.5199305538154,1141.5863096658716
0.000165,2.497659622205619,2.576487875017592,2.6578040142437676,1141.5863096658716,1206.1039001368388,1274.2677497166753
0.000135,2.497659622205619,2.576487875017592,2.6578040142437676,1274.2677497166753,1346.2839294224782,1422.370156526539
0.000139,2.497659622205619,2.576487875017592,2.6578040142437676,1422.370156526539,1502.7564527530292,1587.68583967315
0.000136,2.497659622205619,2.576487875017592,2.6578040142437676,1587.68583967315,1677.4150734010555,1772.2154208116622
0.000144,2.497659622205619,2.576487875017592,2.6578040142437676,1772.2154208116622,1872.373479626966,1978.1920448501505
0.000141,2.497659622205619,2.576487875017592,2.6578040142437676,1978.1920448501505,2089.991024166855,2208.1084050810155
0.000117,2.497659622205619,2.576487875017592,2.6578040142437676,2208.1084050810155,2332.9012767091076,2464.7469093218283
9.6e-05,2.497659622205619,2.576487875017592,2.6578040142437676,2464.7469093218283,2604.0438948968845,2751.213352130962
0.000101,2.497659622205619,2.576487875017592,2.6578040142437676,2751.213352130962,2906.7001995538217,3070.9745005933823
9.8e-05,2.497659622205619,2.576487875017592,2.6578040142437676,3070.9745005933823,3244.5328846581474,3427.9000485331494
9.1e-05,2.497659622205619,2.576487875017592,2.6578040142437676,3427.9000485331494,3621.630342628391,3826.309446875285
7.3e-05,2.497659622205619,2.576487875017592,2.6578040142437676,3826.309446875285,4042.556141337618,4271.024176889881
6.2e-05,2.497659622205619,2.576487875017592,2.6578040142437676,4271.024176889881,4512.404251618383,4767.426098920123
0.001803,2.6578040142437676,2.7416865596862365,2.8282165092985383,0.07999999999999999,0.08452125887808527,0.08929804002920383
0.001816,2.6578040142437676,2.7416865596862365,2.8282165092985383,0.08929804002920383,0.09434478448267444,0.09967674941321612
0.001781,2.6578040142437676,2.7416865596862365,2.8282165092985383,0.09967674941321612,0.10531005426600588,0.11126172948852864
0.001817,2.6578040142437676,2.7416865596862365,2.8282165092985383,0.11126172948852864,0.11754976801654278,0.12419317966981348
0.001812,2.6578040142437676,2.7416865596862365,2.8282165092985383,0.12419317966981348,0.13121204862206076,0.13862759411886386
0.001747,2.6578040142437676,2.7416865596862365,2.8282165092985383,0.13862759411886386,0.14646223462708277,0.15473965560973155
0.001869,2.6578040142437676,2.7416865596862365,2.8282165092985383,0.15473965560973155,0.1634848811311985,0.1727243495092878
0.001835,2.6578040142437676,2.7416865596862365,2.8282165092985383,0.1727243495092878,0.1824859932427924,0.1927993234562322
0.001765,2.6578040142437676,2.7416865596862365,2.8282165092985383,0.1927993234562322,0.20369551911704872,0.21520752129497553
0.00178,2.6578040142437676,2.7416865596862365,2.8282165092985383,0.21520752129497553,0.22737013274854592,0.24022012313980576
0.001799,2.6578040142437676,2.7416865596862365,2.8282165092985383,0.24022012313980576,0.25379634019531294,0.26813982714948303
0.001717,2.6578040142437676,2.7416865596862365,2.8282165092985383,0.26813982714948303,0.28329394682533116,0.2993045127277292
0.001765,2.6578040142437676,2.7416865596862365,2.8282165092985383,0.2993045127277292,0.31621992754549455,0.3340913294810264
0.001745,2.6578040142437676,2.7416865596862365,2.8282165092985383,0.3340913294810264,0.3529727468498688,0.37292126141758264
0.001693,2.6578040142437676,2.7416865596862365,2.8282165092985383,0.37292126141758264,0.3939971809677202,0.41626422162260607
0.001779,2.6578040142437676,2.7416865596862365,2.8282165092985383,0.41626422162260607,0.4397897004681118,0.46464473906476067
0.001681,2.6578040142437676,2.7416865596862365,2.8282165092985383,0.46464473906476067,0.4909044784604127,0.5186483063545496
0.001711,2.6578040142437676,2.7416865596862365,2.8282165092985383,0.5186483063545496,0.547960097100917,0.5789284652740918
0.0016,2.6578040142437676,2.7416865596862365,2.8282165092985383,0.5789284652740918,0.6116470335665513,0.6462147158261423
0.001669,2.6578040142437676,2.7416865596862365,2.8282165092985383,0.6462147158261423,0.6827360160896209,0.7213213445162929
0.001678,2.6578040142437676,2.7416865596862365,2.8282165092985383,0.7213213445162929,0.7620873511768764,0.805157278706688
0.001669,2.6578040142437676,2.7416865596862365,2.8282165092985383,0.805157278706688,0.8506613348892827,0.8987370862969332
0.001621,2.6578040142437676,2.7416865596862365,2.8282165092985383,0.8987370862969332,0.9495298741779894,1.0031932538484196
0.001653,2.6578040142437676,2.7416865596862365,2.8282165092985383,1.0031932538484196,1.0598894589158872,1.1197898917397926
0.001646,2.6578040142437676,2.7416865596862365,2.8282165092985383,1.1197898917397926,1.183075641610026,1.249938032210973
0.001677,2.6578040142437676,2.7416865596862365,2.8282165092985383,1.249938032210973,1.3205792000258516,1.3952127054299968
0.001581,2.6578040142437676,2.7416865596862365,2.8282165092985383,1.3952127054299968,1.4740641783205308,1.5573720002342704
0.001607,2.6578040142437676,2.7416865596862365,2.8282165092985383,1.5573720002342704,1.6453880250160273,1.7383783402160131
0.001621,2.6578040142437676,2.7416865596862365,2.8282165092985383,1.7383783402160131,1.8366240715181728,1.9404222326313807
0.002491,2.6578040142437676,2.7416865596862365,2.8282165092985383,1.9404222326313807,2.050086623212864,2.1659487775384263
0.003288,2.6578040142437676,2.7416865596862365,2.8282165092985383,2.1659487775384263,2.2883589667874706,2.417687257972894
0.003193,2.6578040142437676,2.7416865596862365,2.8282165092985383,2.417687257972894,2.5543246327171887,2.6986841692569943
0.00319,2.6578040142437676,2.7416865596862365,2.8282165092985383,2.6986841692569943,2.851202291249511,3.0123400871561223
0.003187,2.6578040142437676,2.7416865596862365,2.8282165092985383,3.0123400871561223,3.1825847041919566,3.3624508210555346
0.003108,2.6578040142437676,2.7416865596862365,2.8282165092985383,3.3624508210555346,3.552482203890815,3.7532533501855805
0.003136,2.6578040142437676,2.7416865596862365,2.8282165092985383,3.7532533501855805,3.9653712255759532,4.189477098807692
0.00314,2.6578040142437676,2.7416865596862365,2.8282165092985383,4.189477098807692,4.42624848040168,4.676401170884524
0.003008,2.6578040142437676,2.7416865596862365,2.8282165092985383,4.676401170884524,4.940691424776398,5.219918236878273
0.002958,2.6578040142437676,2.7416865596862365,2.8282165092985383,5.219918236878273,5.514925757770336,5.82660584582409
0.002971,2.6578040142437676,2.7416865596862365,2.8282165092985383,5.82660584582409,6.155900763443285,6.5038060256849075
0.002848,2.6578040142437676,2.7416865596862365,2.8282165092985383,6.5038060256849075,6.871373409872062,7.25971413529735
0.002778,2.6578040142437676,2.7416865596862365,2.8282165092985383,7.25971413529735,7.670002222629526,8.103478043179491
0.00289,2.6578040142437676,2.7416865596862365,2.8282165092985383,8.103478043179491,8.561452068755672,9.045308833445212
0.002846,2.6578040142437676,2.7416865596862365,2.8282165092985383,9.045308833445212,9.556511119298175,10.096604378568765
0.002686,2.6578040142437676,2.7416865596862365,2.8282165092985383,10.096604378568765,10.66722140588275,11.27008727445586
0.002502,2.6578040142437676,2.7416865596862365,2.8282165092985383,11.27008727445586,11.907024551286224,12.579958807087245
0.002182,2.6578040142437676,2.7416865596862365,2.8282165092985383,12.579958807087245,13.290924437618376,14.042070814012659
0.002159,2.6578040142437676,2.7416865596862365,2.8282165092985383,14.042070814012659,14.835668780694615,15.67411752053271
0.002013,2.6578040142437676,2.7416865596862365,2.8282165092985383,15.67411752053271,16.55995180798096,17.49584967213718
0.001865,2.6578040142437676,2.7416865596862365,2.8282165092985383,17.49584967213718,18.484640492884626,19.529313554592992
0.001706,2.6578040142437676,2.7416865596862365,2.8282165092985383,19.529313554592992,20.63302708323817,21.799117794261466
0.001599,2.6578040142437676,2.7416865596862365,2.8282165092985383,21.799117794261466,23.03111098003311,24.332731167416135
0.001445,2.6578040142437676,2.7416865596862365,2.8282165092985383,24.332731167416135,25.707913377650407,27.160815022597262
0.001393,2.6578040142437676,2.7416865596862365,2.8282165092985383,27.160815022597262,28.695828473309135,30.317594338921154
0.001224,2.6578040142437676,2.7416865596862365,2.8282165092985383,30.317594338921154,32.03101549600908,33.84127191082679
0.001212,2.6578040142437676,2.7416865596862365,2.8282165092985383,33.84127191082679,35.75383629923332,37.77449067165226
0.001049,2.6578040142437676,2.7416865596862365,2.8282165092985383,37.77449067165226,39.909343813081726,42.1648497509999
0.000978,2.6578040142437676,2.7416865596862365,2.8282165092985383,42.1648497509999,44.547827266997885,47.06548051112691
0.000913,2.6578040142437676,2.7416865596862365,2.8282165092985383,47.06548051112691,49.72542078128044,52.535689533454075
0.000837,2.6578040142437676,2.7416865596862365,2.8282165092985383,52.535689533454075,55.504782692447314,58.641676336502556
0.000823,2.6578040142437676,2.7416865596862365,2.8282165092985383,58.641676336502556,61.955853833530256,65.45733451095779
0.000701,2.6578040142437676,2.7416865596862365,2.8282165092985383,65.45733451095779,69.15670394587609,73.06514596705614
0.00062,2.6578040142437676,2.7416865596862365,2.8282165092985383,73.06514596705614,77.19447646558302,81.55717911632256
0.00058,2.6578040142437676,2.7416865596862365,2.8282165092985383,81.55717911632256,86.16644311821332,91.03620306747894
0.00056,2.6578040142437676,2.7416865596862365,2.8282165092985383,91.03620306747894,96.18118108430411,101.61693132033079
0.000494,2.6578040142437676,2.7416865596862365,2.8282165092985383,101.61693132033079,107.35988698152859,113.42741000859688
0.000486,2.6578040142437676,2.7416865596862365,2.8282165092985383,113.42741000859688,119.83784356509167,126.61056749195744
0.000485,2.6578040142437676,2.7416865596862365,2.8282165092985383,126.61056749195744,133.76605689611287,141.32594405021308
0.000468,2.6578040142437676,2.7416865596862365,2.8282165092985383,141.32594405021308,149.31308379072314,157.7516226120118
0.000438,2.6578040142437676,2.7416865596862365,2.8282165092985383,157.7516226120118,166.66707166534817,176.08638388349098
0.000378,2.6578040142437676,2.7416865596862365,2.8282165092985383,176.08638388349098,186.0380354640305,196.55211195782155
0.000386,2.6578040142437676,2.7416865596862365,2.8282165092985383,196.55211195782155,207.66039922276806,219.39647951792662
0.000351,2.6578040142437676,2.7416865596862365,2.8282165092985383,219.39647951792662,231.79583302844003,244.8959451282275
0.000347,2.6578040142437676,2.7416865596862365,2.8282165092985383,244.8959451282275,258.73641970470345,273.35909888812694
0.000289,2.6578040142437676,2.7416865596862365,2.8282165092985383,273.35909888812694,288.8081895475435,305.13039693573796
0.000285,2.6578040142437676,2.7416865596862365,2.8282165092985383,305.13039693573796,322.37506588723016,340.5943299961796
0.000288,2.6578040142437676,2.7416865596862365,2.8282165092985383,340.5943299961796,359.843269225189,380.18007642148444
0.000278,2.6578040142437676,2.7416865596862365,2.8282165092985383,380.18007642148444,401.66623324388144,424.3666960323934
0.000229,2.6578040142437676,2.7416865596862365,2.8282165092985383,424.3666960323934,448.35009218239543,473.6889276170203
0.00025,2.6578040142437676,2.7416865596862365,2.8282165092985383,473.6889276170203,500.45980598500944,528.7436602466912
0.000236,2.6578040142437676,2.7416865596862365,2.8282165092985383,528.7436602466912,558.6259973482117,590.1971567237096
0.00021,2.6578040142437676,2.7416865596862365,2.8282165092985383,590.1971567237096,623.5525834069318,658.7931165779523
0.000209,2.6578040142437676,2.7416865596862365,2.8282165092985383,658.7931165779523,696.0252944173212,735.3616761892738
0.000224,2.6578040142437676,2.7416865596862365,2.8282165092985383,735.3616761892738,776.9211825277038,820.8294549536521
0.000175,2.6578040142437676,2.7416865596862365,2.8282165092985383,820.8294549536521,867.2192357111913,916.2307690700113
0.000171,2.6578040142437676,2.7416865596862365,2.8282165092985383,916.2307690700113,968.0122253079195,1022.7201486550255
0.000152,2.6578040142437676,2.7416865596862365,2.8282165092985383,1022.7201486550255,1080.5199305538154,1141.5863096658716
0.000142,2.6578040142437676,2.7416865596862365,2.8282165092985383,1141.5863096658716,1206.1039001368388,1274.2677497166753
0.000152,2.6578040142437676,2.7416865596862365,2.8282165092985383,1274.2677497166753,1346.2839294224782,1422.370156526539
0.00015,2.6578040142437676,2.7416865596862365,2.8282165092985383,1422.370156526539,1502.7564527530292,1587.68583967315
0.000138,2.6578040142437676,2.7416865596862365,2.8282165092985383,1587.68583967315,1677.4150734010555,1772.2154208116622
0.000162,2.6578040142437676,2.7416865596862365,2.8282165092985383,1772.2154208116622,1872.373479626966,1978.1920448501505
0.000131,2.6578040142437676,2.7416865596862365,2.8282165092985383,1978.1920448501505,2089.991024166855,2208.1084050810155
0.000131,2.6578040142437676,2.7416865596862365,2.8282165092985383,2208.1084050810155,2332.9012767091076,2464.7469093218283
0.000122,2.6578040142437676,2.7416865596862365,2.8282165092985383,2464.7469093218283,2604.0438948968845,2751.213352130962
0.000102,2.6578040142437676,2.7416865596862365,2.8282165092985383,2751.213352130962,2906.7001995538217,3070.9745005933823
0.00013,2.6578040142437676,2.7416865596862365,2.8282165092985383,3070.9745005933823,3244.5328846581474,3427.9000485331494
0.000106,2.6578040142437676,2.7416865596862365,2.8282165092985383,3427.9000485331494,3621.630342628391,3826.309446875285
8.7e-05,2.6578040142437676,2.7416865596862365,2.8282165092985383,3826.309446875285,4042.556141337618,4271.024176889881
6.1e-05,2.6578040142437676,2.7416865596862365,2.8282165092985383,4271.024176889881,4512.404251618383,4767.426098920123
0.001953,2.8282165092985383,2.9174774173982194,3.009555475347845,0.07999999999999999,0.08452125887808527,0.08929804002920383
0.001958,2.8282165092985383,2.9174774173982194,3.009555475347845,0.08929804002920383,0.09434478448267444,0.09967674941321612
0.001944,2.8282165092985383,2.9174774173982194,3.009555475347845,0.09967674941321612,0.10531005426600588,0.11126172948852864
0.001889,2.8282165092985383,2.9174774173982194,3.009555475347845,0.11126172948852864,0.11754976801654278,0.12419317966981348
0.001835,2.8282165092985383,2.9174774173982194,3.009555475347845,0.12419317966981348,0.13121204862206076,0.13862759411886386
0.001813,2.8282165092985383,2.9174774173982194,3.009555475347845,0.13862759411886386,0.14646223462708277,0.15473965560973155
0.001861,2.8282165092985383,2.9174774173982194,3.009555475347845,0.15473965560973155,0.1634848811311985,0.1727243495092878
0.001923,2.8282165092985383,2.9174774173982194,3.009555475347845,0.1727243495092878,0.1824859932427924,0.1927993234562322
0.001777,2.8282165092985383,2.9174774173982194,3.009555475347845,0.1927993234562322,0.20369551911704872,0.21520752129497553
0.001971,2.8282165092985383,2.9174774173982194,3.009555475347845,0.21520752129497553,0.22737013274854592,0.24022012313980576
0.001828,2.8282165092985383,2.9174774173982194,3.009555475347845,0.24022012313980576,0.25379634019531294,0.26813982714948303
0.001809,2.8282165092985383,2.9174774173982194,3.009555475347845,0.26813982714948303,0.28329394682533116,0.2993045127277292
0.001805,2.8282165092985383,2.9174774173982194,3.009555475347845,0.2993045127277292,0.31621992754549455,0.3340913294810264
0.001796,2.8282165092985383,2.9174774173982194,3.009555475347845,0.3340913294810264,0.3529727468498688,0.37292126141758264
0.001741,2.8282165092985383,2.9174774173982194,3.009555475347845,0.37292126141758264,0.3939971809677202,0.41626422162260607
0.001737,2.8282165092985383,2.9174774173982194,3.009555475347845,0.41626422162260607,0.4397897004681118,0.46464473906476067
0.001738,2.8282165092985383,2.9174774173982194,3.009555475347845,0.46464473906476067,0.4909044784604127,0.5186483063545496
0.001718,2.8282165092985383,2.9174774173982194,3.009555475347845,0.5186483063545496,0.547960097100917,0.5789284652740918
0.001782,2.8282165092985383,2.9174774173982194,3.009555475347845,0.5789284652740918,0.6116470335665513,0.6462147158261423
0.001724,2.8282165092985383,2.9174774173982194,3.009555475347845,0.6462147158261423,0.6827360160896209,0.7213213445162929
0.001667,2.8282165092985383,2.9174774173982194,3.009555475347845,0.7213213445162929,0.7620873511768764,0.805157278706688
0.001616,2.8282165092985383,2.9174774173982194,3.009555475347845,0.805157278706688,0.8506613348892827,0.8987370862969332
0.001639,2.8282165092985383,2.9174774173982194,3.009555475347845,0.8987370862969332,0.9495298741779894,1.0031932538484196
0.001655,2.8282165092985383,2.9174774173982194,3.009555475347845,1.0031932538484196,1.0598894589158872,1.1197898917397926
0.001702,2.8282165092985383,2.9174774173982194,3.009555475347845,1.1197898917397926,1.183075641610026,1.249938032210973
0.001664,2.8282165092985383,2.9174774173982194,3.009555475347845,1.249938032210973,1.3205792000258516,1.3952127054299968
0.001608,2.8282165092985383,2.9174774173982194,3.009555475347845,1.3952127054299968,1.4740641783205308,1.5573720002342704
0.001618,2.8282165092985383,2.9174774173982194,3.009555475347845,1.5573720002342704,1.6453880250160273,1.7383783402160131
0.001603,2.8282165092985383,2.9174774173982194,3.009555475347845,1.7383783402160131,1.8366240715181728,1.9404222326313807
0.00259,2.8282165092985383,2.9174774173982194,3.009555475347845,1.9404222326313807,2.050086623212864,2.1659487775384263
0.003458,2.8282165092985383,2.9174774173982194,3.009555475347845,2.1659487775384263,2.2883589667874706,2.417687257972894
0.003379,2.8282165092985383,2.9174774173982194,3.009555475347845,2.417687257972894,2.5543246327171887,2.6986841692569943
0.003361,2.8282165092985383,2.9174774173982194,3.009555475347845,2.6986841692569943,2.851202291249511,3.0123400871561223
0.00323,2.8282165092985383,2.9174774173982194,3.009555475347845,3.0123400871561223,3.1825847041919566,3.3624508210555346
0.003208,2.8282165092985383,2.9174774173982194,3.009555475347845,3.3624508210555346,3.552482203890815,3.7532533501855805
0.00319,2.8282165092985383,2.9174774173982194,3.009555475347845,3.7532533501855805,3.9653712255759532,4.189477098807692
0.003053,2.8282165092985383,2.9174774173982194,3.009555475347845,4.189477098807692,4.42624848040168,4.676401170884524
0.003172,2.8282165092985383,2.9174774173982194,3.009555475347845,4.676401170884524,4.940691424776398,5.219918236878273
0.003054,2.8282165092985383,2.9174774173982194,3.009555475347845,5.219918236878273,5.514925757770336,5.82660584582409
0.003084,2.8282165092985383,2.9174774173982194,3.009555475347845,5.82660584582409,6.155900763443285,6.5038060256849075
0.002997,2.8282165092985383,2.9174774173982194,3.009555475347845,6.5038060256849075,6.871373409872062,7.25971413529735
0.002885,2.8282165092985383,2.9174774173982194,3.009555475347845,7.25971413529735,7.670002222629526,8.103478043179491
0.003009,2.8282165092985383,2.9174774173982194,3.009555475347845,8.103478043179491,8.561452068755672,9.045308833445212
0.002904,2.8282165092985383,2.9174774173982194,3.009555475347845,9.045308833445212,9.556511119298175,10.096604378568765
0.002809,2.8282165092985383,2.9174774173982194,3.009555475347845,10.096604378568765,10.66722140588275,11.27008727445586
0.00272,2.8282165092985383,2.9174774173982194,3.009555475347845,11.27008727445586,11.907024551286224,12.579958807087245
0.002427,2.8282165092985383,2.9174774173982194,3.009555475347845,12.579958807087245,13.290924437618376,14.042070814012659
0.002252,2.8282165092985383,2.9174774173982194,3.009555475347845,14.042070814012659,14.835668780694615,15.67411752053271
0.002063,2.8282165092985383,2.9174774173982194,3.009555475347845,15.67411752053271,16.55995180798096,17.49584967213718
0.001932,2.8282165092985383,2.9174774173982194,3.009555475347845,17.49584967213718,18.484640492884626,19.529313554592992
0.00183,2.8282165092985383,2.9174774173982194,3.009555475347845,19.529313554592992,20.63302708323817,21.799117794261466
0.001596,2.8282165092985383,2.9174774173982194,3.009555475347845,21.799117794261466,23.03111098003311,24.332731167416135
0.001572,2.8282165092985383,2.9174774173982194,3.009555475347845,24.332731167416135,25.707913377650407,27.160815022597262
0.001411,2.8282165092985383,2.9174774173982194,3.009555475347845,27.160815022597262,28.695828473309135,30.317594338921154
0.00129,2.8282165092985383,2.9174774173982194,3.009555475347845,30.317594338921154,32.03101549600908,33.84127191082679
0.001257,2.8282165092985383,2.9174774173982194,3.009555475347845,33.84127191082679,35.75383629923332,37.77449067165226
0.001145,2.8282165092985383,2.9174774173982194,3.009555475347845,37.77449067165226,39.909343813081726,42.1648497509999
0.001026,2.8282165092985383,2.9174774173982194,3.009555475347845,42.1648497509999,44.547827266997885,47.06548051112691
0.000932,2.8282165092985383,2.9174774173982194,3.009555475347845,47.06548051112691,49.72542078128044,52.535689533454075
0.000926,2.8282165092985383,2.9174774173982194,3.009555475347845,52.535689533454075,55.504782692447314,58.641676336502556
0.000829,2.8282165092985383,2.9174774173982194,3.009555475347845,58.641676336502556,61.955853833530256,65.45733451095779
0.00077,2.8282165092985383,2.9174774173982194,3.009555475347845,65.45733451095779,69.15670394587609,73.06514596705614
0.000645,2.8282165092985383,2.9174774173982194,3.009555475347845,73.06514596705614,77.19447646558302,81.55717911632256
0.000605,2.8282165092985383,2.9174774173982194,3.009555475347845,81.55717911632256,86.16644311821332,91.03620306747894
0.000565,2.8282165092985383,2.9174774173982194,3.009555475347845,91.03620306747894,96.18118108430411,101.61693132033079
0.00055,2.8282165092985383,2.9174774173982194,3.009555475347845,101.61693132033079,107.35988698152859,113.42741000859688
0.000532,2.8282165092985383,2.9174774173982194,3.009555475347845,113.42741000859688,119.83784356509167,126.61056749195744
0.00047,2.8282165092985383,2.9174774173982194,3.009555475347845,126.61056749195744,133.76605689611287,141.32594405021308
0.000465,2.8282165092985383,2.9174774173982194,3.009555475347845,141.32594405021308,149.31308379072314,157.7516226120118
0.000447,2.8282165092985383,2.9174774173982194,3.009555475347845,157.7516226120118,166.66707166534817,176.08638388349098
0.000438,2.8282165092985383,2.9174774173982194,3.009555475347845,176.08638388349098,186.0380354640305,196.55211195782155
0.000395,2.8282165092985383,2.9174774173982194,3.009555475347845,196.55211195782155,207.66039922276806,219.39647951792662
0.000354,2.8282165092985383,2.9174774173982194,3.009555475347845,219.39647951792662,231.79583302844003,244.8959451282275
0.000344,2.8282165092985383,2.9174774173982194,3.009555475347845,244.8959451282275,258.73641970470345,273.35909888812694
0.000363,2.8282165092985383,2.9174774173982194,3.009555475347845,273.35909888812694,288.8081895475435,305.13039693573796
0.000303,2.8282165092985383,2.9174774173982194,3.009555475347845,305.13039693573796,322.37506588723016,340.5943299961796
0.000301,2.8282165092985383,2.9174774173982194,3.009555475347845,340.5943299961796,359.843269225189,380.18007642148444
0.000307,2.8282165092985383,2.9174774173982194,3.009555475347845,380.18007642148444,401.66623324388144,424.3666960323934
0.000268,2.8282165092985383,2.9174774173982194,3.009555475347845,424.3666960323934,448.35009218239543,473.6889276170203
0.000277,2.8282165092985383,2.9174774173982194,3.009555475347845,473.6889276170203,500.45980598500944,528.7436602466912
0.00024,2.8282165092985383,2.9174774173982194,3.009555475347845,528.7436602466912,558.6259973482117,590.1971567237096
0.000259,2.8282165092985383,2.9174774173982194,3.009555475347845,590.1971567237096,623.5525834069318,658.7931165779523
0.00024,2.8282165092985383,2.9174774173982194,3.009555475347845,658.7931165779523,696.0252944173212,735.3616761892738
0.000166,2.8282165092985383,2.9174774173982194,3.009555475347845,735.3616761892738,776.9211825277038,820.8294549536521
0.000187,2.8282165092985383,2.9174774173982194,3.009555475347845,820.8294549536521,867.2192357111913,916.2307690700113
0.000195,2.8282165092985383,2.9174774173982194,3.009555475347845,916.2307690700113,968.0122253079195,1022.7201486550255
0.000175,2.8282165092985383,2.9174774173982194,3.009555475347845,1022.7201486550255,1080.5199305538154,1141.5863096658716
0.00017,2.8282165092985383,2.9174774173982194,3.009555475347845,1141.5863096658716,1206.1039001368388,1274.2677497166753
0.000164,2.8282165092985383,2.9174774173982194,3.009555475347845,1274.2677497166753,1346.2839294224782,1422.370156526539
0.000157,2.8282165092985383,2.9174774173982194,3.009555475347845,1422.370156526539,1502.7564527530292,1587.68583967315
0.000172,2.8282165092985383,2.9174774173982194,3.009555475347845,1587.68583967315,1677.4150734010555,1772.2154208116622
0.000139,2.8282165092985383,2.9174774173982194,3.009555475347845,1772.2154208116622,1872.373479626966,1978.1920448501505
0.000137,2.8282165092985383,2.9174774173982194,3.009555475347845,1978.1920448501505,2089.991024166855,2208.1084050810155
0.000127,2.8282165092985383,2.9174774173982194,3.009555475347845,2208.1084050810155,2332.9012767091076,2464.7469093218283
0.000101,2.8282165092985383,2.9174774173982194,3.009555475347845,2464.7469093218283,2604.0438948968845,2751.213352130962
0.000121,2.8282165092985383,2.9174774173982194,3.009555475347845,2751.213352130962,2906.7001995538217,3070.9745005933823
0.000112,2.8282165092985383,2.9174774173982194,3.009555475347845,3070.9745005933823,3244.5328846581474,3427.9000485331494
0.000108,2.8282165092985383,2.9174774173982194,3.009555475347845,3427.9000485331494,3621.630342628391,3826.309446875285
0.000105,2.8282165092985383,2.9174774173982194,3.009555475347845,3826.309446875285,4042.556141337618,4271.024176889881
0.000122,2.8282165092985383,2.9174774173982194,3.009555475347845,4271.024176889881,4512.404251618383,4767.426098920123
0.001975,3.009555475347845,3.104539594782372,3.202521493463255,0.07999999999999999,0.08452125887808527,0.08929804002920383
0.001971,3.009555475347845,3.104539594782372,3.202521493463255,0.08929804002920383,0.09434478448267444,0.09967674941321612
0.001982,3.009555475347845,3.104539594782372,3.202521493463255,0.09967674941321612,0.10531005426600588,0.11126172948852864
0.001961,3.009555475347845,3.104539594782372,3.202521493463255,0.11126172948852864,0.11754976801654278,0.12419317966981348
0.001924,3.009555475347845,3.104539594782372,3.202521493463255,0.12419317966981348,0.13121204862206076,0.13862759411886386
0.001916,3.009555475347845,3.104539594782372,3.202521493463255,0.13862759411886386,0.14646223462708277,0.15473965560973155
0.001803,3.009555475347845,3.104539594782372,3.202521493463255,0.15473965560973155,0.1634848811311985,0.1727243495092878
0.001901,3.009555475347845,3.104539594782372,3.202521493463255,0.1727243495092878,0.1824859932427924,0.1927993234562322
0.001828,3.009555475347845,3.104539594782372,3.202521493463255,0.1927993234562322,0.20369551911704872,0.21520752129497553
0.001821,3.009555475347845,3.104539594782372,3.202521493463255,0.21520752129497553,0.22737013274854592,0.24022012313980576
0.00194,3.009555475347845,3.104539594782372,3.202521493463255,0.24022012313980576,0.25379634019531294,0.26813982714948303
0.001842,3.009555475347845,3.104539594782372,3.202521493463255,0.26813982714948303,0.28329394682533116,0.2993045127277292
0.001857,3.009555475347845,3.104539594782372,3.202521493463255,0.2993045127277292,0.31621992754549455,0.3340913294810264
0.00183,3.009555475347845,3.104539594782372,3.202521493463255,0.3340913294810264,0.3529727468498688,0.37292126141758264
0.001847,3.009555475347845,3.104539594782372,3.202521493463255,0.37292126141758264,0.3939971809677202,0.41626422162260607
0.001805,3.009555475347845,3.104539594782372,3.202521493463255,0.41626422162260607,0.4397897004681118,0.46464473906476067
0.001703,3.009555475347845,3.104539594782372,3.202521493463255,0.46464473906476067,0.4909044784604127,0.5186483063545496
0.001796,3.009555475347845,3.104539594782372,3.202521493463255,0.5186483063545496,0.547960097100917,0.5789284652740918
0.001815,3.009555475347845,3.104539594782372,3.202521493463255,0.5789284652740918,0.6116470335665513,0.6462147158261423
0.001717,3.009555475347845,3.104539594782372,3.202521493463255,0.6462147158261423,0.6827360160896209,0.7213213445162929
0.001741,3.009555475347845,3.104539594782372,3.202521493463255,0.7213213445162929,0.7620873511768764,0.805157278706688
0.001668,3.009555475347845,3.104539594782372,3.202521493463255,0.805157278706688,0.8506613348892827,0.8987370862969332
0.001781,3.009555475347845,3.104539594782372,3.202521493463255,0.8987370862969332,0.9495298741779894,1.0031932538484196
0.00171,3.009555475347845,3.104539594782372,3.202521493463255,1.0031932538484196,1.0598894589158872,1.1197898917397926
0.001695,3.009555475347845,3.104539594782372,3.202521493463255,1.1197898917397926,1.183075641610026,1.249938032210973
0.001686,3.009555475347845,3.104539594782372,3.202521493463255,1.249938032210973,1.3205792000258516,1.3952127054299968
0.001638,3.009555475347845,3.104539594782372,3.202521493463255,1.3952127054299968,1.4740641783205308,1.5573720002342704
0.001666,3.009555475347845,3.104539594782372,3.202521493463255,1.5573720002342704,1.6453880250160273,1.7383783402160131
0.001613,3.009555475347845,3.104539594782372,3.202521493463255,1.7383783402160131,1.8366240715181728,1.9404222326313807
0.002687,3.009555475347845,3.104539594782372,3.202521493463255,1.9404222326313807,2.050086623212864,2.1659487775384263
0.003511,3.009555475347845,3.104539594782372,3.202521493463255,2.1659487775384263,2.2883589667874706,2.417687257972894
0.003357,3.009555475347845,3.104539594782372,3.202521493463255,2.417687257972894,2.5543246327171887,2.6986841692569943
0.00342,3.009555475347845,3.104539594782372,3.202521493463255,2.6986841692569943,2.851202291249511,3.0123400871561223
0.003391,3.009555475347845,3.104539594782372,3.202521493463255,3.0123400871561223,3.1825847041919566,3.3624508210555346
0.003374,3.009555475347845,3.104539594782372,3.202521493463255,3.3624508210555346,3.552482203890815,3.7532533501855805
0.003217,3.009555475347845,3.104539594782372,3.202521493463255,3.7532533501855805,3.9653712255759532,4.189477098807692
0.003215,3.009555475347845,3.104539594782372,3.202521493463255,4.189477098807692,4.42624848040168,4.676401170884524
0.003131,3.009555475347845,3.104539594782372,3.202521493463255,4.676401170884524,4.940691424776398,5.219918236878273
0.003093,3.009555475347845,3.104539594782372,3.202521493463255,5.219918236878273,5.514925757770336,5.82660584582409
0.003108,3.009555475347845,3.104539594782372,3.202521493463255,5.82660584582409,6.155900763443285,6.5038060256849075
0.003122,3.009555475347845,3.104539594782372,3.202521493463255,6.5038060256849075,6.871373409872062,7.25971413529735
0.003049,3.009555475347845,3.104539594782372,3.202521493463255,7.25971413529735,7.670002222629526,8.103478043179491
0.003005,3.009555475347845,3.104539594782372,3.202521493463255,8.103478043179491,8.561452068755672,9.045308833445212
0.002855,3.009555475347845,3.104539594782372,3.202521493463255,9.045308833445212,9.556511119298175,10.096604378568765
0.002992,3.009555475347845,3.104539594782372,3.202521493463255,10.096604378568765,10.66722140588275,11.27008727445586
0.00286,3.009555475347845,3.104539594782372,3.202521493463255,11.27008727445586,11.907024551286224,12.579958807087245
0.002602,3.009555475347845,3.104539594782372,3.202521493463255,12.579958807087245,13.290924437618376,14.042070814012659
0.002406,3.009555475347845,3.104539594782372,3.202521493463255,14.042070814012659,14.835668780694615,15.67411752053271
0.002193,3.009555475347845,3.104539594782372,3.202521493463255,15.67411752053271,16.55995180798096,17.49584967213718
0.002047,3.009555475347845,3.104539594782372,3.202521493463255,17.49584967213718,18.484640492884626,19.529313554592992
0.001893,3.009555475347845,3.104539594782372,3.202521493463255,19.529313554592992,20.63302708323817,21.799117794261466
0.001758,3.009555475347845,3.104539594782372,3.202521493463255,21.799117794261466,23.03111098003311,24.332731167416135
0.001676,3.009555475347845,3.104539594782372,3.202521493463255,24.332731167416135,25.707913377650407,27.160815022597262
0.001476,3.009555475347845,3.104539594782372,3.202521493463255,27.160815022597262,28.695828473309135,30.317594338921154
0.001526,3.009555475347845,3.104539594782372,3.202521493463255,30.317594338921154,32.03101549600908,33.84127191082679
0.001311,3.009555475347845,3.104539594782372,3.202521493463255,33.84127191082679,35.75383629923332,37.77449067165226
0.001222,3.009555475347845,3.104539594782372,3.202521493463255,37.77449067165226,39.909343813081726,42.1648497509999
0.001075,3.009555475347845,3.104539594782372,3.202521493463255,42.1648497509999,44.547827266997885,47.06548051112691
0.001032,3.009555475347845,3.104539594782372,3.202521493463255,47.06548051112691,49.72542078128044,52.535689533454075
0.000974,3.009555475347845,3.104539594782372,3.202521493463255,52.535689533454075,55.504782692447314,58.641676336502556
0.000864,3.009555475347845,3.104539594782372,3.202521493463255,58.641676336502556,61.955853833530256,65.45733451095779
0.000802,3.009555475347845,3.104539594782372,3.202521493463255,65.45733451095779,69.15670394587609,73.06514596705614
0.000678,3.009555475347845,3.104539594782372,3.202521493463255,73.06514596705614,77.19447646558302,81.55717911632256
0.000626,3.009555475347845,3.104539594782372,3.202521493463255,81.55717911632256,86.16644311821332,91.03620306747894
0.000572,3.009555475347845,3.104539594782372,3.202521493463255,91.03620306747894,96.18118108430411,101.61693132033079
0.000556,3.009555475347845,3.104539594782372,3.202521493463255,101.61693132033079,107.35988698152859,113.42741000859688
0.000513,3.009555475347845,3.104539594782372,3.202521493463255,113.42741000859688,119.83784356509167,126.61056749195744
0.000505,3.009555475347845,3.104539594782372,3.202521493463255,126.61056749195744,133.76605689611287,141.32594405021308
0.000466,3.009555475347845,3.104539594782372,3.202521493463255,141.32594405021308,149.31308379072314,157.7516226120118
0.000466,3.009555475347845,3.104539594782372,3.202521493463255,157.7516226120118,166.66707166534817,176.08638388349098
0.000425,3.009555475347845,3.104539594782372,3.202521493463255,176.08638388349098,186.0380354640305,196.55211195782155
0.000456,3.009555475347845,3.104539594782372,3.202521493463255,196.55211195782155,207.66039922276806,219.39647951792662
0.000414,3.009555475347845,3.104539594782372,3.202521493463255,219.39647951792662,231.79583302844003,244.8959451282275
0.000399,3.009555475347845,3.104539594782372,3.202521493463255,244.8959451282275,258.73641970470345,273.35909888812694
0.000314,3.009555475347845,3.104539594782372,3.202521493463255,273.35909888812694,288.8081895475435,305.13039693573796
0.000352,3.009555475347845,3.104539594782372,3.202521493463255,305.13039693573796,322.37506588723016,340.5943299961796
0.000291,3.009555475347845,3.104539594782372,3.202521493463255,340.5943299961796,359.843269225189,380.18007642148444
0.000296,3.009555475347845,3.104539594782372,3.202521493463255,380.18007642148444,401.66623324388144,424.3666960323934
0.000291,3.009555475347845,3.104539594782372,3.202521493463255,424.3666960323934,448.35009218239543,473.6889276170203
0.000241,3.009555475347845,3.104539594782372,3.202521493463255,473.6889276170203,500.45980598500944,528.7436602466912
0.000277,3.009555475347845,3.104539594782372,3.202521493463255,528.7436602466912,558.6259973482117,590.1971567237096
0.000262,3.009555475347845,3.104539594782372,3.202521493463255,590.1971567237096,623.5525834069318,658.7931165779523
0.00023,3.009555475347845,3.104539594782372,3.202521493463255,658.7931165779523,696.0252944173212,735.3616761892738
0.000204,3.009555475347845,3.104539594782372,3.202521493463255,735.3616761892738,776.9211825277038,820.8294549536521
0.00022,3.009555475347845,3.104539594782372,3.202521493463255,820.8294549536521,867.2192357111913,916.2307690700113
0.000193,3.009555475347845,3.104539594782372,3.202521493463255,916.2307690700113,968.0122253079195,1022.7201486550255
0.000177,3.009555475347845,3.104539594782372,3.202521493463255,1022.7201486550255,1080.5199305538154,1141.5863096658716
0.000173,3.009555475347845,3.104539594782372,3.202521493463255,1141.5863096658716,1206.1039001368388,1274.2677497166753
0.000178,3.009555475347845,3.104539594782372,3.202521493463255,1274.2677497166753,1346.2839294224782,1422.370156526539
0.000168,3.009555475347845,3.104539594782372,3.202521493463255,1422.370156526539,1502.7564527530292,1587.68583967315
0.000148,3.009555475347845,3.104539594782372,3.202521493463255,1587.68583967315,1677.4150734010555,1772.2154208116622
0.00014,3.009555475347845,3.104539594782372,3.202521493463255,1772.2154208116622,1872.373479626966,1978.1920448501505
0.000152,3.009555475347845,3.104539594782372,3.202521493463255,1978.1920448501505,2089.991024166855,2208.1084050810155
0.000151,3.009555475347845,3.104539594782372,3.202521493463255,2208.1084050810155,2332.9012767091076,2464.7469093218283
0.000138,3.009555475347845,3.104539594782372,3.202521493463255,2464.7469093218283,2604.0438948968845,2751.213352130962
0.000113,3.009555475347845,3.104539594782372,3.202521493463255,2751.213352130962,2906.7001995538217,3070.9745005933823
0.000126,3.009555475347845,3.104539594782372,3.202521493463255,3070.9745005933823,3244.5328846581474,3427.9000485331494
0.000123,3.009555475347845,3.104539594782372,3.202521493463255,3427.9000485331494,3621.630342628391,3826.309446875285
0.000102,3.009555475347845,3.104539594782372,3.202521493463255,3826.309446875285,4042.556141337618,4271.024176889881
9.2e-05,3.009555475347845,3.104539594782372,3.202521493463255,4271.024176889881,4512.404251618383,4767.426098920123
0.002024,3.202521493463255,3.3035957838421677,3.4078600644198827,0.07999999999999999,0.08452125887808527,0.08929804002920383
0.002008,3.202521493463255,3.3035957838421677,3.4078600644198827,0.08929804002920383,0.09434478448267444,0.09967674941321612
0.001951,3.202521493463255,3.3035957838421677,3.4078600644198827,0.09967674941321612,0.10531005426600588,0.11126172948852864
0.001979,3.202521493463255,3.3035957838421677,3.4078600644198827,0.11126172948852864,0.11754976801654278,0.12419317966981348
0.002028,3.202521493463255,3.3035957838421677,3.4078600644198827,0.12419317966981348,0.13121204862206076,0.13862759411886386
0.001934,3.202521493463255,3.3035957838421677,3.4078600644198827,0.13862759411886386,0.14646223462708277,0.15473965560973155
0.00195,3.202521493463255,3.3035957838421677,3.4078600644198827,0.15473965560973155,0.1634848811311985,0.1727243495092878
0.001911,3.202521493463255,3.3035957838421677,3.4078600644198827,0.1727243495092878,0.1824859932427924,0.1927993234562322
0.001877,3.202521493463255,3.3035957838421677,3.4078600644198827,0.1927993234562322,0.20369551911704872,0.21520752129497553
0.001896,3.202521493463255,3.3035957838421677,3.4078600644198827,0.21520752129497553,0.22737013274854592,0.24022012313980576
0.001867,3.202521493463255,3.3035957838421677,3.4078600644198827,0.24022012313980576,0.25379634019531294,0.26813982714948303
0.00185,3.202521493463255,3.3035957838421677,3.4078600644198827,0.26813982714948303,0.28329394682533116,0.2993045127277292
0.001861,3.202521493463255,3.3035957838421677,3.4078600644198827,0.2993045127277292,0.31621992754549455,0.3340913294810264
0.001855,3.202521493463255,3.3035957838421677,3.4078600644198827,0.3340913294810264,0.3529727468498688,0.37292126141758264
0.001867,3.202521493463255,3.3035957838421677,3.4078600644198827,0.37292126141758264,0.3939971809677202,0.41626422162260607
0.001924,3.202521493463255,3.3035957838421677,3.4078600644198827,0.41626422162260607,0.4397897004681118,0.46464473906476067
0.00177,3.202521493463255,3.3035957838421677,3.4078600644198827,0.46464473906476067,0.4909044784604127,0.5186483063545496
0.001896,3.202521493463255,3.3035957838421677,3.4078600644198827,0.5186483063545496,0.547960097100917,0.5789284652740918
0.001825,3.202521493463255,3.3035957838421677,3.4078600644198827,0.5789284652740918,0.6116470335665513,0.6462147158261423
0.001782,3.202521493463255,3.3035957838421677,3.4078600644198827,0.6462147158261423,0.6827360160896209,0.7213213445162929
0.001823,3.202521493463255,3.3035957838421677,3.4078600644198827,0.7213213445162929,0.7620873511768764,0.805157278706688
0.001726,3.202521493463255,3.3035957838421677,3.4078600644198827,0.805157278706688,0.8506613348892827,0.8987370862969332
0.001774,3.202521493463255,3.3035957838421677,3.4078600644198827,0.8987370862969332,0.9495298741779894,1.0031932538484196
0.00177,3.202521493463255,3.3035957838421677,3.4078600644198827,1.0031932538484196,1.0598894589158872,1.1197898917397926
0.001706,3.202521493463255,3.3035957838421677,3.4078600644198827,1.1197898917397926,1.183075641610026,1.249938032210973
0.001753,3.202521493463255,3.3035957838421677,3.4078600644198827,1.249938032210973,1.3205792000258516,1.3952127054299968
0.001734,3.202521493463255,3.3035957838421677,3.4078600644198827,1.3952127054299968,1.4740641783205308,1.5573720002342704
0.001666,3.202521493463255,3.3035957838421677,3.4078600644198827,1.5573720002342704,1.6453880250160273,1.7383783402160131
0.001674,3.202521493463255,3.3035957838421677,3.4078600644198827,1.7383783402160131,1.8366240715181728,1.9404222326313807
0.002691,3.202521493463255,3.3035957838421677,3.4078600644198827,1.9404222326313807,2.050086623212864,2.1659487775384263
0.003522,3.202521493463255,3.3035957838421677,3.4078600644198827,2.1659487775384263,2.2883589667874706,2.417687257972894
0.003557,3.202521493463255,3.3035957838421677,3.4078600644198827,2.417687257972894,2.5543246327171887,2.6986841692569943
0.003447,3.202521493463255,3.3035957838421677,3.4078600644198827,2.6986841692569943,2.851202291249511,3.0123400871561223
0.003298,3.202521493463255,3.3035957838421677,3.4078600644198827,3.0123400871561223,3.1825847041919566,3.3624508210555346
0.003359,3.202521493463255,3.3035957838421677,3.4078600644198827,3.3624508210555346,3.552482203890815,3.7532533501855805
0.003335,3.202521493463255,3.3035957838421677,3.4078600644198827,3.7532533501855805,3.9653712255759532,4.189477098807692
0.003363,3.202521493463255,3.3035957838421677,3.4078600644198827,4.189477098807692,4.42624848040168,4.676401170884524
0.003304,3.202521493463255,3.3035957838421677,3.4078600644198827,4.676401170884524,4.940691424776398,5.219918236878273
0.003188,3.202521493463255,3.3035957838421677,3.4078600644198827,5.219918236878273,5.514925757770336,5.82660584582409
0.003191,3.202521493463255,3.3035957838421677,3.4078600644198827,5.82660584582409,6.155900763443285,6.5038060256849075
0.003042,3.202521493463255,3.3035957838421677,3.4078600644198827,6.5038060256849075,6.871373409872062,7.25971413529735
0.003133,3.202521493463255,3.3035957838421677,3.4078600644198827,7.25971413529735,7.670002222629526,8.103478043179491
0.003058,3.202521493463255,3.3035957838421677,3.4078600644198827,8.103478043179491,8.561452068755672,9.045308833445212
0.003053,3.202521493463255,3.3035957838421677,3.4078600644198827,9.045308833445212,9.556511119298175,10.096604378568765
0.002957,3.202521493463255,3.3035957838421677,3.4078600644198827,10.096604378568765,10.66722140588275,11.27008727445586
0.003025,3.202521493463255,3.3035957838421677,3.4078600644198827,11.27008727445586,11.907024551286224,12.579958807087245
0.002707,3.202521493463255,3.3035957838421677,3.4078600644198827,12.579958807087245,13.290924437618376,14.042070814012659
0.002574,3.202521493463255,3.3035957838421677,3.4078600644198827,14.042070814012659,14.835668780694615,15.67411752053271
0.002354,3.202521493463255,3.3035957838421677,3.4078600644198827,15.67411752053271,16.55995180798096,17.49584967213718
0.00207,3.202521493463255,3.3035957838421677,3.4078600644198827,17.49584967213718,18.484640492884626,19.529313554592992
0.001919,3.202521493463255,3.3035957838421677,3.4078600644198827,19.529313554592992,20.63302708323817,21.799117794261466
0.001915,3.202521493463255,3.3035957838421677,3.4078600644198827,21.799117794261466,23.03111098003311,24.332731167416135
0.001726,3.202521493463255,3.3035957838421677,3.4078600644198827,24.332731167416135,25.707913377650407,27.160815022597262
0.001634,3.202521493463255,3.3035957838421677,3.4078600644198827,27.160815022597262,28.695828473309135,30.317594338921154
0.001488,3.202521493463255,3.3035957838421677,3.4078600644198827,30.317594338921154,32.03101549600908,33.84127191082679
0.001339,3.202521493463255,3.3035957838421677,3.4078600644198827,33.84127191082679,35.75383629923332,37.77449067165226
0.001267,3.202521493463255,3.3035957838421677,3.4078600644198827,37.77449067165226,39.909343813081726,42.1648497509999
0.001159,3.202521493463255,3.3035957838421677,3.4078600644198827,42.1648497509999,44.547827266997885,47.06548051112691
0.001117,3.202521493463255,3.3035957838421677,3.4078600644198827,47.06548051112691,49.72542078128044,52.535689533454075
0.00104,3.202521493463255,3.3035957838421677,3.4078600644198827,52.535689533454075,55.504782692447314,58.641676336502556
0.000964,3.202521493463255,3.3035957838421677,3.4078600644198827,58.641676336502556,61.955853833530256,65.45733451095779
0.000821,3.202521493463255,3.3035957838421677,3.4078600644198827,65.45733451095779,69.15670394587609,73.06514596705614
0.000596,3.202521493463255,3.3035957838421677,3.4078600644198827,73.06514596705614,77.19447646558302,81.55717911632256
0.000536,3.202521493463255,3.3035957838421677,3.4078600644198827,81.55717911632256,86.16644311821332,91.03620306747894
0.000503,3.202521493463255,3.3035957838421677,3.4078600644198827,91.03620306747894,96.18118108430411,101.61693132033079
0.000487,3.202521493463255,3.3035957838421677,3.4078600644198827,101.61693132033079,107.35988698152859,113.42741000859688
0.000492,3.202521493463255,3.3035957838421677,3.4078600644198827,113.42741000859688,119.83784356509167,126.61056749195744
0.000468,3.202521493463255,3.3035957838421677,3.4078600644198827,126.61056749195744,133.76605689611287,141.32594405021308
0.000475,3.202521493463255,3.3035957838421677,3.4078600644198827,141.32594405021308,149.31308379072314,157.7516226120118
0.000413,3.202521493463255,3.3035957838421677,3.4078600644198827,157.7516226120118,166.66707166534817,176.08638388349098
0.000348,3.202521493463255,3.3035957838421677,3.4078600644198827,176.08638388349098,186.0380354640305,196.55211195782155
0.000344,3.202521493463255,3.3035957838421677,3.4078600644198827,196.55211195782155,207.66039922276806,219.39647951792662
0.000358,3.202521493463255,3.3035957838421677,3.4078600644198827,219.39647951792662,231.79583302844003,244.8959451282275
0.000345,3.202521493463255,3.3035957838421677,3.4078600644198827,244.8959451282275,258.73641970470345,273.35909888812694
0.00031,3.202521493463255,3.3035957838421677,3.4078600644198827,273.35909888812694,288.8081895475435,305.13039693573796
0.000324,3.202521493463255,3.3035957838421677,3.4078600644198827,305.13039693573796,322.37506588723016,340.5943299961796
0.000304,3.202521493463255,3.3035957838421677,3.4078600644198827,340.5943299961796,359.843269225189,380.18007642148444
0.000254,3.202521493463255,3.3035957838421677,3.4078600644198827,380.18007642148444,401.66623324388144,424.3666960323934
0.000275,3.202521493463255,3.3035957838421677,3.4078600644198827,424.3666960323934,448.35009218239543,473.6889276170203
0.000256,3.202521493463255,3.3035957838421677,3.4078600644198827,473.6889276170203,500.45980598500944,528.7436602466912
0.000238,3.202521493463255,3.3035957838421677,3.4078600644198827,528.7436602466912,558.6259973482117,590.1971567237096
0.000197,3.202521493463255,3.3035957838421677,3.4078600644198827,590.1971567237096,623.5525834069318,658.7931165779523
0.000197,3.202521493463255,3.3035957838421677,3.4078600644198827,658.7931165779523,696.0252944173212,735.3616761892738
0.000214,3.202521493463255,3.3035957838421677,3.4078600644198827,735.3616761892738,776.9211825277038,820.8294549536521
0.000163,3.202521493463255,3.3035957838421677,3.4078600644198827,820.8294549536521,867.2192357111913,916.2307690700113
0.000185,3.202521493463255,3.3035957838421677,3.4078600644198827,916.2307690700113,968.0122253079195,1022.7201486550255
0.000208,3.202521493463255,3.3035957838421677,3.4078600644198827,1022.7201486550255,1080.5199305538154,1141.5863096658716
0.000163,3.202521493463255,3.3035957838421677,3.4078600644198827,1141.5863096658716,1206.1039001368388,1274.2677497166753
0.000155,3.202521493463255,3.3035957838421677,3.4078600644198827,1274.2677497166753,1346.2839294224782,1422.370156526539
0.000143,3.202521493463255,3.3035957838421677,3.4078600644198827,1422.370156526539,1502.7564527530292,1587.68583967315
0.000146,3.202521493463255,3.3035957838421677,3.4078600644198827,1587.68583967315,1677.4150734010555,1772.2154208116622
0.000135,3.202521493463255,3.3035957838421677,3.4078600644198827,1772.2154208116622,1872.373479626966,1978.1920448501505
0.000133,3.202521493463255,3.3035957838421677,3.4078600644198827,1978.1920448501505,2089.991024166855,2208.1084050810155
0.000124,3.202521493463255,3.3035957838421677,3.4078600644198827,2208.1084050810155,2332.9012767091076,2464.7469093218283
0.000134,3.202521493463255,3.3035957838421677,3.4078600644198827,2464.7469093218283,2604.0438948968845,2751.213352130962
0.000126,3.202521493463255,3.3035957838421677,3.4078600644198827,2751.213352130962,2906.7001995538217,3070.9745005933823
0.000119,3.202521493463255,3.3035957838421677,3.4078600644198827,3070.9745005933823,3244.5328846581474,3427.9000485331494
0.000104,3.202521493463255,3.3035957838421677,3.4078600644198827,3427.9000485331494,3621.630342628391,3826.309446875285
8.4e-05,3.202521493463255,3.3035957838421677,3.4078600644198827,3826.309446875285,4042.556141337618,4271.024176889881
8.5e-05,3.202521493463255,3.3035957838421677,3.4078600644198827,4271.024176889881,4512.404251618383,4767.426098920123
0.002071,3.4078600644198827,3.5154150139885076,3.626364488848088,0.07999999999999999,0.08452125887808527,0.08929804002920383
0.002071,3.4078600644198827,3.5154150139885076,3.626364488848088,0.08929804002920383,0.09434478448267444,0.09967674941321612
0.00204,3.4078600644198827,3.5154150139885076,3.626364488848088,0.09967674941321612,0.10531005426600588,0.11126172948852864
0.002003,3.4078600644198827,3.5154150139885076,3.626364488848088,0.11126172948852864,0.11754976801654278,0.12419317966981348
0.001958,3.4078600644198827,3.5154150139885076,3.626364488848088,0.12419317966981348,0.13121204862206076,0.13862759411886386
0.002016,3.4078600644198827,3.5154150139885076,3.626364488848088,0.13862759411886386,0.14646223462708277,0.15473965560973155
0.001972,3.4078600644198827,3.5154150139885076,3.626364488848088,0.15473965560973155,0.1634848811311985,0.1727243495092878
0.001953,3.4078600644198827,3.5154150139885076,3.626364488848088,0.1727243495092878,0.1824859932427924,0.1927993234562322
0.001885,3.4078600644198827,3.5154150139885076,3.626364488848088,0.1927993234562322,0.20369551911704872,0.21520752129497553
0.001969,3.4078600644198827,3.5154150139885076,3.626364488848088,0.21520752129497553,0.22737013274854592,0.24022012313980576
0.001911,3.4078600644198827,3.5154150139885076,3.626364488848088,0.24022012313980576,0.25379634019531294,0.26813982714948303
0.001962,3.4078600644198827,3.5154150139885076,3.626364488848088,0.26813982714948303,0.28329394682533116,0.2993045127277292
0.001978,3.4078600644198827,3.5154150139885076,3.626364488848088,0.2993045127277292,0.31621992754549455,0.3340913294810264
0.001863,3.4078600644198827,3.5154150139885076,3.626364488848088,0.3340913294810264,0.3529727468498688,0.37292126141758264
0.001843,3.4078600644198827,3.5154150139885076,3.626364488848088,0.37292126141758264,0.3939971809677202,0.41626422162260607
0.001883,3.4078600644198827,3.5154150139885076,3.626364488848088,0.41626422162260607,0.4397897004681118,0.46464473906476067
0.001803,3.4078600644198827,3.5154150139885076,3.626364488848088,0.46464473906476067,0.4909044784604127,0.5186483063545496
0.001846,3.4078600644198827,3.5154150139885076,3.626364488848088,0.5186483063545496,0.547960097100917,0.5789284652740918
0.001866,3.4078600644198827,3.5154150139885076,3.626364488848088,0.5789284652740918,0.6116470335665513,0.6462147158261423
0.001805,3.4078600644198827,3.5154150139885076,3.626364488848088,0.6462147158261423,0.6827360160896209,0.7213213445162929
0.001904,3.4078600644198827,3.5154150139885076,3.626364488848088,0.7213213445162929,0.7620873511768764,0.805157278706688
0.001812,3.4078600644198827,3.5154150139885076,3.626364488848088,0.805157278706688,0.8506613348892827,0.8987370862969332
0.001744,3.4078600644198827,3.5154150139885076,3.626364488848088,0.8987370862969332,0.9495298741779894,1.0031932538484196
0.001844,3.4078600644198827,3.5154150139885076,3.626364488848088,1.0031932538484196,1.0598894589158872,1.1197898917397926
0.001835,3.4078600644198827,3.5154150139885076,3.626364488848088,1.1197898917397926,1.183075641610026,1.249938032210973
0.001697,3.4078600644198827,3.5154150139885076,3.626364488848088,1.249938032210973,1.3205792000258516,1.3952127054299968
0.001879,3.4078600644198827,3.5154150139885076,3.626364488848088,1.3952127054299968,1.4740641783205308,1.5573720002342704
0.00174,3.4078600644198827,3.5154150139885076,3.626364488848088,1.5573720002342704,1.6453880250160273,1.7383783402160131
0.001693,3.4078600644198827,3.5154150139885076,3.626364488848088,1.7383783402160131,1.8366240715181728,1.9404222326313807
0.002869,3.4078600644198827,3.5154150139885076,3.626364488848088,1.9404222326313807,2.050086623212864,2.1659487775384263
0.00358,3.4078600644198827,3.5154150139885076,3.626364488848088,2.1659487775384263,2.2883589667874706,2.417687257972894
0.003669,3.4078600644198827,3.5154150139885076,3.626364488848088,2.417687257972894,2.5543246327171887,2.6986841692569943
0.003563,3.4078600644198827,3.5154150139885076,3.626364488848088,2.6986841692569943,2.851202291249511,3.0123400871561223
0.003532,3.4078600644198827,3.5154150139885076,3.626364488848088,3.0123400871561223,3.1825847041919566,3.3624508210555346
0.003412,3.4078600644198827,3.5154150139885076,3.626364488848088,3.3624508210555346,3.552482203890815,3.7532533501855805
0.003493,3.4078600644198827,3.5154150139885076,3.626364488848088,3.7532533501855805,3.9653712255759532,4.189477098807692
0.003421,3.4078600644198827,3.5154150139885076,3.626364488848088,4.189477098807692,4.42624848040168,4.676401170884524
0.003478,3.4078600644198827,3.5154150139885076,3.626364488848088,4.676401170884524,4.940691424776398,5.219918236878273
0.003288,3.4078600644198827,3.5154150139885076,3.626364488848088,5.219918236878273,5.514925757770336,5.82660584582409
0.003209,3.4078600644198827,3.5154150139885076,3.626364488848088,5.82660584582409,6.155900763443285,6.5038060256849075
0.003219,3.4078600644198827,3.5154150139885076,3.626364488848088,6.5038060256849075,6.871373409872062,7.25971413529735
0.003268,3.4078600644198827,3.5154150139885076,3.626364488848088,7.25971413529735,7.670002222629526,8.103478043179491
0.003228,3.4078600644198827,3.5154150139885076,3.626364488848088,8.103478043179491,8.561452068755672,9.045308833445212
0.003196,3.4078600644198827,3.5154150139885076,3.626364488848088,9.045308833445212,9.556511119298175,10.096604378568765
0.00302,3.4078600644198827,3.5154150139885076,3.626364488848088,10.096604378568765,10.66722140588275,11.27008727445586
0.003186,3.4078600644198827,3.5154150139885076,3.626364488848088,11.27008727445586,11.907024551286224,12.579958807087245
0.002829,3.4078600644198827,3.5154150139885076,3.626364488848088,12.579958807087245,13.290924437618376,14.042070814012659
0.002662,3.4078600644198827,3.5154150139885076,3.626364488848088,14.042070814012659,14.835668780694615,15.67411752053271
0.002427,3.4078600644198827,3.5154150139885076,3.626364488848088,15.67411752053271,16.55995180798096,17.49584967213718
0.002303,3.4078600644198827,3.5154150139885076,3.626364488848088,17.49584967213718,18.484640492884626,19.529313554592992
0.002079,3.4078600644198827,3.5154150139885076,3.626364488848088,19.529313554592992,20.63302708323817,21.799117794261466
0.001978,3.4078600644198827,3.5154150139885076,3.626364488848088,21.799117794261466,23.03111098003311,24.332731167416135
0.001736,3.4078600644198827,3.5154150139885076,3.626364488848088,24.332731167416135,25.707913377650407,27.160815022597262
0.001677,3.4078600644198827,3.5154150139885076,3.626364488848088,27.160815022597262,28.695828473309135,30.317594338921154
0.001576,3.4078600644198827,3.5154150139885076,3.626364488848088,30.317594338921154,32.03101549600908,33.84127191082679
0.001476,3.4078600644198827,3.5154150139885076,3.626364488848088,33.84127191082679,35.75383629923332,37.77449067165226
0.001342,3.4078600644198827,3.5154150139885076,3.626364488848088,37.77449067165226,39.909343813081726,42.1648497509999
0.001224,3.4078600644198827,3.5154150139885076,3.626364488848088,42.1648497509999,44.547827266997885,47.06548051112691
0.001122,3.4078600644198827,3.5154150139885076,3.626364488848088,47.06548051112691,49.72542078128044,52.535689533454075
0.001023,3.4078600644198827,3.5154150139885076,3.626364488848088,52.535689533454075,55.504782692447314,58.641676336502556
0.000978,3.4078600644198827,3.5154150139885076,3.626364488848088,58.641676336502556,61.955853833530256,65.45733451095779
0.00085,3.4078600644198827,3.5154150139885076,3.626364488848088,65.45733451095779,69.15670394587609,73.06514596705614
0.000548,3.4078600644198827,3.5154150139885076,3.626364488848088,73.06514596705614,77.19447646558302,81.55717911632256
0.000521,3.4078600644198827,3.5154150139885076,3.626364488848088,81.55717911632256,86.16644311821332,91.03620306747894
0.000468,3.4078600644198827,3.5154150139885076,3.626364488848088,91.03620306747894,96.18118108430411,101.61693132033079
0.000436,3.4078600644198827,3.5154150139885076,3.626364488848088,101.61693132033079,107.35988698152859,113.42741000859688
0.00043,3.4078600644198827,3.5154150139885076,3.626364488848088,113.42741000859688,119.83784356509167,126.61056749195744
0.000408,3.4078600644198827,3.5154150139885076,3.626364488848088,126.61056749195744,133.76605689611287,141.32594405021308
0.000387,3.4078600644198827,3.5154150139885076,3.626364488848088,141.32594405021308,149.31308379072314,157.7516226120118
0.000344,3.4078600644198827,3.5154150139885076,3.626364488848088,157.7516226120118,166.66707166534817,176.08638388349098
0.000363,3.4078600644198827,3.5154150139885076,3.626364488848088,176.08638388349098,186.0380354640305,196.55211195782155
0.000314,3.4078600644198827,3.5154150139885076,3.626364488848088,196.55211195782155,207.66039922276806,219.39647951792662
0.000302,3.4078600644198827,3.5154150139885076,3.626364488848088,219.39647951792662,231.79583302844003,244.8959451282275
0.000276,3.4078600644198827,3.5154150139885076,3.626364488848088,244.8959451282275,258.73641970470345,273.35909888812694
0.000299,3.4078600644198827,3.5154150139885076,3.626364488848088,273.35909888812694,288.8081895475435,305.13039693573796
0.000229,3.4078600644198827,3.5154150139885076,3.626364488848088,305.13039693573796,322.37506588723016,340.5943299961796
0.000279,3.4078600644198827,3.5154150139885076,3.626364488848088,340.5943299961796,359.843269225189,380.18007642148444
0.000245,3.4078600644198827,3.5154150139885076,3.626364488848088,380.18007642148444,401.66623324388144,424.3666960323934
0.000211,3.4078600644198827,3.5154150139885076,3.626364488848088,424.3666960323934,448.35009218239543,473.6889276170203
0.000224,3.4078600644198827,3.5154150139885076,3.626364488848088,473.6889276170203,500.45980598500944,528.7436602466912
0.000186,3.4078600644198827,3.5154150139885076,3.626364488848088,528.7436602466912,558.6259973482117,590.1971567237096
0.000165,3.4078600644198827,3.5154150139885076,3.626364488848088,590.1971567237096,623.5525834069318,658.7931165779523
0.000165,3.4078600644198827,3.5154150139885076,3.626364488848088,658.7931165779523,696.0252944173212,735.3616761892738
0.000181,3.4078600644198827,3.5154150139885076,3.626364488848088,735.3616761892738,776.9211825277038,820.8294549536521
0.000162,3.4078600644198827,3.5154150139885076,3.626364488848088,820.8294549536521,867.2192357111913,916.2307690700113
0.00015,3.4078600644198827,3.5154150139885076,3.626364488848088,916.2307690700113,968.0122253079195,1022.7201486550255
0.000142,3.4078600644198827,3.5154150139885076,3.626364488848088,1022.7201486550255,1080.5199305538154,1141.5863096658716
0.000148,3.4078600644198827,3.5154150139885076,3.626364488848088,1141.5863096658716,1206.1039001368388,1274.2677497166753
0.000134,3.4078600644198827,3.5154150139885076,3.626364488848088,1274.2677497166753,1346.2839294224782,1422.370156526539
0.00011,3.4078600644198827,3.5154150139885076,3.626364488848088,1422.370156526539,1502.7564527530292,1587.68583967315
0.000135,3.4078600644198827,3.5154150139885076,3.626364488848088,1587.68583967315,1677.4150734010555,1772.2154208116622
0.000116,3.4078600644198827,3.5154150139885076,3.626364488848088,1772.2154208116622,1872.373479626966,1978.1920448501505
0.00011,3.4078600644198827,3.5154150139885076,3.626364488848088,1978.1920448501505,2089.991024166855,2208.1084050810155
0.000117,3.4078600644198827,3.5154150139885076,3.626364488848088,2208.1084050810155,2332.9012767091076,2464.7469093218283
0.000111,3.4078600644198827,3.5154150139885076,3.626364488848088,2464.7469093218283,2604.0438948968845,2751.213352130962
7.8e-05,3.4078600644198827,3.5154150139885076,3.626364488848088,2751.213352130962,2906.7001995538217,3070.9745005933823
9.3e-05,3.4078600644198827,3.5154150139885076,3.626364488848088,3070.9745005933823,3244.5328846581474,3427.9000485331494
8.9e-05,3.4078600644198827,3.5154150139885076,3.626364488848088,3427.9000485331494,3621.630342628391,3826.309446875285
8.4e-05,3.4078600644198827,3.5154150139885076,3.626364488848088,3826.309446875285,4042.556141337618,4271.024176889881
8.4e-05,3.4078600644198827,3.5154150139885076,3.626364488848088,4271.024176889881,4512.404251618383,4767.426098920123
0.002079,3.626364488848088,3.7408156230914478,3.85887893205411,0.07999999999999999,0.08452125887808527,0.08929804002920383
0.00199,3.626364488848088,3.7408156230914478,3.85887893205411,0.08929804002920383,0.09434478448267444,0.09967674941321612
0.00203,3.626364488848088,3.7408156230914478,3.85887893205411,0.09967674941321612,0.10531005426600588,0.11126172948852864
0.002,3.626364488848088,3.7408156230914478,3.85887893205411,0.11126172948852864,0.11754976801654278,0.12419317966981348
0.002043,3.626364488848088,3.7408156230914478,3.85887893205411,0.12419317966981348,0.13121204862206076,0.13862759411886386
0.002139,3.626364488848088,3.7408156230914478,3.85887893205411,0.13862759411886386,0.14646223462708277,0.15473965560973155
0.002079,3.626364488848088,3.7408156230914478,3.85887893205411,0.15473965560973155,0.1634848811311985,0.1727243495092878
0.001973,3.626364488848088,3.7408156230914478,3.85887893205411,0.1727243495092878,0.1824859932427924,0.1927993234562322
0.002046,3.626364488848088,3.7408156230914478,3.85887893205411,0.1927993234562322,0.20369551911704872,0.21520752129497553
0.001995,3.626364488848088,3.7408156230914478,3.85887893205411,0.21520752129497553,0.22737013274854592,0.24022012313980576
0.002016,3.626364488848088,3.7408156230914478,3.85887893205411,0.24022012313980576,0.25379634019531294,0.26813982714948303
0.001837,3.626364488848088,3.7408156230914478,3.85887893205411,0.26813982714948303,0.28329394682533116,0.2993045127277292
0.001964,3.626364488848088,3.7408156230914478,3.85887893205411,0.2993045127277292,0.31621992754549455,0.3340913294810264
0.00196,3.626364488848088,3.7408156230914478,3.85887893205411,0.3340913294810264,0.3529727468498688,0.37292126141758264
0.001879,3.626364488848088,3.7408156230914478,3.85887893205411,0.37292126141758264,0.3939971809677202,0.41626422162260607
0.001994,3.626364488848088,3.7408156230914478,3.85887893205411,0.41626422162260607,0.4397897004681118,0.46464473906476067
0.001865,3.626364488848088,3.7408156230914478,3.85887893205411,0.46464473906476067,0.4909044784604127,0.5186483063545496
0.001865,3.626364488848088,3.7408156230914478,3.85887893205411,0.5186483063545496,0.547960097100917,0.5789284652740918
0.001855,3.626364488848088,3.7408156230914478,3.85887893205411,0.5789284652740918,0.6116470335665513,0.6462147158261423
0.001892,3.626364488848088,3.7408156230914478,3.85887893205411,0.6462147158261423,0.6827360160896209,0.7213213445162929
0.001886,3.626364488848088,3.7408156230914478,3.85887893205411,0.7213213445162929,0.7620873511768764,0.805157278706688
0.001789,3.626364488848088,3.7408156230914478,3.85887893205411,0.805157278706688,0.8506613348892827,0.8987370862969332
0.001791,3.626364488848088,3.7408156230914478,3.85887893205411,0.8987370862969332,0.9495298741779894,1.0031932538484196
0.001821,3.626364488848088,3.7408156230914478,3.85887893205411,1.0031932538484196,1.0598894589158872,1.1197898917397926
0.001852,3.626364488848088,3.7408156230914478,3.85887893205411,1.1197898917397926,1.183075641610026,1.249938032210973
0.00185,3.626364488848088,3.7408156230914478,3.85887893205411,1.249938032210973,1.3205792000258516,1.3952127054299968
0.001823,3.626364488848088,3.7408156230914478,3.85887893205411,1.3952127054299968,1.4740641783205308,1.5573720002342704
0.00177,3.626364488848088,3.7408156230914478,3.85887893205411,1.5573720002342704,1.6453880250160273,1.7383783402160131
0.001807,3.626364488848088,3.7408156230914478,3.85887893205411,1.7383783402160131,1.8366240715181728,1.9404222326313807
0.002826,3.626364488848088,3.7408156230914478,3.85887893205411,1.9404222326313807,2.050086623212864,2.1659487775384263
0.003826,3.626364488848088,3.7408156230914478,3.85887893205411,2.1659487775384263,2.2883589667874706,2.417687257972894
0.003442,3.626364488848088,3.7408156230914478,3.85887893205411,2.417687257972894,2.5543246327171887,2.6986841692569943
0.003635,3.626364488848088,3.7408156230914478,3.85887893205411,2.6986841692569943,2.851202291249511,3.0123400871561223
0.003572,3.626364488848088,3.7408156230914478,3.85887893205411,3.0123400871561223,3.1825847041919566,3.3624508210555346
0.00358,3.626364488848088,3.7408156230914478,3.85887893205411,3.3624508210555346,3.552482203890815,3.7532533501855805
0.003447,3.626364488848088,3.7408156230914478,3.85887893205411,3.7532533501855805,3.9653712255759532,4.189477098807692
0.003557,3.626364488848088,3.7408156230914478,3.85887893205411,4.189477098807692,4.42624848040168,4.676401170884524
0.003316,3.626364488848088,3.7408156230914478,3.85887893205411,4.676401170884524,4.940691424776398,5.219918236878273
0.003392,3.626364488848088,3.7408156230914478,3.85887893205411,5.219918236878273,5.514925757770336,5.82660584582409
0.003265,3.626364488848088,3.7408156230914478,3.85887893205411,5.82660584582409,6.155900763443285,6.5038060256849075
0.003297,3.626364488848088,3.7408156230914478,3.85887893205411,6.5038060256849075,6.871373409872062,7.25971413529735
0.003249,3.626364488848088,3.7408156230914478,3.85887893205411,7.25971413529735,7.670002222629526,8.103478043179491
0.003243,3.626364488848088,3.7408156230914478,3.85887893205411,8.103478043179491,8.561452068755672,9.045308833445212
0.003236,3.626364488848088,3.7408156230914478,3.85887893205411,9.045308833445212,9.556511119298175,10.096604378568765
0.003068,3.626364488848088,3.7408156230914478,3.85887893205411,10.096604378568765,10.66722140588275,11.27008727445586
0.003265,3.626364488848088,3.7408156230914478,3.85887893205411,11.27008727445586,11.907024551286224,12.579958807087245
0.003108,3.626364488848088,3.7408156230914478,3.85887893205411,12.579958807087245,13.290924437618376,14.042070814012659
0.002959,3.626364488848088,3.7408156230914478,3.85887893205411,14.042070814012659,14.835668780694615,15.67411752053271
0.002614,3.626364488848088,3.7408156230914478,3.85887893205411,15.67411752053271,16.55995180798096,17.49584967213718
0.002467,3.626364488848088,3.7408156230914478,3.85887893205411,17.49584967213718,18.484640492884626,19.529313554592992
0.002242,3.626364488848088,3.7408156230914478,3.85887893205411,19.529313554592992,20.63302708323817,21.799117794261466
0.002015,3.626364488848088,3.7408156230914478,3.85887893205411,21.799117794261466,23.03111098003311,24.332731167416135
0.001948,3.626364488848088,3.7408156230914478,3.85887893205411,24.332731167416135,25.707913377650407,27.160815022597262
0.001854,3.626364488848088,3.7408156230914478,3.85887893205411,27.160815022597262,28.695828473309135,30.317594338921154
0.001581,3.626364488848088,3.7408156230914478,3.85887893205411,30.317594338921154,32.03101549600908,33.84127191082679
0.001519,3.626364488848088,3.7408156230914478,3.85887893205411,33.84127191082679,35.75383629923332,37.77449067165226
0.001376,3.626364488848088,3.7408156230914478,3.85887893205411,37.77449067165226,39.909343813081726,42.1648497509999
0.001271,3.626364488848088,3.7408156230914478,3.85887893205411,42.1648497509999,44.547827266997885,47.06548051112691
0.00123,3.626364488848088,3.7408156230914478,3.85887893205411,47.06548051112691,49.72542078128044,52.535689533454075
0.001135,3.626364488848088,3.7408156230914478,3.85887893205411,52.535689533454075,55.504782692447314,58.641676336502556
0.000997,3.626364488848088,3.7408156230914478,3.85887893205411,58.641676336502556,61.955853833530256,65.45733451095779
0.000868,3.626364488848088,3.7408156230914478,3.85887893205411,65.45733451095779,69.15670394587609,73.06514596705614
0.000471,3.626364488848088,3.7408156230914478,3.85887893205411,73.06514596705614,77.19447646558302,81.55717911632256
0.000464,3.626364488848088,3.7408156230914478,3.85887893205411,81.55717911632256,86.16644311821332,91.03620306747894
0.000416,3.626364488848088,3.7408156230914478,3.85887893205411,91.03620306747894,96.18118108430411,101.61693132033079
0.000404,3.626364488848088,3.7408156230914478,3.85887893205411,101.61693132033079,107.35988698152859,113.42741000859688
0.000384,3.626364488848088,3.7408156230914478,3.85887893205411,113.42741000859688,119.83784356509167,126.61056749195744
0.000362,3.626364488848088,3.7408156230914478,3.85887893205411,126.61056749195744,133.76605689611287,141.32594405021308
0.00042,3.626364488848088,3.7408156230914478,3.85887893205411,141.32594405021308,149.31308379072314,157.7516226120118
0.000322,3.626364488848088,3.7408156230914478,3.85887893205411,157.7516226120118,166.66707166534817,176.08638388349098
0.000325,3.626364488848088,3.7408156230914478,3.85887893205411,176.08638388349098,186.0380354640305,196.55211195782155
0.000279,3.626364488848088,3.7408156230914478,3.85887893205411,196.55211195782155,207.66039922276806,219.39647951792662
0.000255,3.626364488848088,3.7408156230914478,3.85887893205411,219.39647951792662,231.79583302844003,244.8959451282275
0.000235,3.626364488848088,3.7408156230914478,3.85887893205411,244.8959451282275,258.73641970470345,273.35909888812694
0.000261,3.626364488848088,3.7408156230914478,3.85887893205411,273.35909888812694,288.8081895475435,305.13039693573796
0.000242,3.626364488848088,3.7408156230914478,3.85887893205411,305.13039693573796,322.37506588723016,340.5943299961796
0.000221,3.626364488848088,3.7408156230914478,3.85887893205411,340.5943299961796,359.843269225189,380.18007642148444
0.000225,3.626364488848088,3.7408156230914478,3.85887893205411,380.18007642148444,401.66623324388144,424.3666960323934
0.000207,3.626364488848088,3.7408156230914478,3.85887893205411,424.3666960323934,448.35009218239543,473.6889276170203
0.000174,3.626364488848088,3.7408156230914478,3.85887893205411,473.6889276170203,500.45980598500944,528.7436602466912
0.000161,3.626364488848088,3.7408156230914478,3.85887893205411,528.7436602466912,558.6259973482117,590.1971567237096
0.000174,3.626364488848088,3.7408156230914478,3.85887893205411,590.1971567237096,623.5525834069318,658.7931165779523
0.000152,3.626364488848088,3.7408156230914478,3.85887893205411,658.7931165779523,696.0252944173212,735.3616761892738
0.00017,3.626364488848088,3.7408156230914478,3.85887893205411,735.3616761892738,776.9211825277038,820.8294549536521
0.000155,3.626364488848088,3.7408156230914478,3.85887893205411,820.8294549536521,867.2192357111913,916.2307690700113
0.000143,3.626364488848088,3.7408156230914478,3.85887893205411,916.2307690700113,968.0122253079195,1022.7201486550255
0.00014,3.626364488848088,3.7408156230914478,3.85887893205411,1022.7201486550255,1080.5199305538154,1141.5863096658716
0.000143,3.626364488848088,3.7408156230914478,3.85887893205411,1141.5863096658716,1206.1039001368388,1274.2677497166753
0.000139,3.626364488848088,3.7408156230914478,3.85887893205411,1274.2677497166753,1346.2839294224782,1422.370156526539
0.000114,3.626364488848088,3.7408156230914478,3.85887893205411,1422.370156526539,1502.7564527530292,1587.68583967315
8.9e-05,3.626364488848088,3.7408156230914478,3.85887893205411,1587.68583967315,1677.4150734010555,1772.2154208116622
0.000111,3.626364488848088,3.7408156230914478,3.85887893205411,1772.2154208116622,1872.373479626966,1978.1920448501505
0.000107,3.626364488848088,3.7408156230914478,3.85887893205411,1978.1920448501505,2089.991024166855,2208.1084050810155
8.4e-05,3.626364488848088,3.7408156230914478,3.85887893205411,2208.1084050810155,2332.9012767091076,2464.7469093218283
0.000118,3.626364488848088,3.7408156230914478,3.85887893205411,2464.7469093218283,2604.0438948968845,2751.213352130962
7.7e-05,3.626364488848088,3.7408156230914478,3.85887893205411,2751.213352130962,2906.7001995538217,3070.9745005933823
9.5e-05,3.626364488848088,3.7408156230914478,3.85887893205411,3070.9745005933823,3244.5328846581474,3427.9000485331494
6.7e-05,3.626364488848088,3.7408156230914478,3.85887893205411,3427.9000485331494,3621.630342628391,3826.309446875285
6.4e-05,3.626364488848088,3.7408156230914478,3.85887893205411,3826.309446875285,4042.556141337618,4271.024176889881
6.4e-05,3.626364488848088,3.7408156230914478,3.85887893205411,4271.024176889881,4512.404251618383,4767.426098920123
0.002198,3.85887893205411,3.980668419029175,4.106301685350216,0.07999999999999999,0.08452125887808527,0.08929804002920383
0.002086,3.85887893205411,3.980668419029175,4.106301685350216,0.08929804002920383,0.09434478448267444,0.09967674941321612
0.002189,3.85887893205411,3.980668419029175,4.106301685350216,0.09967674941321612,0.10531005426600588,0.11126172948852864
0.002159,3.85887893205411,3.980668419029175,4.106301685350216,0.11126172948852864,0.11754976801654278,0.12419317966981348
0.002133,3.85887893205411,3.980668419029175,4.106301685350216,0.12419317966981348,0.13121204862206076,0.13862759411886386
0.002051,3.85887893205411,3.980668419029175,4.106301685350216,0.13862759411886386,0.14646223462708277,0.15473965560973155
0.002094,3.85887893205411,3.980668419029175,4.106301685350216,0.15473965560973155,0.1634848811311985,0.1727243495092878
0.002062,3.85887893205411,3.980668419029175,4.106301685350216,0.1727243495092878,0.1824859932427924,0.1927993234562322
0.00206,3.85887893205411,3.980668419029175,4.106301685350216,0.1927993234562322,0.20369551911704872,0.21520752129497553
0.00211,3.85887893205411,3.980668419029175,4.106301685350216,0.21520752129497553,0.22737013274854592,0.24022012313980576
0.001989,3.85887893205411,3.980668419029175,4.106301685350216,0.24022012313980576,0.25379634019531294,0.26813982714948303
0.002094,3.85887893205411,3.980668419029175,4.106301685350216,0.26813982714948303,0.28329394682533116,0.2993045127277292
0.002027,3.85887893205411,3.980668419029175,4.106301685350216,0.2993045127277292,0.31621992754549455,0.3340913294810264
0.001968,3.85887893205411,3.980668419029175,4.106301685350216,0.3340913294810264,0.3529727468498688,0.37292126141758264
0.001967,3.85887893205411,3.980668419029175,4.106301685350216,0.37292126141758264,0.3939971809677202,0.41626422162260607
0.001963,3.85887893205411,3.980668419029175,4.106301685350216,0.41626422162260607,0.4397897004681118,0.46464473906476067
0.002066,3.85887893205411,3.980668419029175,4.106301685350216,0.46464473906476067,0.4909044784604127,0.5186483063545496
0.001981,3.85887893205411,3.980668419029175,4.106301685350216,0.5186483063545496,0.547960097100917,0.5789284652740918
0.001993,3.85887893205411,3.980668419029175,4.106301685350216,0.5789284652740918,0.6116470335665513,0.6462147158261423
0.001943,3.85887893205411,3.980668419029175,4.106301685350216,0.6462147158261423,0.6827360160896209,0.7213213445162929
0.001952,3.85887893205411,3.980668419029175,4.106301685350216,0.7213213445162929,0.7620873511768764,0.805157278706688
0.001842,3.85887893205411,3.980668419029175,4.106301685350216,0.805157278706688,0.8506613348892827,0.8987370862969332
0.001955,3.85887893205411,3.980668419029175,4.106301685350216,0.8987370862969332,0.9495298741779894,1.0031932538484196
0.001893,3.85887893205411,3.980668419029175,4.106301685350216,1.0031932538484196,1.0598894589158872,1.1197898917397926
0.001859,3.85887893205411,3.980668419029175,4.106301685350216,1.1197898917397926,1.183075641610026,1.249938032210973
0.001857,3.85887893205411,3.980668419029175,4.106301685350216,1.249938032210973,1.3205792000258516,1.3952127054299968
0.00197,3.85887893205411,3.980668419029175,4.106301685350216,1.3952127054299968,1.4740641783205308,1.5573720002342704
0.001885,3.85887893205411,3.980668419029175,4.106301685350216,1.5573720002342704,1.6453880250160273,1.7383783402160131
0.001828,3.85887893205411,3.980668419029175,4.106301685350216,1.7383783402160131,1.8366240715181728,1.9404222326313807
0.002857,3.85887893205411,3.980668419029175,4.106301685350216,1.9404222326313807,2.050086623212864,2.1659487775384263
0.003756,3.85887893205411,3.980668419029175,4.106301685350216,2.1659487775384263,2.2883589667874706,2.417687257972894
0.003768,3.85887893205411,3.980668419029175,4.106301685350216,2.417687257972894,2.5543246327171887,2.6986841692569943
0.003708,3.85887893205411,3.980668419029175,4.106301685350216,2.6986841692569943,2.851202291249511,3.0123400871561223
0.003621,3.85887893205411,3.980668419029175,4.106301685350216,3.0123400871561223,3.1825847041919566,3.3624508210555346
0.003595,3.85887893205411,3.980668419029175,4.106301685350216,3.3624508210555346,3.552482203890815,3.7532533501855805
0.003536,3.85887893205411,3.980668419029175,4.106301685350216,3.7532533501855805,3.9653712255759532,4.189477098807692
0.003581,3.85887893205411,3.980668419029175,4.106301685350216,4.189477098807692,4.42624848040168,4.676401170884524
0.003493,3.85887893205411,3.980668419029175,4.106301685350216,4.676401170884524,4.940691424776398,5.219918236878273
0.003425,3.85887893205411,3.980668419029175,4.106301685350216,5.219918236878273,5.514925757770336,5.82660584582409
0.003336,3.85887893205411,3.980668419029175,4.106301685350216,5.82660584582409,6.155900763443285,6.5038060256849075
0.003296,3.85887893205411,3.980668419029175,4.106301685350216,6.5038060256849075,6.871373409872062,7.25971413529735
0.00325,3.85887893205411,3.980668419029175,4.106301685350216,7.25971413529735,7.670002222629526,8.103478043179491
0.003363,3.85887893205411,3.980668419029175,4.106301685350216,8.103478043179491,8.561452068755672,9.045308833445212
0.003242,3.85887893205411,3.980668419029175,4.106301685350216,9.045308833445212,9.556511119298175,10.096604378568765
0.003175,3.85887893205411,3.980668419029175,4.106301685350216,10.096604378568765,10.66722140588275,11.27008727445586
0.003399,3.85887893205411,3.980668419029175,4.106301685350216,11.27008727445586,11.907024551286224,12.579958807087245
0.003231,3.85887893205411,3.980668419029175,4.106301685350216,12.579958807087245,13.290924437618376,14.042070814012659
0.002962,3.85887893205411,3.980668419029175,4.106301685350216,14.042070814012659,14.835668780694615,15.67411752053271
0.002714,3.85887893205411,3.980668419029175,4.106301685350216,15.67411752053271,16.55995180798096,17.49584967213718
0.00263,3.85887893205411,3.980668419029175,4.106301685350216,17.49584967213718,18.484640492884626,19.529313554592992
0.002347,3.85887893205411,3.980668419029175,4.106301685350216,19.529313554592992,20.63302708323817,21.799117794261466
0.002193,3.85887893205411,3.980668419029175,4.106301685350216,21.799117794261466,23.03111098003311,24.332731167416135
0.001955,3.85887893205411,3.980668419029175,4.106301685350216,24.332731167416135,25.707913377650407,27.160815022597262
0.001854,3.85887893205411,3.980668419029175,4.106301685350216,27.160815022597262,28.695828473309135,30.317594338921154
0.001693,3.85887893205411,3.980668419029175,4.106301685350216,30.317594338921154,32.03101549600908,33.84127191082679
0.001578,3.85887893205411,3.980668419029175,4.106301685350216,33.84127191082679,35.75383629923332,37.77449067165226
0.0014,3.85887893205411,3.980668419029175,4.106301685350216,37.77449067165226,39.909343813081726,42.1648497509999
0.001401,3.85887893205411,3.980668419029175,4.106301685350216,42.1648497509999,44.547827266997885,47.06548051112691
0.001273,3.85887893205411,3.980668419029175,4.106301685350216,47.06548051112691,49.72542078128044,52.535689533454075
0.001109,3.85887893205411,3.980668419029175,4.106301685350216,52.535689533454075,55.504782692447314,58.641676336502556
0.001108,3.85887893205411,3.980668419029175,4.106301685350216,58.641676336502556,61.955853833530256,65.45733451095779
0.000904,3.85887893205411,3.980668419029175,4.106301685350216,65.45733451095779,69.15670394587609,73.06514596705614
0.000428,3.85887893205411,3.980668419029175,4.106301685350216,73.06514596705614,77.19447646558302,81.55717911632256
0.000383,3.85887893205411,3.980668419029175,4.106301685350216,81.55717911632256,86.16644311821332,91.03620306747894
0.000363,3.85887893205411,3.980668419029175,4.106301685350216,91.03620306747894,96.18118108430411,101.61693132033079
0.000332,3.85887893205411,3.980668419029175,4.106301685350216,101.61693132033079,107.35988698152859,113.42741000859688
0.000374,3.85887893205411,3.980668419029175,4.106301685350216,113.42741000859688,119.83784356509167,126.61056749195744
0.000291,3.85887893205411,3.980668419029175,4.106301685350216,126.61056749195744,133.76605689611287,141.32594405021308
0.000304,3.85887893205411,3.980668419029175,4.106301685350216,141.32594405021308,149.31308379072314,157.7516226120118
0.00029,3.85887893205411,3.980668419029175,4.106301685350216,157.7516226120118,166.66707166534817,176.08638388349098
0.000267,3.85887893205411,3.980668419029175,4.106301685350216,176.08638388349098,186.0380354640305,196.55211195782155
0.000246,3.85887893205411,3.980668419029175,4.106301685350216,196.55211195782155,207.66039922276806,219.39647951792662
0.000259,3.85887893205411,3.980668419029175,4.106301685350216,219.39647951792662,231.79583302844003,244.8959451282275
0.000222,3.85887893205411,3.980668419029175,4.106301685350216,244.8959451282275,258.73641970470345,273.35909888812694
0.000234,3.85887893205411,3.980668419029175,4.106301685350216,273.35909888812694,288.8081895475435,305.13039693573796
0.000234,3.85887893205411,3.980668419029175,4.106301685350216,305.13039693573796,322.37506588723016,340.5943299961796
0.000195,3.85887893205411,3.980668419029175,4.106301685350216,340.5943299961796,359.843269225189,380.18007642148444
0.000189,3.85887893205411,3.980668419029175,4.106301685350216,380.18007642148444,401.66623324388144,424.3666960323934
0.000169,3.85887893205411,3.980668419029175,4.106301685350216,424.3666960323934,448.35009218239543,473.6889276170203
0.000161,3.85887893205411,3.980668419029175,4.106301685350216,473.6889276170203,500.45980598500944,528.7436602466912
0.000177,3.85887893205411,3.980668419029175,4.106301685350216,528.7436602466912,558.6259973482117,590.1971567237096
0.000161,3.85887893205411,3.980668419029175,4.106301685350216,590.1971567237096,623.5525834069318,658.7931165779523
0.00016,3.85887893205411,3.980668419029175,4.106301685350216,658.7931165779523,696.0252944173212,735.3616761892738
0.000171,3.85887893205411,3.980668419029175,4.106301685350216,735.3616761892738,776.9211825277038,820.8294549536521
0.000127,3.85887893205411,3.980668419029175,4.106301685350216,820.8294549536521,867.2192357111913,916.2307690700113
0.000117,3.85887893205411,3.980668419029175,4.106301685350216,916.2307690700113,968.0122253079195,1022.7201486550255
0.000107,3.85887893205411,3.980668419029175,4.106301685350216,1022.7201486550255,1080.5199305538154,1141.5863096658716
0.000111,3.85887893205411,3.980668419029175,4.106301685350216,1141.5863096658716,1206.1039001368388,1274.2677497166753
9.4e-05,3.85887893205411,3.980668419029175,4.106301685350216,1274.2677497166753,1346.2839294224782,1422.370156526539
0.000102,3.85887893205411,3.980668419029175,4.106301685350216,1422.370156526539,1502.7564527530292,1587.68583967315
9e-05,3.85887893205411,3.980668419029175,4.106301685350216,1587.68583967315,1677.4150734010555,1772.2154208116622
8.7e-05,3.85887893205411,3.980668419029175,4.106301685350216,1772.2154208116622,1872.373479626966,1978.1920448501505
9e-05,3.85887893205411,3.980668419029175,4.106301685350216,1978.1920448501505,2089.991024166855,2208.1084050810155
9.5e-05,3.85887893205411,3.980668419029175,4.106301685350216,2208.1084050810155,2332.9012767091076,2464.7469093218283
8.8e-05,3.85887893205411,3.980668419029175,4.106301685350216,2464.7469093218283,2604.0438948968845,2751.213352130962
8e-05,3.85887893205411,3.980668419029175,4.106301685350216,2751.213352130962,2906.7001995538217,3070.9745005933823
7.7e-05,3.85887893205411,3.980668419029175,4.106301685350216,3070.9745005933823,3244.5328846581474,3427.9000485331494
7.3e-05,3.85887893205411,3.980668419029175,4.106301685350216,3427.9000485331494,3621.630342628391,3826.309446875285
5.9e-05,3.85887893205411,3.980668419029175,4.106301685350216,3826.309446875285,4042.556141337618,4271.024176889881
4.8e-05,3.85887893205411,3.980668419029175,4.106301685350216,4271.024176889881,4512.404251618383,4767.426098920123
0.002096,4.106301685350216,4.235900043948482,4.36958863649407,0.07999999999999999,0.08452125887808527,0.08929804002920383
0.002204,4.106301685350216,4.235900043948482,4.36958863649407,0.08929804002920383,0.09434478448267444,0.09967674941321612
0.002132,4.106301685350216,4.235900043948482,4.36958863649407,0.09967674941321612,0.10531005426600588,0.11126172948852864
0.002109,4.106301685350216,4.235900043948482,4.36958863649407,0.11126172948852864,0.11754976801654278,0.12419317966981348
0.002111,4.106301685350216,4.235900043948482,4.36958863649407,0.12419317966981348,0.13121204862206076,0.13862759411886386
0.002151,4.106301685350216,4.235900043948482,4.36958863649407,0.13862759411886386,0.14646223462708277,0.15473965560973155
0.002108,4.106301685350216,4.235900043948482,4.36958863649407,0.15473965560973155,0.1634848811311985,0.1727243495092878
0.002178,4.106301685350216,4.235900043948482,4.36958863649407,0.1727243495092878,0.1824859932427924,0.1927993234562322
0.002149,4.106301685350216,4.235900043948482,4.36958863649407,0.1927993234562322,0.20369551911704872,0.21520752129497553
0.002139,4.106301685350216,4.235900043948482,4.36958863649407,0.21520752129497553,0.22737013274854592,0.24022012313980576
0.001975,4.106301685350216,4.235900043948482,4.36958863649407,0.24022012313980576,0.25379634019531294,0.26813982714948303
0.002093,4.106301685350216,4.235900043948482,4.36958863649407,0.26813982714948303,0.28329394682533116,0.2993045127277292
0.002069,4.106301685350216,4.235900043948482,4.36958863649407,0.2993045127277292,0.31621992754549455,0.3340913294810264
0.002048,4.106301685350216,4.235900043948482,4.36958863649407,0.3340913294810264,0.3529727468498688,0.37292126141758264
0.00202,4.106301685350216,4.235900043948482,4.36958863649407,0.37292126141758264,0.3939971809677202,0.41626422162260607
0.002054,4.106301685350216,4.235900043948482,4.36958863649407,0.41626422162260607,0.4397897004681118,0.46464473906476067
0.002069,4.106301685350216,4.235900043948482,4.36958863649407,0.46464473906476067,0.4909044784604127,0.5186483063545496
0.001999,4.106301685350216,4.235900043948482,4.36958863649407,0.5186483063545496,0.547960097100917,0.5789284652740918
0.001985,4.106301685350216,4.235900043948482,4.36958863649407,0.5789284652740918,0.6116470335665513,0.6462147158261423
0.001993,4.106301685350216,4.235900043948482,4.36958863649407,0.6462147158261423,0.6827360160896209,0.7213213445162929
0.001935,4.106301685350216,4.235900043948482,4.36958863649407,0.7213213445162929,0.7620873511768764,0.805157278706688
0.00198,4.106301685350216,4.235900043948482,4.36958863649407,0.805157278706688,0.8506613348892827,0.8987370862969332
0.001946,4.106301685350216,4.235900043948482,4.36958863649407,0.8987370862969332,0.9495298741779894,1.0031932538484196
0.001916,4.106301685350216,4.235900043948482,4.36958863649407,1.0031932538484196,1.0598894589158872,1.1197898917397926
0.001846,4.106301685350216,4.235900043948482,4.36958863649407,1.1197898917397926,1.183075641610026,1.249938032210973
0.001966,4.106301685350216,4.235900043948482,4.36958863649407,1.249938032210973,1.3205792000258516,1.3952127054299968
0.001881,4.106301685350216,4.235900043948482,4.36958863649407,1.3952127054299968,1.4740641783205308,1.5573720002342704
0.001804,4.106301685350216,4.235900043948482,4.36958863649407,1.5573720002342704,1.6453880250160273,1.7383783402160131
0.001817,4.106301685350216,4.235900043948482,4.36958863649407,1.7383783402160131,1.8366240715181728,1.9404222326313807
0.003023,4.106301685350216,4.235900043948482,4.36958863649407,1.9404222326313807,2.050086623212864,2.1659487775384263
0.003911,4.106301685350216,4.235900043948482,4.36958863649407,2.1659487775384263,2.2883589667874706,2.417687257972894
0.003866,4.106301685350216,4.235900043948482,4.36958863649407,2.417687257972894,2.5543246327171887,2.6986841692569943
0.003862,4.106301685350216,4.235900043948482,4.36958863649407,2.6986841692569943,2.851202291249511,3.0123400871561223
0.003828,4.106301685350216,4.235900043948482,4.36958863649407,3.0123400871561223,3.1825847041919566,3.3624508210555346
0.003665,4.106301685350216,4.235900043948482,4.36958863649407,3.3624508210555346,3.552482203890815,3.7532533501855805
0.003647,4.106301685350216,4.235900043948482,4.36958863649407,3.7532533501855805,3.9653712255759532,4.189477098807692
0.003662,4.106301685350216,4.235900043948482,4.36958863649407,4.189477098807692,4.42624848040168,4.676401170884524
0.003607,4.106301685350216,4.235900043948482,4.36958863649407,4.676401170884524,4.940691424776398,5.219918236878273
0.003652,4.106301685350216,4.235900043948482,4.36958863649407,5.219918236878273,5.514925757770336,5.82660584582409
0.003424,4.106301685350216,4.235900043948482,4.36958863649407,5.82660584582409,6.155900763443285,6.5038060256849075
0.003426,4.106301685350216,4.235900043948482,4.36958863649407,6.5038060256849075,6.871373409872062,7.25971413529735
0.003307,4.106301685350216,4.235900043948482,4.36958863649407,7.25971413529735,7.670002222629526,8.103478043179491
0.003312,4.106301685350216,4.235900043948482,4.36958863649407,8.103478043179491,8.561452068755672,9.045308833445212
0.003262,4.106301685350216,4.235900043948482,4.36958863649407,9.045308833445212,9.556511119298175,10.096604378568765
0.003242,4.106301685350216,4.235900043948482,4.36958863649407,10.096604378568765,10.66722140588275,11.27008727445586
0.00359,4.106301685350216,4.235900043948482,4.36958863649407,11.27008727445586,11.907024551286224,12.579958807087245
0.003278,4.106301685350216,4.235900043948482,4.36958863649407,12.579958807087245,13.290924437618376,14.042070814012659
0.003167,4.106301685350216,4.235900043948482,4.36958863649407,14.042070814012659,14.835668780694615,15.67411752053271
0.00293,4.106301685350216,4.235900043948482,4.36958863649407,15.67411752053271,16.55995180798096,17.49584967213718
0.002714,4.106301685350216,4.235900043948482,4.36958863649407,17.49584967213718,18.484640492884626,19.529313554592992
0.00251,4.106301685350216,4.235900043948482,4.36958863649407,19.529313554592992,20.63302708323817,21.799117794261466
0.002262,4.106301685350216,4.235900043948482,4.36958863649407,21.799117794261466,23.03111098003311,24.332731167416135
0.002105,4.106301685350216,4.235900043948482,4.36958863649407,24.332731167416135,25.707913377650407,27.160815022597262
0.001995,4.106301685350216,4.235900043948482,4.36958863649407,27.160815022597262,28.695828473309135,30.317594338921154
0.00181,4.106301685350216,4.235900043948482,4.36958863649407,30.317594338921154,32.03101549600908,33.84127191082679
0.001783,4.106301685350216,4.235900043948482,4.36958863649407,33.84127191082679,35.75383629923332,37.77449067165226
0.001646,4.106301685350216,4.235900043948482,4.36958863649407,37.77449067165226,39.909343813081726,42.1648497509999
0.001454,4.106301685350216,4.235900043948482,4.36958863649407,42.1648497509999,44.547827266997885,47.06548051112691
0.001284,4.106301685350216,4.235900043948482,4.36958863649407,47.06548051112691,49.72542078128044,52.535689533454075
0.001254,4.106301685350216,4.235900043948482,4.36958863649407,52.535689533454075,55.504782692447314,58.641676336502556
0.00116,4.106301685350216,4.235900043948482,4.36958863649407,58.641676336502556,61.955853833530256,65.45733451095779
0.000955,4.106301685350216,4.235900043948482,4.36958863649407,65.45733451095779,69.15670394587609,73.06514596705614
0.000361,4.106301685350216,4.235900043948482,4.36958863649407,73.06514596705614,77.19447646558302,81.55717911632256
0.000386,4.106301685350216,4.235900043948482,4.36958863649407,81.55717911632256,86.16644311821332,91.03620306747894
0.000368,4.106301685350216,4.235900043948482,4.36958863649407,91.03620306747894,96.18118108430411,101.61693132033079
0.000332,4.106301685350216,4.235900043948482,4.36958863649407,101.61693132033079,107.35988698152859,113.42741000859688
0.000289,4.106301685350216,4.235900043948482,4.36958863649407,113.42741000859688,119.83784356509167,126.61056749195744
0.0003,4.106301685350216,4.235900043948482,4.36958863649407,126.61056749195744,133.76605689611287,141.32594405021308
0.000278,4.106301685350216,4.235900043948482,4.36958863649407,141.32594405021308,149.31308379072314,157.7516226120118
0.000245,4.106301685350216,4.235900043948482,4.36958863649407,157.7516226120118,166.66707166534817,176.08638388349098
0.000265,4.106301685350216,4.235900043948482,4.36958863649407,176.08638388349098,186.0380354640305,196.55211195782155
0.000251,4.106301685350216,4.235900043948482,4.36958863649407,196.55211195782155,207.66039922276806,219.39647951792662
0.000214,4.106301685350216,4.235900043948482,4.36958863649407,219.39647951792662,231.79583302844003,244.8959451282275
0.000208,4.106301685350216,4.235900043948482,4.36958863649407,244.8959451282275,258.73641970470345,273.35909888812694
0.000196,4.106301685350216,4.235900043948482,4.36958863649407,273.35909888812694,288.8081895475435,305.13039693573796
0.000173,4.106301685350216,4.235900043948482,4.36958863649407,305.13039693573796,322.37506588723016,340.5943299961796
0.000178,4.106301685350216,4.235900043948482,4.36958863649407,340.5943299961796,359.843269225189,380.18007642148444
0.000168,4.106301685350216,4.235900043948482,4.36958863649407,380.18007642148444,401.66623324388144,424.3666960323934
0.000159,4.106301685350216,4.235900043948482,4.36958863649407,424.3666960323934,448.35009218239543,473.6889276170203
0.000142,4.106301685350216,4.235900043948482,4.36958863649407,473.6889276170203,500.45980598500944,528.7436602466912
0.000137,4.106301685350216,4.235900043948482,4.36958863649407,528.7436602466912,558.6259973482117,590.1971567237096
0.000141,4.106301685350216,4.235900043948482,4.36958863649407,590.1971567237096,623.5525834069318,658.7931165779523
0.000132,4.106301685350216,4.235900043948482,4.36958863649407,658.7931165779523,696.0252944173212,735.3616761892738
0.000123,4.106301685350216,4.235900043948482,4.36958863649407,735.3616761892738,776.9211825277038,820.8294549536521
0.000138,4.106301685350216,4.235900043948482,4.36958863649407,820.8294549536521,867.2192357111913,916.2307690700113
0.00013,4.106301685350216,4.235900043948482,4.36958863649407,916.2307690700113,968.0122253079195,1022.7201486550255
9.6e-05,4.106301685350216,4.235900043948482,4.36958863649407,1022.7201486550255,1080.5199305538154,1141.5863096658716
9.8e-05,4.106301685350216,4.235900043948482,4.36958863649407,1141.5863096658716,1206.1039001368388,1274.2677497166753
0.000108,4.106301685350216,4.235900043948482,4.36958863649407,1274.2677497166753,1346.2839294224782,1422.370156526539
7.4e-05,4.106301685350216,4.235900043948482,4.36958863649407,1422.370156526539,1502.7564527530292,1587.68583967315
9.5e-05,4.106301685350216,4.235900043948482,4.36958863649407,1587.68583967315,1677.4150734010555,1772.2154208116622
9.4e-05,4.106301685350216,4.235900043948482,4.36958863649407,1772.2154208116622,1872.373479626966,1978.1920448501505
6.4e-05,4.106301685350216,4.235900043948482,4.36958863649407,1978.1920448501505,2089.991024166855,2208.1084050810155
8.5e-05,4.106301685350216,4.235900043948482,4.36958863649407,2208.1084050810155,2332.9012767091076,2464.7469093218283
8.2e-05,4.106301685350216,4.235900043948482,4.36958863649407,2464.7469093218283,2604.0438948968845,2751.213352130962
7.3e-05,4.106301685350216,4.235900043948482,4.36958863649407,2751.213352130962,2906.7001995538217,3070.9745005933823
6.8e-05,4.106301685350216,4.235900043948482,4.36958863649407,3070.9745005933823,3244.5328846581474,3427.9000485331494
6.2e-05,4.106301685350216,4.235900043948482,4.36958863649407,3427.9000485331494,3621.630342628391,3826.309446875285
4.5e-05,4.106301685350216,4.235900043948482,4.36958863649407,3826.309446875285,4042.556141337618,4271.024176889881
4.8e-05,4.106301685350216,4.235900043948482,4.36958863649407,4271.024176889881,4512.404251618383,4767.426098920123
0.002306,4.36958863649407,4.50749655423416,4.649756962645011,0.07999999999999999,0.08452125887808527,0.08929804002920383
0.002233,4.36958863649407,4.50749655423416,4.649756962645011,0.08929804002920383,0.09434478448267444,0.09967674941321612
0.002208,4.36958863649407,4.50749655423416,4.649756962645011,0.09967674941321612,0.10531005426600588,0.11126172948852864
0.002158,4.36958863649407,4.50749655423416,4.649756962645011,0.11126172948852864,0.11754976801654278,0.12419317966981348
0.002232,4.36958863649407,4.50749655423416,4.649756962645011,0.12419317966981348,0.13121204862206076,0.13862759411886386
0.002165,4.36958863649407,4.50749655423416,4.649756962645011,0.13862759411886386,0.14646223462708277,0.15473965560973155
0.002162,4.36958863649407,4.50749655423416,4.649756962645011,0.15473965560973155,0.1634848811311985,0.1727243495092878
0.002236,4.36958863649407,4.50749655423416,4.649756962645011,0.1727243495092878,0.1824859932427924,0.1927993234562322
0.00209,4.36958863649407,4.50749655423416,4.649756962645011,0.1927993234562322,0.20369551911704872,0.21520752129497553
0.002185,4.36958863649407,4.50749655423416,4.649756962645011,0.21520752129497553,0.22737013274854592,0.24022012313980576
0.002088,4.36958863649407,4.50749655423416,4.649756962645011,0.24022012313980576,0.25379634019531294,0.26813982714948303
0.002057,4.36958863649407,4.50749655423416,4.649756962645011,0.26813982714948303,0.28329394682533116,0.2993045127277292
0.002069,4.36958863649407,4.50749655423416,4.649756962645011,0.2993045127277292,0.31621992754549455,0.3340913294810264
0.002112,4.36958863649407,4.50749655423416,4.649756962645011,0.3340913294810264,0.3529727468498688,0.37292126141758264
0.002043,4.36958863649407,4.50749655423416,4.649756962645011,0.37292126141758264,0.3939971809677202,0.41626422162260607
0.002097,4.36958863649407,4.50749655423416,4.649756962645011,0.41626422162260607,0.4397897004681118,0.46464473906476067
0.002067,4.36958863649407,4.50749655423416,4.649756962645011,0.46464473906476067,0.4909044784604127,0.5186483063545496
0.002076,4.36958863649407,4.50749655423416,4.649756962645011,0.5186483063545496,0.547960097100917,0.5789284652740918
0.002027,4.36958863649407,4.50749655423416,4.649756962645011,0.5789284652740918,0.6116470335665513,0.6462147158261423
0.002026,4.36958863649407,4.50749655423416,4.649756962645011,0.6462147158261423,0.6827360160896209,0.7213213445162929
0.002062,4.36958863649407,4.50749655423416,4.649756962645011,0.7213213445162929,0.7620873511768764,0.805157278706688
0.00205,4.36958863649407,4.50749655423416,4.649756962645011,0.805157278706688,0.8506613348892827,0.8987370862969332
0.00198,4.36958863649407,4.50749655423416,4.649756962645011,0.8987370862969332,0.9495298741779894,1.0031932538484196
0.002008,4.36958863649407,4.50749655423416,4.649756962645011,1.0031932538484196,1.0598894589158872,1.1197898917397926
0.001978,4.36958863649407,4.50749655423416,4.649756962645011,1.1197898917397926,1.183075641610026,1.249938032210973
0.001923,4.36958863649407,4.50749655423416,4.649756962645011,1.249938032210973,1.3205792000258516,1.3952127054299968
0.001906,4.36958863649407,4.50749655423416,4.649756962645011,1.3952127054299968,1.4740641783205308,1.5573720002342704
0.001975,4.36958863649407,4.50749655423416,4.649756962645011,1.5573720002342704,1.6453880250160273,1.7383783402160131
0.001917,4.36958863649407,4.50749655423416,4.649756962645011,1.7383783402160131,1.8366240715181728,1.9404222326313807
0.003058,4.36958863649407,4.50749655423416,4.649756962645011,1.9404222326313807,2.050086623212864,2.1659487775384263
0.00392,4.36958863649407,4.50749655423416,4.649756962645011,2.1659487775384263,2.2883589667874706,2.417687257972894
0.004065,4.36958863649407,4.50749655423416,4.649756962645011,2.417687257972894,2.5543246327171887,2.6986841692569943
0.004028,4.36958863649407,4.50749655423416,4.649756962645011,2.6986841692569943,2.851202291249511,3.0123400871561223
0.003915,4.36958863649407,4.50749655423416,4.649756962645011,3.0123400871561223,3.1825847041919566,3.3624508210555346
0.003768,4.36958863649407,4.50749655423416,4.649756962645011,3.3624508210555346,3.552482203890815,3.7532533501855805
0.00372,4.36958863649407,4.50749655423416,4.649756962645011,3.7532533501855805,3.9653712255759532,4.189477098807692
0.003614,4.36958863649407,4.50749655423416,4.649756962645011,4.189477098807692,4.42624848040168,4.676401170884524
0.00351,4.36958863649407,4.50749655423416,4.649756962645011,4.676401170884524,4.940691424776398,5.219918236878273
0.003647,4.36958863649407,4.50749655423416,4.649756962645011,5.219918236878273,5.514925757770336,5.82660584582409
0.00362,4.36958863649407,4.50749655423416,4.649756962645011,5.82660584582409,6.155900763443285,6.5038060256849075
0.003563,4.36958863649407,4.50749655423416,4.649756962645011,6.5038060256849075,6.871373409872062,7.25971413529735
0.003537,4.36958863649407,4.50749655423416,4.649756962645011,7.25971413529735,7.670002222629526,8.103478043179491
0.00355,4.36958863649407,4.50749655423416,4.649756962645011,8.103478043179491,8.561452068755672,9.045308833445212
0.003362,4.36958863649407,4.50749655423416,4.649756962645011,9.045308833445212,9.556511119298175,10.096604378568765
0.003318,4.36958863649407,4.50749655423416,4.649756962645011,10.096604378568765,10.66722140588275,11.27008727445586
0.003767,4.36958863649407,4.50749655423416,4.649756962645011,11.27008727445586,11.907024551286224,12.579958807087245
0.003631,4.36958863649407,4.50749655423416,4.649756962645011,12.579958807087245,13.290924437618376,14.042070814012659
0.003317,4.36958863649407,4.50749655423416,4.649756962645011,14.042070814012659,14.835668780694615,15.67411752053271
0.003128,4.36958863649407,4.50749655423416,4.649756962645011,15.67411752053271,16.55995180798096,17.49584967213718
0.002782,4.36958863649407,4.50749655423416,4.649756962645011,17.49584967213718,18.484640492884626,19.529313554592992
0.002582,4.36958863649407,4.50749655423416,4.649756962645011,19.529313554592992,20.63302708323817,21.799117794261466
0.00242,4.36958863649407,4.50749655423416,4.649756962645011,21.799117794261466,23.03111098003311,24.332731167416135
0.002252,4.36958863649407,4.50749655423416,4.649756962645011,24.332731167416135,25.707913377650407,27.160815022597262
0.00214,4.36958863649407,4.50749655423416,4.649756962645011,27.160815022597262,28.695828473309135,30.317594338921154
0.001897,4.36958863649407,4.50749655423416,4.649756962645011,30.317594338921154,32.03101549600908,33.84127191082679
0.001787,4.36958863649407,4.50749655423416,4.649756962645011,33.84127191082679,35.75383629923332,37.77449067165226
0.001735,4.36958863649407,4.50749655423416,4.649756962645011,37.77449067165226,39.909343813081726,42.1648497509999
0.001521,4.36958863649407,4.50749655423416,4.649756962645011,42.1648497509999,44.547827266997885,47.06548051112691
0.001417,4.36958863649407,4.50749655423416,4.649756962645011,47.06548051112691,49.72542078128044,52.535689533454075
0.001302,4.36958863649407,4.50749655423416,4.649756962645011,52.535689533454075,55.504782692447314,58.641676336502556
0.001228,4.36958863649407,4.50749655423416,4.649756962645011,58.641676336502556,61.955853833530256,65.45733451095779
0.000958,4.36958863649407,4.50749655423416,4.649756962645011,65.45733451095779,69.15670394587609,73.06514596705614
0.000325,4.36958863649407,4.50749655423416,4.649756962645011,73.06514596705614,77.19447646558302,81.55717911632256
0.000292,4.36958863649407,4.50749655423416,4.649756962645011,81.55717911632256,86.16644311821332,91.03620306747894
0.000318,4.36958863649407,4.50749655423416,4.649756962645011,91.03620306747894,96.18118108430411,101.61693132033079
0.00027,4.36958863649407,4.50749655423416,4.649756962645011,101.61693132033079,107.35988698152859,113.42741000859688
0.000257,4.36958863649407,4.50749655423416,4.649756962645011,113.42741000859688,119.83784356509167,126.61056749195744
0.000294,4.36958863649407,4.50749655423416,4.649756962645011,126.61056749195744,133.76605689611287,141.32594405021308
0.000245,4.36958863649407,4.50749655423416,4.649756962645011,141.32594405021308,149.31308379072314,157.7516226120118
0.000209,4.36958863649407,4.50749655423416,4.649756962645011,157.7516226120118,166.66707166534817,176.08638388349098
0.000245,4.36958863649407,4.50749655423416,4.649756962645011,176.08638388349098,186.0380354640305,196.55211195782155
0.000199,4.36958863649407,4.50749655423416,4.649756962645011,196.55211195782155,207.66039922276806,219.39647951792662
0.000205,4.36958863649407,4.50749655423416,4.649756962645011,219.39647951792662,231.79583302844003,244.8959451282275
0.000159,4.36958863649407,4.50749655423416,4.649756962645011,244.8959451282275,258.73641970470345,273.35909888812694
0.000191,4.36958863649407,4.50749655423416,4.649756962645011,273.35909888812694,288.8081895475435,305.13039693573796
0.000166,4.36958863649407,4.50749655423416,4.649756962645011,305.13039693573796,322.37506588723016,340.5943299961796
0.000168,4.36958863649407,4.50749655423416,4.649756962645011,340.5943299961796,359.843269225189,380.18007642148444
0.000155,4.36958863649407,4.50749655423416,4.649756962645011,380.18007642148444,401.66623324388144,424.3666960323934
0.000149,4.36958863649407,4.50749655423416,4.649756962645011,424.3666960323934,448.35009218239543,473.6889276170203
0.000105,4.36958863649407,4.50749655423416,4.649756962645011,473.6889276170203,500.45980598500944,528.7436602466912
0.000129,4.36958863649407,4.50749655423416,4.649756962645011,528.7436602466912,558.6259973482117,590.1971567237096
0.000137,4.36958863649407,4.50749655423416,4.649756962645011,590.1971567237096,623.5525834069318,658.7931165779523
0.000111,4.36958863649407,4.50749655423416,4.649756962645011,658.7931165779523,696.0252944173212,735.3616761892738
0.000122,4.36958863649407,4.50749655423416,4.649756962645011,735.3616761892738,776.9211825277038,820.8294549536521
8e-05,4.36958863649407,4.50749655423416,4.649756962645011,820.8294549536521,867.2192357111913,916.2307690700113
9.4e-05,4.36958863649407,4.50749655423416,4.649756962645011,916.2307690700113,968.0122253079195,1022.7201486550255
0.0001,4.36958863649407,4.50749655423416,4.649756962645011,1022.7201486550255,1080.5199305538154,1141.5863096658716
9.6e-05,4.36958863649407,4.50749655423416,4.649756962645011,1141.5863096658716,1206.1039001368388,1274.2677497166753
9.9e-05,4.36958863649407,4.50749655423416,4.649756962645011,1274.2677497166753,1346.2839294224782,1422.370156526539
9.5e-05,4.36958863649407,4.50749655423416,4.649756962645011,1422.370156526539,1502.7564527530292,1587.68583967315
7.6e-05,4.36958863649407,4.50749655423416,4.649756962645011,1587.68583967315,1677.4150734010555,1772.2154208116622
6.9e-05,4.36958863649407,4.50749655423416,4.649756962645011,1772.2154208116622,1872.373479626966,1978.1920448501505
8.4e-05,4.36958863649407,4.50749655423416,4.649756962645011,1978.1920448501505,2089.991024166855,2208.1084050810155
7.2e-05,4.36958863649407,4.50749655423416,4.649756962645011,2208.1084050810155,2332.9012767091076,2464.7469093218283
7.1e-05,4.36958863649407,4.50749655423416,4.649756962645011,2464.7469093218283,2604.0438948968845,2751.213352130962
6.7e-05,4.36958863649407,4.50749655423416,4.649756962645011,2751.213352130962,2906.7001995538217,3070.9745005933823
7.3e-05,4.36958863649407,4.50749655423416,4.649756962645011,3070.9745005933823,3244.5328846581474,3427.9000485331494
6e-05,4.36958863649407,4.50749655423416,4.649756962645011,3427.9000485331494,3621.630342628391,3826.309446875285
5.7e-05,4.36958863649407,4.50749655423416,4.649756962645011,3826.309446875285,4042.556141337618,4271.024176889881
5.4e-05,4.36958863649407,4.50749655423416,4.649756962645011,4271.024176889881,4512.404251618383,4767.426098920123
0.002313,4.649756962645011,4.796507230018087,4.947889060104459,0.07999999999999999,0.08452125887808527,0.08929804002920383
0.002291,4.649756962645011,4.796507230018087,4.947889060104459,0.08929804002920383,0.09434478448267444,0.09967674941321612
0.002332,4.649756962645011,4.796507230018087,4.947889060104459,0.09967674941321612,0.10531005426600588,0.11126172948852864
0.002287,4.649756962645011,4.796507230018087,4.947889060104459,0.11126172948852864,0.11754976801654278,0.12419317966981348
0.002212,4.649756962645011,4.796507230018087,4.947889060104459,0.12419317966981348,0.13121204862206076,0.13862759411886386
0.002241,4.649756962645011,4.796507230018087,4.947889060104459,0.13862759411886386,0.14646223462708277,0.15473965560973155
0.002344,4.649756962645011,4.796507230018087,4.947889060104459,0.15473965560973155,0.1634848811311985,0.1727243495092878
0.002137,4.649756962645011,4.796507230018087,4.947889060104459,0.1727243495092878,0.1824859932427924,0.1927993234562322
0.00215,4.649756962645011,4.796507230018087,4.947889060104459,0.1927993234562322,0.20369551911704872,0.21520752129497553
0.002217,4.649756962645011,4.796507230018087,4.947889060104459,0.21520752129497553,0.22737013274854592,0.24022012313980576
0.002188,4.649756962645011,4.796507230018087,4.947889060104459,0.24022012313980576,0.25379634019531294,0.26813982714948303
0.002213,4.649756962645011,4.796507230018087,4.947889060104459,0.26813982714948303,0.28329394682533116,0.2993045127277292
0.002182,4.649756962645011,4.796507230018087,4.947889060104459,0.2993045127277292,0.31621992754549455,0.3340913294810264
0.002199,4.649756962645011,4.796507230018087,4.947889060104459,0.3340913294810264,0.3529727468498688,0.37292126141758264
0.002157,4.649756962645011,4.796507230018087,4.947889060104459,0.37292126141758264,0.3939971809677202,0.41626422162260607
0.002108,4.649756962645011,4.796507230018087,4.947889060104459,0.41626422162260607,0.4397897004681118,0.46464473906476067
0.002058,4.649756962645011,4.796507230018087,4.947889060104459,0.46464473906476067,0.4909044784604127,0.5186483063545496
0.002059,4.649756962645011,4.796507230018087,4.947889060104459,0.5186483063545496,0.547960097100917,0.5789284652740918
0.002056,4.649756962645011,4.796507230018087,4.947889060104459,0.5789284652740918,0.6116470335665513,0.6462147158261423
0.001987,4.649756962645011,4.796507230018087,4.947889060104459,0.6462147158261423,0.6827360160896209,0.7213213445162929
0.002051,4.649756962645011,4.796507230018087,4.947889060104459,0.7213213445162929,0.7620873511768764,0.805157278706688
0.002086,4.649756962645011,4.796507230018087,4.947889060104459,0.805157278706688,0.8506613348892827,0.8987370862969332
0.00203,4.649756962645011,4.796507230018087,4.947889060104459,0.8987370862969332,0.9495298741779894,1.0031932538484196
0.00202,4.649756962645011,4.796507230018087,4.947889060104459,1.0031932538484196,1.0598894589158872,1.1197898917397926
0.001936,4.649756962645011,4.796507230018087,4.947889060104459,1.1197898917397926,1.183075641610026,1.249938032210973
0.001998,4.649756962645011,4.796507230018087,4.947889060104459,1.249938032210973,1.3205792000258516,1.3952127054299968
0.00204,4.649756962645011,4.796507230018087,4.947889060104459,1.3952127054299968,1.4740641783205308,1.5573720002342704
0.002008,4.649756962645011,4.796507230018087,4.947889060104459,1.5573720002342704,1.6453880250160273,1.7383783402160131
0.001925,4.649756962645011,4.796507230018087,4.947889060104459,1.7383783402160131,1.8366240715181728,1.9404222326313807
0.003141,4.649756962645011,4.796507230018087,4.947889060104459,1.9404222326313807,2.050086623212864,2.1659487775384263
0.003951,4.649756962645011,4.796507230018087,4.947889060104459,2.1659487775384263,2.2883589667874706,2.417687257972894
0.004028,4.649756962645011,4.796507230018087,4.947889060104459,2.417687257972894,2.5543246327171887,2.6986841692569943
0.003962,4.649756962645011,4.796507230018087,4.947889060104459,2.6986841692569943,2.851202291249511,3.0123400871561223
0.003977,4.649756962645011,4.796507230018087,4.947889060104459,3.0123400871561223,3.1825847041919566,3.3624508210555346
0.003868,4.649756962645011,4.796507230018087,4.947889060104459,3.3624508210555346,3.552482203890815,3.7532533501855805
0.003956,4.649756962645011,4.796507230018087,4.947889060104459,3.7532533501855805,3.9653712255759532,4.189477098807692
0.003825,4.649756962645011,4.796507230018087,4.947889060104459,4.189477098807692,4.42624848040168,4.676401170884524
0.003696,4.649756962645011,4.796507230018087,4.947889060104459,4.676401170884524,4.940691424776398,5.219918236878273
0.003709,4.649756962645011,4.796507230018087,4.947889060104459,5.219918236878273,5.514925757770336,5.82660584582409
0.003776,4.649756962645011,4.796507230018087,4.947889060104459,5.82660584582409,6.155900763443285,6.5038060256849075
0.00375,4.649756962645011,4.796507230018087,4.947889060104459,6.5038060256849075,6.871373409872062,7.25971413529735
0.003527,4.649756962645011,4.796507230018087,4.947889060104459,7.25971413529735,7.670002222629526,8.103478043179491
0.003498,4.649756962645011,4.796507230018087,4.947889060104459,8.103478043179491,8.561452068755672,9.045308833445212
0.003566,4.649756962645011,4.796507230018087,4.947889060104459,9.045308833445212,9.556511119298175,10.096604378568765
0.00346,4.649756962645011,4.796507230018087,4.947889060104459,10.096604378568765,10.66722140588275,11.27008727445586
0.003993,4.649756962645011,4.796507230018087,4.947889060104459,11.27008727445586,11.907024551286224,12.579958807087245
0.00371,4.649756962645011,4.796507230018087,4.947889060104459,12.579958807087245,13.290924437618376,14.042070814012659
0.003524,4.649756962645011,4.796507230018087,4.947889060104459,14.042070814012659,14.835668780694615,15.67411752053271
0.003298,4.649756962645011,4.796507230018087,4.947889060104459,15.67411752053271,16.55995180798096,17.49584967213718
0.003072,4.649756962645011,4.796507230018087,4.947889060104459,17.49584967213718,18.484640492884626,19.529313554592992
0.002804,4.649756962645011,4.796507230018087,4.947889060104459,19.529313554592992,20.63302708323817,21.799117794261466
0.002688,4.649756962645011,4.796507230018087,4.947889060104459,21.799117794261466,23.03111098003311,24.332731167416135
0.002375,4.649756962645011,4.796507230018087,4.947889060104459,24.332731167416135,25.707913377650407,27.160815022597262
0.002148,4.649756962645011,4.796507230018087,4.947889060104459,27.160815022597262,28.695828473309135,30.317594338921154
0.002014,4.649756962645011,4.796507230018087,4.947889060104459,30.317594338921154,32.03101549600908,33.84127191082679
0.001958,4.649756962645011,4.796507230018087,4.947889060104459,33.84127191082679,35.75383629923332,37.77449067165226
0.001644,4.649756962645011,4.796507230018087,4.947889060104459,37.77449067165226,39.909343813081726,42.1648497509999
0.001608,4.649756962645011,4.796507230018087,4.947889060104459,42.1648497509999,44.547827266997885,47.06548051112691
0.001488,4.649756962645011,4.796507230018087,4.947889060104459,47.06548051112691,49.72542078128044,52.535689533454075
0.001421,4.649756962645011,4.796507230018087,4.947889060104459,52.535689533454075,55.504782692447314,58.641676336502556
0.001302,4.649756962645011,4.796507230018087,4.947889060104459,58.641676336502556,61.955853833530256,65.45733451095779
0.00104,4.649756962645011,4.796507230018087,4.947889060104459,65.45733451095779,69.15670394587609,73.06514596705614
0.000271,4.649756962645011,4.796507230018087,4.947889060104459,73.06514596705614,77.19447646558302,81.55717911632256
0.000272,4.649756962645011,4.796507230018087,4.947889060104459,81.55717911632256,86.16644311821332,91.03620306747894
0.000264,4.649756962645011,4.796507230018087,4.947889060104459,91.03620306747894,96.18118108430411,101.61693132033079
0.000265,4.649756962645011,4.796507230018087,4.947889060104459,101.61693132033079,107.35988698152859,113.42741000859688
0.000203,4.649756962645011,4.796507230018087,4.947889060104459,113.42741000859688,119.83784356509167,126.61056749195744
0.000246,4.649756962645011,4.796507230018087,4.947889060104459,126.61056749195744,133.76605689611287,141.32594405021308
0.000207,4.649756962645011,4.796507230018087,4.947889060104459,141.32594405021308,149.31308379072314,157.7516226120118
0.000236,4.649756962645011,4.796507230018087,4.947889060104459,157.7516226120118,166.66707166534817,176.08638388349098
0.000195,4.649756962645011,4.796507230018087,4.947889060104459,176.08638388349098,186.0380354640305,196.55211195782155
0.000188,4.649756962645011,4.796507230018087,4.947889060104459,196.55211195782155,207.66039922276806,219.39647951792662
0.000186,4.649756962645011,4.796507230018087,4.947889060104459,219.39647951792662,231.79583302844003,244.8959451282275
0.000164,4.649756962645011,4.796507230018087,4.947889060104459,244.8959451282275,258.73641970470345,273.35909888812694
0.000172,4.649756962645011,4.796507230018087,4.947889060104459,273.35909888812694,288.8081895475435,305.13039693573796
0.000139,4.649756962645011,4.796507230018087,4.947889060104459,305.13039693573796,322.37506588723016,340.5943299961796
0.000131,4.649756962645011,4.796507230018087,4.947889060104459,340.5943299961796,359.843269225189,380.18007642148444
0.000139,4.649756962645011,4.796507230018087,4.947889060104459,380.18007642148444,401.66623324388144,424.3666960323934
0.000123,4.649756962645011,4.796507230018087,4.947889060104459,424.3666960323934,448.35009218239543,473.6889276170203
0.000113,4.649756962645011,4.796507230018087,4.947889060104459,473.6889276170203,500.45980598500944,528.7436602466912
0.000123,4.649756962645011,4.796507230018087,4.947889060104459,528.7436602466912,558.6259973482117,590.1971567237096
0.000115,4.649756962645011,4.796507230018087,4.947889060104459,590.1971567237096,623.5525834069318,658.7931165779523
0.0001,4.649756962645011,4.796507230018087,4.947889060104459,658.7931165779523,696.0252944173212,735.3616761892738
8.8e-05,4.649756962645011,4.796507230018087,4.947889060104459,735.3616761892738,776.9211825277038,820.8294549536521
9.7e-05,4.649756962645011,4.796507230018087,4.947889060104459,820.8294549536521,867.2192357111913,916.2307690700113
8.9e-05,4.649756962645011,4.796507230018087,4.947889060104459,916.2307690700113,968.0122253079195,1022.7201486550255
8.5e-05,4.649756962645011,4.796507230018087,4.947889060104459,1022.7201486550255,1080.5199305538154,1141.5863096658716
7.3e-05,4.649756962645011,4.796507230018087,4.947889060104459,1141.5863096658716,1206.1039001368388,1274.2677497166753
7.2e-05,4.649756962645011,4.796507230018087,4.947889060104459,1274.2677497166753,1346.2839294224782,1422.370156526539
8.3e-05,4.649756962645011,4.796507230018087,4.947889060104459,1422.370156526539,1502.7564527530292,1587.68583967315
9.4e-05,4.649756962645011,4.796507230018087,4.947889060104459,1587.68583967315,1677.4150734010555,1772.2154208116622
6.1e-05,4.649756962645011,4.796507230018087,4.947889060104459,1772.2154208116622,1872.373479626966,1978.1920448501505
6.4e-05,4.649756962645011,4.796507230018087,4.947889060104459,1978.1920448501505,2089.991024166855,2208.1084050810155
6.6e-05,4.649756962645011,4.796507230018087,4.947889060104459,2208.1084050810155,2332.9012767091076,2464.7469093218283
6.4e-05,4.649756962645011,4.796507230018087,4.947889060104459,2464.7469093218283,2604.0438948968845,2751.213352130962
6.1e-05,4.649756962645011,4.796507230018087,4.947889060104459,2751.213352130962,2906.7001995538217,3070.9745005933823
5.2e-05,4.649756962645011,4.796507230018087,4.947889060104459,3070.9745005933823,3244.5328846581474,3427.9000485331494
5e-05,4.649756962645011,4.796507230018087,4.947889060104459,3427.9000485331494,3621.630342628391,3826.309446875285
5.8e-05,4.649756962645011,4.796507230018087,4.947889060104459,3826.309446875285,4042.556141337618,4271.024176889881
3.4e-05,4.649756962645011,4.796507230018087,4.947889060104459,4271.024176889881,4512.404251618383,4767.426098920123
0.002346,4.947889060104459,5.10404862894558,5.265136726022564,0.07999999999999999,0.08452125887808527,0.08929804002920383
0.002369,4.947889060104459,5.10404862894558,5.265136726022564,0.08929804002920383,0.09434478448267444,0.09967674941321612
0.002299,4.947889060104459,5.10404862894558,5.265136726022564,0.09967674941321612,0.10531005426600588,0.11126172948852864
0.002278,4.947889060104459,5.10404862894558,5.265136726022564,0.11126172948852864,0.11754976801654278,0.12419317966981348
0.002421,4.947889060104459,5.10404862894558,5.265136726022564,0.12419317966981348,0.13121204862206076,0.13862759411886386
0.002371,4.947889060104459,5.10404862894558,5.265136726022564,0.13862759411886386,0.14646223462708277,0.15473965560973155
0.002246,4.947889060104459,5.10404862894558,5.265136726022564,0.15473965560973155,0.1634848811311985,0.1727243495092878
0.002286,4.947889060104459,5.10404862894558,5.265136726022564,0.1727243495092878,0.1824859932427924,0.1927993234562322
0.002171,4.947889060104459,5.10404862894558,5.265136726022564,0.1927993234562322,0.20369551911704872,0.21520752129497553
0.002345,4.947889060104459,5.10404862894558,5.265136726022564,0.21520752129497553,0.22737013274854592,0.24022012313980576
0.002229,4.947889060104459,5.10404862894558,5.265136726022564,0.24022012313980576,0.25379634019531294,0.26813982714948303
0.002209,4.947889060104459,5.10404862894558,5.265136726022564,0.26813982714948303,0.28329394682533116,0.2993045127277292
0.002079,4.947889060104459,5.10404862894558,5.265136726022564,0.2993045127277292,0.31621992754549455,0.3340913294810264
0.002156,4.947889060104459,5.10404862894558,5.265136726022564,0.3340913294810264,0.3529727468498688,0.37292126141758264
0.002225,4.947889060104459,5.10404862894558,5.265136726022564,0.37292126141758264,0.3939971809677202,0.41626422162260607
0.002153,4.947889060104459,5.10404862894558,5.265136726022564,0.41626422162260607,0.4397897004681118,0.46464473906476067
0.002268,4.947889060104459,5.10404862894558,5.265136726022564,0.46464473906476067,0.4909044784604127,0.5186483063545496
0.002162,4.947889060104459,5.10404862894558,5.265136726022564,0.5186483063545496,0.547960097100917,0.5789284652740918
0.002242,4.947889060104459,5.10404862894558,5.265136726022564,0.5789284652740918,0.6116470335665513,0.6462147158261423
0.002129,4.947889060104459,5.10404862894558,5.265136726022564,0.6462147158261423,0.6827360160896209,0.7213213445162929
0.002082,4.947889060104459,5.10404862894558,5.265136726022564,0.7213213445162929,0.7620873511768764,0.805157278706688
0.002112,4.947889060104459,5.10404862894558,5.265136726022564,0.805157278706688,0.8506613348892827,0.8987370862969332
0.002145,4.947889060104459,5.10404862894558,5.265136726022564,0.8987370862969332,0.9495298741779894,1.0031932538484196
0.001991,4.947889060104459,5.10404862894558,5.265136726022564,1.0031932538484196,1.0598894589158872,1.1197898917397926
0.002167,4.947889060104459,5.10404862894558,5.265136726022564,1.1197898917397926,1.183075641610026,1.249938032210973
0.002071,4.947889060104459,5.10404862894558,5.265136726022564,1.249938032210973,1.3205792000258516,1.3952127054299968
0.002009,4.947889060104459,5.10404862894558,5.265136726022564,1.3952127054299968,1.4740641783205308,1.5573720002342704
0.002036,4.947889060104459,5.10404862894558,5.265136726022564,1.5573720002342704,1.6453880250160273,1.7383783402160131
0.002012,4.947889060104459,5.10404862894558,5.265136726022564,1.7383783402160131,1.8366240715181728,1.9404222326313807
0.003151,4.947889060104459,5.10404862894558,5.265136726022564,1.9404222326313807,2.050086623212864,2.1659487775384263
0.004246,4.947889060104459,5.10404862894558,5.265136726022564,2.1659487775384263,2.2883589667874706,2.417687257972894
0.004295,4.947889060104459,5.10404862894558,5.265136726022564,2.417687257972894,2.5543246327171887,2.6986841692569943
0.00413,4.947889060104459,5.10404862894558,5.265136726022564,2.6986841692569943,2.851202291249511,3.0123400871561223
0.004067,4.947889060104459,5.10404862894558,5.265136726022564,3.0123400871561223,3.1825847041919566,3.3624508210555346
0.004159,4.947889060104459,5.10404862894558,5.265136726022564,3.3624508210555346,3.552482203890815,3.7532533501855805
0.004033,4.947889060104459,5.10404862894558,5.265136726022564,3.7532533501855805,3.9653712255759532,4.189477098807692
0.003865,4.947889060104459,5.10404862894558,5.265136726022564,4.189477098807692,4.42624848040168,4.676401170884524
0.003834,4.947889060104459,5.10404862894558,5.265136726022564,4.676401170884524,4.940691424776398,5.219918236878273
0.003824,4.947889060104459,5.10404862894558,5.265136726022564,5.219918236878273,5.514925757770336,5.82660584582409
0.003708,4.947889060104459,5.10404862894558,5.265136726022564,5.82660584582409,6.155900763443285,6.5038060256849075
0.003758,4.947889060104459,5.10404862894558,5.265136726022564,6.5038060256849075,6.871373409872062,7.25971413529735
0.003652,4.947889060104459,5.10404862894558,5.265136726022564,7.25971413529735,7.670002222629526,8.103478043179491
0.00363,4.947889060104459,5.10404862894558,5.265136726022564,8.103478043179491,8.561452068755672,9.045308833445212
0.003685,4.947889060104459,5.10404862894558,5.265136726022564,9.045308833445212,9.556511119298175,10.096604378568765
0.003526,4.947889060104459,5.10404862894558,5.265136726022564,10.096604378568765,10.66722140588275,11.27008727445586
0.004186,4.947889060104459,5.10404862894558,5.265136726022564,11.27008727445586,11.907024551286224,12.579958807087245
0.004056,4.947889060104459,5.10404862894558,5.265136726022564,12.579958807087245,13.290924437618376,14.042070814012659
0.00367,4.947889060104459,5.10404862894558,5.265136726022564,14.042070814012659,14.835668780694615,15.67411752053271
0.003431,4.947889060104459,5.10404862894558,5.265136726022564,15.67411752053271,16.55995180798096,17.49584967213718
0.003175,4.947889060104459,5.10404862894558,5.265136726022564,17.49584967213718,18.484640492884626,19.529313554592992
0.002962,4.947889060104459,5.10404862894558,5.265136726022564,19.529313554592992,20.63302708323817,21.799117794261466
0.002722,4.947889060104459,5.10404862894558,5.265136726022564,21.799117794261466,23.03111098003311,24.332731167416135
0.002569,4.947889060104459,5.10404862894558,5.265136726022564,24.332731167416135,25.707913377650407,27.160815022597262
0.002418,4.947889060104459,5.10404862894558,5.265136726022564,27.160815022597262,28.695828473309135,30.317594338921154
0.002129,4.947889060104459,5.10404862894558,5.265136726022564,30.317594338921154,32.03101549600908,33.84127191082679
0.00201,4.947889060104459,5.10404862894558,5.265136726022564,33.84127191082679,35.75383629923332,37.77449067165226
0.001813,4.947889060104459,5.10404862894558,5.265136726022564,37.77449067165226,39.909343813081726,42.1648497509999
0.001704,4.947889060104459,5.10404862894558,5.265136726022564,42.1648497509999,44.547827266997885,47.06548051112691
0.001619,4.947889060104459,5.10404862894558,5.265136726022564,47.06548051112691,49.72542078128044,52.535689533454075
0.001436,4.947889060104459,5.10404862894558,5.265136726022564,52.535689533454075,55.504782692447314,58.641676336502556
0.001297,4.947889060104459,5.10404862894558,5.265136726022564,58.641676336502556,61.955853833530256,65.45733451095779
0.001106,4.947889060104459,5.10404862894558,5.265136726022564,65.45733451095779,69.15670394587609,73.06514596705614
0.000252,4.947889060104459,5.10404862894558,5.265136726022564,73.06514596705614,77.19447646558302,81.55717911632256
0.000265,4.947889060104459,5.10404862894558,5.265136726022564,81.55717911632256,86.16644311821332,91.03620306747894
0.000238,4.947889060104459,5.10404862894558,5.265136726022564,91.03620306747894,96.18118108430411,101.61693132033079
0.000256,4.947889060104459,5.10404862894558,5.265136726022564,101.61693132033079,107.35988698152859,113.42741000859688
0.000212,4.947889060104459,5.10404862894558,5.265136726022564,113.42741000859688,119.83784356509167,126.61056749195744
0.000218,4.947889060104459,5.10404862894558,5.265136726022564,126.61056749195744,133.76605689611287,141.32594405021308
0.000194,4.947889060104459,5.10404862894558,5.265136726022564,141.32594405021308,149.31308379072314,157.7516226120118
0.000188,4.947889060104459,5.10404862894558,5.265136726022564,157.7516226120118,166.66707166534817,176.08638388349098
0.000164,4.947889060104459,5.10404862894558,5.265136726022564,176.08638388349098,186.0380354640305,196.55211195782155
0.000164,4.947889060104459,5.10404862894558,5.265136726022564,196.55211195782155,207.66039922276806,219.39647951792662
0.000136,4.947889060104459,5.10404862894558,5.265136726022564,219.39647951792662,231.79583302844003,244.8959451282275
0.000123,4.947889060104459,5.10404862894558,5.265136726022564,244.8959451282275,258.73641970470345,273.35909888812694
0.000138,4.947889060104459,5.10404862894558,5.265136726022564,273.35909888812694,288.8081895475435,305.13039693573796
0.000118,4.947889060104459,5.10404862894558,5.265136726022564,305.13039693573796,322.37506588723016,340.5943299961796
0.000123,4.947889060104459,5.10404862894558,5.265136726022564,340.5943299961796,359.843269225189,380.18007642148444
0.000121,4.947889060104459,5.10404862894558,5.265136726022564,380.18007642148444,401.66623324388144,424.3666960323934
9.7e-05,4.947889060104459,5.10404862894558,5.265136726022564,424.3666960323934,448.35009218239543,473.6889276170203
8.3e-05,4.947889060104459,5.10404862894558,5.265136726022564,473.6889276170203,500.45980598500944,528.7436602466912
8e-05,4.947889060104459,5.10404862894558,5.265136726022564,528.7436602466912,558.6259973482117,590.1971567237096
9.3e-05,4.947889060104459,5.10404862894558,5.265136726022564,590.1971567237096,623.5525834069318,658.7931165779523
0.0001,4.947889060104459,5.10404862894558,5.265136726022564,658.7931165779523,696.0252944173212,735.3616761892738
8.8e-05,4.947889060104459,5.10404862894558,5.265136726022564,735.3616761892738,776.9211825277038,820.8294549536521
8.3e-05,4.947889060104459,5.10404862894558,5.265136726022564,820.8294549536521,867.2192357111913,916.2307690700113
7.6e-05,4.947889060104459,5.10404862894558,5.265136726022564,916.2307690700113,968.0122253079195,1022.7201486550255
8.5e-05,4.947889060104459,5.10404862894558,5.265136726022564,1022.7201486550255,1080.5199305538154,1141.5863096658716
7.8e-05,4.947889060104459,5.10404862894558,5.265136726022564,1141.5863096658716,1206.1039001368388,1274.2677497166753
6.7e-05,4.947889060104459,5.10404862894558,5.265136726022564,1274.2677497166753,1346.2839294224782,1422.370156526539
6.3e-05,4.947889060104459,5.10404862894558,5.265136726022564,1422.370156526539,1502.7564527530292,1587.68583967315
5.9e-05,4.947889060104459,5.10404862894558,5.265136726022564,1587.68583967315,1677.4150734010555,1772.2154208116622
6e-05,4.947889060104459,5.10404862894558,5.265136726022564,1772.2154208116622,1872.373479626966,1978.1920448501505
5.4e-05,4.947889060104459,5.10404862894558,5.265136726022564,1978.1920448501505,2089.991024166855,2208.1084050810155
5.8e-05,4.947889060104459,5.10404862894558,5.265136726022564,2208.1084050810155,2332.9012767091076,2464.7469093218283
5.8e-05,4.947889060104459,5.10404862894558,5.265136726022564,2464.7469093218283,2604.0438948968845,2751.213352130962
4.3e-05,4.947889060104459,5.10404862894558,5.265136726022564,2751.213352130962,2906.7001995538217,3070.9745005933823
5.5e-05,4.947889060104459,5.10404862894558,5.265136726022564,3070.9745005933823,3244.5328846581474,3427.9000485331494
4.5e-05,4.947889060104459,5.10404862894558,5.265136726022564,3427.9000485331494,3621.630342628391,3826.309446875285
4.2e-05,4.947889060104459,5.10404862894558,5.265136726022564,3826.309446875285,4042.556141337618,4271.024176889881
3.6e-05,4.947889060104459,5.10404862894558,5.265136726022564,4271.024176889881,4512.404251618383,4767.426098920123
0.002393,5.265136726022564,5.431308899860245,5.602725608226624,0.07999999999999999,0.08452125887808527,0.08929804002920383
0.002446,5.265136726022564,5.431308899860245,5.602725608226624,0.08929804002920383,0.09434478448267444,0.09967674941321612
0.00241,5.265136726022564,5.431308899860245,5.602725608226624,0.09967674941321612,0.10531005426600588,0.11126172948852864
0.002416,5.265136726022564,5.431308899860245,5.602725608226624,0.11126172948852864,0.11754976801654278,0.12419317966981348
0.002387,5.265136726022564,5.431308899860245,5.602725608226624,0.12419317966981348,0.13121204862206076,0.13862759411886386
0.002361,5.265136726022564,5.431308899860245,5.602725608226624,0.13862759411886386,0.14646223462708277,0.15473965560973155
0.002286,5.265136726022564,5.431308899860245,5.602725608226624,0.15473965560973155,0.1634848811311985,0.1727243495092878
0.002285,5.265136726022564,5.431308899860245,5.602725608226624,0.1727243495092878,0.1824859932427924,0.1927993234562322
0.002321,5.265136726022564,5.431308899860245,5.602725608226624,0.1927993234562322,0.20369551911704872,0.21520752129497553
0.002389,5.265136726022564,5.431308899860245,5.602725608226624,0.21520752129497553,0.22737013274854592,0.24022012313980576
0.002376,5.265136726022564,5.431308899860245,5.602725608226624,0.24022012313980576,0.25379634019531294,0.26813982714948303
0.002287,5.265136726022564,5.431308899860245,5.602725608226624,0.26813982714948303,0.28329394682533116,0.2993045127277292
0.002278,5.265136726022564,5.431308899860245,5.602725608226624,0.2993045127277292,0.31621992754549455,0.3340913294810264
0.002306,5.265136726022564,5.431308899860245,5.602725608226624,0.3340913294810264,0.3529727468498688,0.37292126141758264
0.002182,5.265136726022564,5.431308899860245,5.602725608226624,0.37292126141758264,0.3939971809677202,0.41626422162260607
0.002304,5.265136726022564,5.431308899860245,5.602725608226624,0.41626422162260607,0.4397897004681118,0.46464473906476067
0.002187,5.265136726022564,5.431308899860245,5.602725608226624,0.46464473906476067,0.4909044784604127,0.5186483063545496
0.002248,5.265136726022564,5.431308899860245,5.602725608226624,0.5186483063545496,0.547960097100917,0.5789284652740918
0.002111,5.265136726022564,5.431308899860245,5.602725608226624,0.5789284652740918,0.6116470335665513,0.6462147158261423
0.002209,5.265136726022564,5.431308899860245,5.602725608226624,0.6462147158261423,0.6827360160896209,0.7213213445162929
0.002104,5.265136726022564,5.431308899860245,5.602725608226624,0.7213213445162929,0.7620873511768764,0.805157278706688
0.002201,5.265136726022564,5.431308899860245,5.602725608226624,0.805157278706688,0.8506613348892827,0.8987370862969332
0.002079,5.265136726022564,5.431308899860245,5.602725608226624,0.8987370862969332,0.9495298741779894,1.0031932538484196
0.002193,5.265136726022564,5.431308899860245,5.602725608226624,1.0031932538484196,1.0598894589158872,1.1197898917397926
0.002188,5.265136726022564,5.431308899860245,5.602725608226624,1.1197898917397926,1.183075641610026,1.249938032210973
0.002108,5.265136726022564,5.431308899860245,5.602725608226624,1.249938032210973,1.3205792000258516,1.3952127054299968
0.002107,5.265136726022564,5.431308899860245,5.602725608226624,1.3952127054299968,1.4740641783205308,1.5573720002342704
0.002092,5.265136726022564,5.431308899860245,5.602725608226624,1.5573720002342704,1.6453880250160273,1.7383783402160131
0.00213,5.265136726022564,5.431308899860245,5.602725608226624,1.7383783402160131,1.8366240715181728,1.9404222326313807
0.003278,5.265136726022564,5.431308899860245,5.602725608226624,1.9404222326313807,2.050086623212864,2.1659487775384263
0.004273,5.265136726022564,5.431308899860245,5.602725608226624,2.1659487775384263,2.2883589667874706,2.417687257972894
0.004293,5.265136726022564,5.431308899860245,5.602725608226624,2.417687257972894,2.5543246327171887,2.6986841692569943
0.004207,5.265136726022564,5.431308899860245,5.602725608226624,2.6986841692569943,2.851202291249511,3.0123400871561223
0.004155,5.265136726022564,5.431308899860245,5.602725608226624,3.0123400871561223,3.1825847041919566,3.3624508210555346
0.004117,5.265136726022564,5.431308899860245,5.602725608226624,3.3624508210555346,3.552482203890815,3.7532533501855805
0.003993,5.265136726022564,5.431308899860245,5.602725608226624,3.7532533501855805,3.9653712255759532,4.189477098807692
0.00409,5.265136726022564,5.431308899860245,5.602725608226624,4.189477098807692,4.42624848040168,4.676401170884524
0.003888,5.265136726022564,5.431308899860245,5.602725608226624,4.676401170884524,4.940691424776398,5.219918236878273
0.003896,5.265136726022564,5.431308899860245,5.602725608226624,5.219918236878273,5.514925757770336,5.82660584582409
0.00384,5.265136726022564,5.431308899860245,5.602725608226624,5.82660584582409,6.155900763443285,6.5038060256849075
0.003952,5.265136726022564,5.431308899860245,5.602725608226624,6.5038060256849075,6.871373409872062,7.25971413529735
0.003747,5.265136726022564,5.431308899860245,5.602725608226624,7.25971413529735,7.670002222629526,8.103478043179491
0.003632,5.265136726022564,5.431308899860245,5.602725608226624,8.103478043179491,8.561452068755672,9.045308833445212
0.003585,5.265136726022564,5.431308899860245,5.602725608226624,9.045308833445212,9.556511119298175,10.096604378568765
0.003573,5.265136726022564,5.431308899860245,5.602725608226624,10.096604378568765,10.66722140588275,11.27008727445586
0.004436,5.265136726022564,5.431308899860245,5.602725608226624,11.27008727445586,11.907024551286224,12.579958807087245
0.004162,5.265136726022564,5.431308899860245,5.602725608226624,12.579958807087245,13.290924437618376,14.042070814012659
0.003953,5.265136726022564,5.431308899860245,5.602725608226624,14.042070814012659,14.835668780694615,15.67411752053271
0.003595,5.265136726022564,5.431308899860245,5.602725608226624,15.67411752053271,16.55995180798096,17.49584967213718
0.003285,5.265136726022564,5.431308899860245,5.602725608226624,17.49584967213718,18.484640492884626,19.529313554592992
0.003104,5.265136726022564,5.431308899860245,5.602725608226624,19.529313554592992,20.63302708323817,21.799117794261466
0.002901,5.265136726022564,5.431308899860245,5.602725608226624,21.799117794261466,23.03111098003311,24.332731167416135
0.002516,5.265136726022564,5.431308899860245,5.602725608226624,24.332731167416135,25.707913377650407,27.160815022597262
0.002453,5.265136726022564,5.431308899860245,5.602725608226624,27.160815022597262,28.695828473309135,30.317594338921154
0.002266,5.265136726022564,5.431308899860245,5.602725608226624,30.317594338921154,32.03101549600908,33.84127191082679
0.002074,5.265136726022564,5.431308899860245,5.602725608226624,33.84127191082679,35.75383629923332,37.77449067165226
0.001907,5.265136726022564,5.431308899860245,5.602725608226624,37.77449067165226,39.909343813081726,42.1648497509999
0.001789,5.265136726022564,5.431308899860245,5.602725608226624,42.1648497509999,44.547827266997885,47.06548051112691
0.001703,5.265136726022564,5.431308899860245,5.602725608226624,47.06548051112691,49.72542078128044,52.535689533454075
0.001541,5.265136726022564,5.431308899860245,5.602725608226624,52.535689533454075,55.504782692447314,58.641676336502556
0.001504,5.265136726022564,5.431308899860245,5.602725608226624,58.641676336502556,61.955853833530256,65.45733451095779
0.001095,5.265136726022564,5.431308899860245,5.602725608226624,65.45733451095779,69.15670394587609,73.06514596705614
0.000237,5.265136726022564,5.431308899860245,5.602725608226624,73.06514596705614,77.19447646558302,81.55717911632256
0.000247,5.265136726022564,5.431308899860245,5.602725608226624,81.55717911632256,86.16644311821332,91.03620306747894
0.000199,5.265136726022564,5.431308899860245,5.602725608226624,91.03620306747894,96.18118108430411,101.61693132033079
0.000191,5.265136726022564,5.431308899860245,5.602725608226624,101.61693132033079,107.35988698152859,113.42741000859688
0.000211,5.265136726022564,5.431308899860245,5.602725608226624,113.42741000859688,119.83784356509167,126.61056749195744
0.000181,5.265136726022564,5.431308899860245,5.602725608226624,126.61056749195744,133.76605689611287,141.32594405021308
0.000178,5.265136726022564,5.431308899860245,5.602725608226624,141.32594405021308,149.31308379072314,157.7516226120118
0.000156,5.265136726022564,5.431308899860245,5.602725608226624,157.7516226120118,166.66707166534817,176.08638388349098
0.000177,5.265136726022564,5.431308899860245,5.602725608226624,176.08638388349098,186.0380354640305,196.55211195782155
0.000142,5.265136726022564,5.431308899860245,5.602725608226624,196.55211195782155,207.66039922276806,219.39647951792662
0.000138,5.265136726022564,5.431308899860245,5.602725608226624,219.39647951792662,231.79583302844003,244.8959451282275
0.00013,5.265136726022564,5.431308899860245,5.602725608226624,244.8959451282275,258.73641970470345,273.35909888812694
0.000143,5.265136726022564,5.431308899860245,5.602725608226624,273.35909888812694,288.8081895475435,305.13039693573796
0.000109,5.265136726022564,5.431308899860245,5.602725608226624,305.13039693573796,322.37506588723016,340.5943299961796
0.000113,5.265136726022564,5.431308899860245,5.602725608226624,340.5943299961796,359.843269225189,380.18007642148444
0.000104,5.265136726022564,5.431308899860245,5.602725608226624,380.18007642148444,401.66623324388144,424.3666960323934
0.00011,5.265136726022564,5.431308899860245,5.602725608226624,424.3666960323934,448.35009218239543,473.6889276170203
9e-05,5.265136726022564,5.431308899860245,5.602725608226624,473.6889276170203,500.45980598500944,528.7436602466912
7.1e-05,5.265136726022564,5.431308899860245,5.602725608226624,528.7436602466912,558.6259973482117,590.1971567237096
8.7e-05,5.265136726022564,5.431308899860245,5.602725608226624,590.1971567237096,623.5525834069318,658.7931165779523
7.4e-05,5.265136726022564,5.431308899860245,5.602725608226624,658.7931165779523,696.0252944173212,735.3616761892738
0.0001,5.265136726022564,5.431308899860245,5.602725608226624,735.3616761892738,776.9211825277038,820.8294549536521
7.2e-05,5.265136726022564,5.431308899860245,5.602725608226624,820.8294549536521,867.2192357111913,916.2307690700113
8.6e-05,5.265136726022564,5.431308899860245,5.602725608226624,916.2307690700113,968.0122253079195,1022.7201486550255
5.9e-05,5.265136726022564,5.431308899860245,5.602725608226624,1022.7201486550255,1080.5199305538154,1141.5863096658716
6.4e-05,5.265136726022564,5.431308899860245,5.602725608226624,1141.5863096658716,1206.1039001368388,1274.2677497166753
5.8e-05,5.265136726022564,5.431308899860245,5.602725608226624,1274.2677497166753,1346.2839294224782,1422.370156526539
5.3e-05,5.265136726022564,5.431308899860245,5.602725608226624,1422.370156526539,1502.7564527530292,1587.68583967315
6.3e-05,5.265136726022564,5.431308899860245,5.602725608226624,1587.68583967315,1677.4150734010555,1772.2154208116622
5.1e-05,5.265136726022564,5.431308899860245,5.602725608226624,1772.2154208116622,1872.373479626966,1978.1920448501505
5.8e-05,5.265136726022564,5.431308899860245,5.602725608226624,1978.1920448501505,2089.991024166855,2208.1084050810155
6.1e-05,5.265136726022564,5.431308899860245,5.602725608226624,2208.1084050810155,2332.9012767091076,2464.7469093218283
4.1e-05,5.265136726022564,5.431308899860245,5.602725608226624,2464.7469093218283,2604.0438948968845,2751.213352130962
4.9e-05,5.265136726022564,5.431308899860245,5.602725608226624,2751.213352130962,2906.7001995538217,3070.9745005933823
2.7e-05,5.265136726022564,5.431308899860245,5.602725608226624,3070.9745005933823,3244.5328846581474,3427.9000485331494
4.2e-05,5.265136726022564,5.431308899860245,5.602725608226624,3427.9000485331494,3621.630342628391,3826.309446875285
3.6e-05,5.265136726022564,5.431308899860245,5.602725608226624,3826.309446875285,4042.556141337618,4271.024176889881
3.5e-05,5.265136726022564,5.431308899860245,5.602725608226624,4271.024176889881,4512.404251618383,4767.426098920123
0.002548,5.602725608226624,5.779552373072743,5.9619599403625925,0.07999999999999999,0.08452125887808527,0.08929804002920383
0.002418,5.602725608226624,5.779552373072743,5.9619599403625925,0.08929804002920383,0.09434478448267444,0.09967674941321612
0.002462,5.602725608226624,5.779552373072743,5.9619599403625925,0.09967674941321612,0.10531005426600588,0.11126172948852864
0.002469,5.602725608226624,5.779552373072743,5.9619599403625925,0.11126172948852864,0.11754976801654278,0.12419317966981348
0.002418,5.602725608226624,5.779552373072743,5.9619599403625925,0.12419317966981348,0.13121204862206076,0.13862759411886386
0.00238,5.602725608226624,5.779552373072743,5.9619599403625925,0.13862759411886386,0.14646223462708277,0.15473965560973155
0.0024,5.602725608226624,5.779552373072743,5.9619599403625925,0.15473965560973155,0.1634848811311985,0.1727243495092878
0.002497,5.602725608226624,5.779552373072743,5.9619599403625925,0.1727243495092878,0.1824859932427924,0.1927993234562322
0.002426,5.602725608226624,5.779552373072743,5.9619599403625925,0.1927993234562322,0.20369551911704872,0.21520752129497553
0.002362,5.602725608226624,5.779552373072743,5.9619599403625925,0.21520752129497553,0.22737013274854592,0.24022012313980576
0.002403,5.602725608226624,5.779552373072743,5.9619599403625925,0.24022012313980576,0.25379634019531294,0.26813982714948303
0.002384,5.602725608226624,5.779552373072743,5.9619599403625925,0.26813982714948303,0.28329394682533116,0.2993045127277292
0.002356,5.602725608226624,5.779552373072743,5.9619599403625925,0.2993045127277292,0.31621992754549455,0.3340913294810264
0.002306,5.602725608226624,5.779552373072743,5.9619599403625925,0.3340913294810264,0.3529727468498688,0.37292126141758264
0.0022,5.602725608226624,5.779552373072743,5.9619599403625925,0.37292126141758264,0.3939971809677202,0.41626422162260607
0.002277,5.602725608226624,5.779552373072743,5.9619599403625925,0.41626422162260607,0.4397897004681118,0.46464473906476067
0.002352,5.602725608226624,5.779552373072743,5.9619599403625925,0.46464473906476067,0.4909044784604127,0.5186483063545496
0.002198,5.602725608226624,5.779552373072743,5.9619599403625925,0.5186483063545496,0.547960097100917,0.5789284652740918
0.002289,5.602725608226624,5.779552373072743,5.9619599403625925,0.5789284652740918,0.6116470335665513,0.6462147158261423
0.002241,5.602725608226624,5.779552373072743,5.9619599403625925,0.6462147158261423,0.6827360160896209,0.7213213445162929
0.002195,5.602725608226624,5.779552373072743,5.9619599403625925,0.7213213445162929,0.7620873511768764,0.805157278706688
0.002293,5.602725608226624,5.779552373072743,5.9619599403625925,0.805157278706688,0.8506613348892827,0.8987370862969332
0.002175,5.602725608226624,5.779552373072743,5.9619599403625925,0.8987370862969332,0.9495298741779894,1.0031932538484196
0.002245,5.602725608226624,5.779552373072743,5.9619599403625925,1.0031932538484196,1.0598894589158872,1.1197898917397926
0.002163,5.602725608226624,5.779552373072743,5.9619599403625925,1.1197898917397926,1.183075641610026,1.249938032210973
0.002153,5.602725608226624,5.779552373072743,5.9619599403625925,1.249938032210973,1.3205792000258516,1.3952127054299968
0.002227,5.602725608226624,5.779552373072743,5.9619599403625925,1.3952127054299968,1.4740641783205308,1.5573720002342704
0.002112,5.602725608226624,5.779552373072743,5.9619599403625925,1.5573720002342704,1.6453880250160273,1.7383783402160131
0.002091,5.602725608226624,5.779552373072743,5.9619599403625925,1.7383783402160131,1.8366240715181728,1.9404222326313807
0.00339,5.602725608226624,5.779552373072743,5.9619599403625925,1.9404222326313807,2.050086623212864,2.1659487775384263
0.004541,5.602725608226624,5.779552373072743,5.9619599403625925,2.1659487775384263,2.2883589667874706,2.417687257972894
0.004271,5.602725608226624,5.779552373072743,5.9619599403625925,2.417687257972894,2.5543246327171887,2.6986841692569943
0.004232,5.602725608226624,5.779552373072743,5.9619599403625925,2.6986841692569943,2.851202291249511,3.0123400871561223
0.004187,5.602725608226624,5.779552373072743,5.9619599403625925,3.0123400871561223,3.1825847041919566,3.3624508210555346
0.004169,5.602725608226624,5.779552373072743,5.9619599403625925,3.3624508210555346,3.552482203890815,3.7532533501855805
0.004072,5.602725608226624,5.779552373072743,5.9619599403625925,3.7532533501855805,3.9653712255759532,4.189477098807692
0.004006,5.602725608226624,5.779552373072743,5.9619599403625925,4.189477098807692,4.42624848040168,4.676401170884524
0.004031,5.602725608226624,5.779552373072743,5.9619599403625925,4.676401170884524,4.940691424776398,5.219918236878273
0.004015,5.602725608226624,5.779552373072743,5.9619599403625925,5.219918236878273,5.514925757770336,5.82660584582409
0.004105,5.602725608226624,5.779552373072743,5.9619599403625925,5.82660584582409,6.155900763443285,6.5038060256849075
0.003909,5.602725608226624,5.779552373072743,5.9619599403625925,6.5038060256849075,6.871373409872062,7.25971413529735
0.003853,5.602725608226624,5.779552373072743,5.9619599403625925,7.25971413529735,7.670002222629526,8.103478043179491
0.003722,5.602725608226624,5.779552373072743,5.9619599403625925,8.103478043179491,8.561452068755672,9.045308833445212
0.00356,5.602725608226624,5.779552373072743,5.9619599403625925,9.045308833445212,9.556511119298175,10.096604378568765
0.003579,5.602725608226624,5.779552373072743,5.9619599403625925,10.096604378568765,10.66722140588275,11.27008727445586
0.004622,5.602725608226624,5.779552373072743,5.9619599403625925,11.27008727445586,11.907024551286224,12.579958807087245
0.004456,5.602725608226624,5.779552373072743,5.9619599403625925,12.579958807087245,13.290924437618376,14.042070814012659
0.004144,5.602725608226624,5.779552373072743,5.9619599403625925,14.042070814012659,14.835668780694615,15.67411752053271
0.003871,5.602725608226624,5.779552373072743,5.9619599403625925,15.67411752053271,16.55995180798096,17.49584967213718
0.003558,5.602725608226624,5.779552373072743,5.9619599403625925,17.49584967213718,18.484640492884626,19.529313554592992
0.003192,5.602725608226624,5.779552373072743,5.9619599403625925,19.529313554592992,20.63302708323817,21.799117794261466
0.003019,5.602725608226624,5.779552373072743,5.9619599403625925,21.799117794261466,23.03111098003311,24.332731167416135
0.002843,5.602725608226624,5.779552373072743,5.9619599403625925,24.332731167416135,25.707913377650407,27.160815022597262
0.002561,5.602725608226624,5.779552373072743,5.9619599403625925,27.160815022597262,28.695828473309135,30.317594338921154
0.00242,5.602725608226624,5.779552373072743,5.9619599403625925,30.317594338921154,32.03101549600908,33.84127191082679
0.002149,5.602725608226624,5.779552373072743,5.9619599403625925,33.84127191082679,35.75383629923332,37.77449067165226
0.002121,5.602725608226624,5.779552373072743,5.9619599403625925,37.77449067165226,39.909343813081726,42.1648497509999
0.001945,5.602725608226624,5.779552373072743,5.9619599403625925,42.1648497509999,44.547827266997885,47.06548051112691
0.001727,5.602725608226624,5.779552373072743,5.9619599403625925,47.06548051112691,49.72542078128044,52.535689533454075
0.001629,5.602725608226624,5.779552373072743,5.9619599403625925,52.535689533454075,55.504782692447314,58.641676336502556
0.001565,5.602725608226624,5.779552373072743,5.9619599403625925,58.641676336502556,61.955853833530256,65.45733451095779
0.001226,5.602725608226624,5.779552373072743,5.9619599403625925,65.45733451095779,69.15670394587609,73.06514596705614
0.000205,5.602725608226624,5.779552373072743,5.9619599403625925,73.06514596705614,77.19447646558302,81.55717911632256
0.000203,5.602725608226624,5.779552373072743,5.9619599403625925,81.55717911632256,86.16644311821332,91.03620306747894
0.0002,5.602725608226624,5.779552373072743,5.9619599403625925,91.03620306747894,96.18118108430411,101.61693132033079
0.000188,5.602725608226624,5.779552373072743,5.9619599403625925,101.61693132033079,107.35988698152859,113.42741000859688
0.000165,5.602725608226624,5.779552373072743,5.9619599403625925,113.42741000859688,119.83784356509167,126.61056749195744
0.000168,5.602725608226624,5.779552373072743,5.9619599403625925,126.61056749195744,133.76605689611287,141.32594405021308
0.000143,5.602725608226624,5.779552373072743,5.9619599403625925,141.32594405021308,149.31308379072314,157.7516226120118
0.000145,5.602725608226624,5.779552373072743,5.9619599403625925,157.7516226120118,166.66707166534817,176.08638388349098
0.00014,5.602725608226624,5.779552373072743,5.9619599403625925,176.08638388349098,186.0380354640305,196.55211195782155
0.000115,5.602725608226624,5.779552373072743,5.9619599403625925,196.55211195782155,207.66039922276806,219.39647951792662
0.000113,5.602725608226624,5.779552373072743,5.9619599403625925,219.39647951792662,231.79583302844003,244.8959451282275
0.00012,5.602725608226624,5.779552373072743,5.9619599403625925,244.8959451282275,258.73641970470345,273.35909888812694
0.000113,5.602725608226624,5.779552373072743,5.9619599403625925,273.35909888812694,288.8081895475435,305.13039693573796
0.0001,5.602725608226624,5.779552373072743,5.9619599403625925,305.13039693573796,322.37506588723016,340.5943299961796
0.000104,5.602725608226624,5.779552373072743,5.9619599403625925,340.5943299961796,359.843269225189,380.18007642148444
8.5e-05,5.602725608226624,5.779552373072743,5.9619599403625925,380.18007642148444,401.66623324388144,424.3666960323934
8.9e-05,5.602725608226624,5.779552373072743,5.9619599403625925,424.3666960323934,448.35009218239543,473.6889276170203
8.8e-05,5.602725608226624,5.779552373072743,5.9619599403625925,473.6889276170203,500.45980598500944,528.7436602466912
8.3e-05,5.602725608226624,5.779552373072743,5.9619599403625925,528.7436602466912,558.6259973482117,590.1971567237096
9.1e-05,5.602725608226624,5.779552373072743,5.9619599403625925,590.1971567237096,623.5525834069318,658.7931165779523
8e-05,5.602725608226624,5.779552373072743,5.9619599403625925,658.7931165779523,696.0252944173212,735.3616761892738
6.7e-05,5.602725608226624,5.779552373072743,5.9619599403625925,735.3616761892738,776.9211825277038,820.8294549536521
6e-05,5.602725608226624,5.779552373072743,5.9619599403625925,820.8294549536521,867.2192357111913,916.2307690700113
6.6e-05,5.602725608226624,5.779552373072743,5.9619599403625925,916.2307690700113,968.0122253079195,1022.7201486550255
4.9e-05,5.602725608226624,5.779552373072743,5.9619599403625925,1022.7201486550255,1080.5199305538154,1141.5863096658716
6e-05,5.602725608226624,5.779552373072743,5.9619599403625925,1141.5863096658716,1206.1039001368388,1274.2677497166753
5.9e-05,5.602725608226624,5.779552373072743,5.9619599403625925,1274.2677497166753,1346.2839294224782,1422.370156526539
5.2e-05,5.602725608226624,5.779552373072743,5.9619599403625925,1422.370156526539,1502.7564527530292,1587.68583967315
4.4e-05,5.602725608226624,5.779552373072743,5.9619599403625925,1587.68583967315,1677.4150734010555,1772.2154208116622
5.6e-05,5.602725608226624,5.779552373072743,5.9619599403625925,1772.2154208116622,1872.373479626966,1978.1920448501505
4.6e-05,5.602725608226624,5.779552373072743,5.9619599403625925,1978.1920448501505,2089.991024166855,2208.1084050810155
6e-05,5.602725608226624,5.779552373072743,5.9619599403625925,2208.1084050810155,2332.9012767091076,2464.7469093218283
4.5e-05,5.602725608226624,5.779552373072743,5.9619599403625925,2464.7469093218283,2604.0438948968845,2751.213352130962
4.3e-05,5.602725608226624,5.779552373072743,5.9619599403625925,2751.213352130962,2906.7001995538217,3070.9745005933823
4.8e-05,5.602725608226624,5.779552373072743,5.9619599403625925,3070.9745005933823,3244.5328846581474,3427.9000485331494
3.8e-05,5.602725608226624,5.779552373072743,5.9619599403625925,3427.9000485331494,3621.630342628391,3826.309446875285
4.3e-05,5.602725608226624,5.779552373072743,5.9619599403625925,3826.309446875285,4042.556141337618,4271.024176889881
3.2e-05,5.602725608226624,5.779552373072743,5.9619599403625925,4271.024176889881,4512.404251618383,4767.426098920123
0.002481,5.9619599403625925,6.150124444947382,6.344227580643384,0.07999999999999999,0.08452125887808527,0.08929804002920383
0.002519,5.9619599403625925,6.150124444947382,6.344227580643384,0.08929804002920383,0.09434478448267444,0.09967674941321612
0.002496,5.9619599403625925,6.150124444947382,6.344227580643384,0.09967674941321612,0.10531005426600588,0.11126172948852864
0.002481,5.9619599403625925,6.150124444947382,6.344227580643384,0.11126172948852864,0.11754976801654278,0.12419317966981348
0.002469,5.9619599403625925,6.150124444947382,6.344227580643384,0.12419317966981348,0.13121204862206076,0.13862759411886386
0.002396,5.9619599403625925,6.150124444947382,6.344227580643384,0.13862759411886386,0.14646223462708277,0.15473965560973155
0.002479,5.9619599403625925,6.150124444947382,6.344227580643384,0.15473965560973155,0.1634848811311985,0.1727243495092878
0.00246,5.9619599403625925,6.150124444947382,6.344227580643384,0.1727243495092878,0.1824859932427924,0.1927993234562322
0.002463,5.9619599403625925,6.150124444947382,6.344227580643384,0.1927993234562322,0.20369551911704872,0.21520752129497553
0.002304,5.9619599403625925,6.150124444947382,6.344227580643384,0.21520752129497553,0.22737013274854592,0.24022012313980576
0.002425,5.9619599403625925,6.150124444947382,6.344227580643384,0.24022012313980576,0.25379634019531294,0.26813982714948303
0.002406,5.9619599403625925,6.150124444947382,6.344227580643384,0.26813982714948303,0.28329394682533116,0.2993045127277292
0.002471,5.9619599403625925,6.150124444947382,6.344227580643384,0.2993045127277292,0.31621992754549455,0.3340913294810264
0.002383,5.9619599403625925,6.150124444947382,6.344227580643384,0.3340913294810264,0.3529727468498688,0.37292126141758264
0.002422,5.9619599403625925,6.150124444947382,6.344227580643384,0.37292126141758264,0.3939971809677202,0.41626422162260607
0.002401,5.9619599403625925,6.150124444947382,6.344227580643384,0.41626422162260607,0.4397897004681118,0.46464473906476067
0.002313,5.9619599403625925,6.150124444947382,6.344227580643384,0.46464473906476067,0.4909044784604127,0.5186483063545496
0.002294,5.9619599403625925,6.150124444947382,6.344227580643384,0.5186483063545496,0.547960097100917,0.5789284652740918
0.002258,5.9619599403625925,6.150124444947382,6.344227580643384,0.5789284652740918,0.6116470335665513,0.6462147158261423
0.002351,5.9619599403625925,6.150124444947382,6.344227580643384,0.6462147158261423,0.6827360160896209,0.7213213445162929
0.002275,5.9619599403625925,6.150124444947382,6.344227580643384,0.7213213445162929,0.7620873511768764,0.805157278706688
0.002259,5.9619599403625925,6.150124444947382,6.344227580643384,0.805157278706688,0.8506613348892827,0.8987370862969332
0.002205,5.9619599403625925,6.150124444947382,6.344227580643384,0.8987370862969332,0.9495298741779894,1.0031932538484196
0.002178,5.9619599403625925,6.150124444947382,6.344227580643384,1.0031932538484196,1.0598894589158872,1.1197898917397926
0.002208,5.9619599403625925,6.150124444947382,6.344227580643384,1.1197898917397926,1.183075641610026,1.249938032210973
0.002279,5.9619599403625925,6.150124444947382,6.344227580643384,1.249938032210973,1.3205792000258516,1.3952127054299968
0.002119,5.9619599403625925,6.150124444947382,6.344227580643384,1.3952127054299968,1.4740641783205308,1.5573720002342704
0.00221,5.9619599403625925,6.150124444947382,6.344227580643384,1.5573720002342704,1.6453880250160273,1.7383783402160131
0.002182,5.9619599403625925,6.150124444947382,6.344227580643384,1.7383783402160131,1.8366240715181728,1.9404222326313807
0.003513,5.9619599403625925,6.150124444947382,6.344227580643384,1.9404222326313807,2.050086623212864,2.1659487775384263
0.004516,5.9619599403625925,6.150124444947382,6.344227580643384,2.1659487775384263,2.2883589667874706,2.417687257972894
0.004439,5.9619599403625925,6.150124444947382,6.344227580643384,2.417687257972894,2.5543246327171887,2.6986841692569943
0.004512,5.9619599403625925,6.150124444947382,6.344227580643384,2.6986841692569943,2.851202291249511,3.0123400871561223
0.004453,5.9619599403625925,6.150124444947382,6.344227580643384,3.0123400871561223,3.1825847041919566,3.3624508210555346
0.004225,5.9619599403625925,6.150124444947382,6.344227580643384,3.3624508210555346,3.552482203890815,3.7532533501855805
0.004345,5.9619599403625925,6.150124444947382,6.344227580643384,3.7532533501855805,3.9653712255759532,4.189477098807692
0.004311,5.9619599403625925,6.150124444947382,6.344227580643384,4.189477098807692,4.42624848040168,4.676401170884524
0.004062,5.9619599403625925,6.150124444947382,6.344227580643384,4.676401170884524,4.940691424776398,5.219918236878273
0.004094,5.9619599403625925,6.150124444947382,6.344227580643384,5.219918236878273,5.514925757770336,5.82660584582409
0.003986,5.9619599403625925,6.150124444947382,6.344227580643384,5.82660584582409,6.155900763443285,6.5038060256849075
0.003904,5.9619599403625925,6.150124444947382,6.344227580643384,6.5038060256849075,6.871373409872062,7.25971413529735
0.003818,5.9619599403625925,6.150124444947382,6.344227580643384,7.25971413529735,7.670002222629526,8.103478043179491
0.003756,5.9619599403625925,6.150124444947382,6.344227580643384,8.103478043179491,8.561452068755672,9.045308833445212
0.003639,5.9619599403625925,6.150124444947382,6.344227580643384,9.045308833445212,9.556511119298175,10.096604378568765
0.003496,5.9619599403625925,6.150124444947382,6.344227580643384,10.096604378568765,10.66722140588275,11.27008727445586
0.004672,5.9619599403625925,6.150124444947382,6.344227580643384,11.27008727445586,11.907024551286224,12.579958807087245
0.004624,5.9619599403625925,6.150124444947382,6.344227580643384,12.579958807087245,13.290924437618376,14.042070814012659
0.004322,5.9619599403625925,6.150124444947382,6.344227580643384,14.042070814012659,14.835668780694615,15.67411752053271
0.00387,5.9619599403625925,6.150124444947382,6.344227580643384,15.67411752053271,16.55995180798096,17.49584967213718
0.003648,5.9619599403625925,6.150124444947382,6.344227580643384,17.49584967213718,18.484640492884626,19.529313554592992
0.003432,5.9619599403625925,6.150124444947382,6.344227580643384,19.529313554592992,20.63302708323817,21.799117794261466
0.003118,5.9619599403625925,6.150124444947382,6.344227580643384,21.799117794261466,23.03111098003311,24.332731167416135
0.002857,5.9619599403625925,6.150124444947382,6.344227580643384,24.332731167416135,25.707913377650407,27.160815022597262
0.002666,5.9619599403625925,6.150124444947382,6.344227580643384,27.160815022597262,28.695828473309135,30.317594338921154
0.00249,5.9619599403625925,6.150124444947382,6.344227580643384,30.317594338921154,32.03101549600908,33.84127191082679
0.002199,5.9619599403625925,6.150124444947382,6.344227580643384,33.84127191082679,35.75383629923332,37.77449067165226
0.002132,5.9619599403625925,6.150124444947382,6.344227580643384,37.77449067165226,39.909343813081726,42.1648497509999
0.001993,5.9619599403625925,6.150124444947382,6.344227580643384,42.1648497509999,44.547827266997885,47.06548051112691
0.00194,5.9619599403625925,6.150124444947382,6.344227580643384,47.06548051112691,49.72542078128044,52.535689533454075
0.001749,5.9619599403625925,6.150124444947382,6.344227580643384,52.535689533454075,55.504782692447314,58.641676336502556
0.001549,5.9619599403625925,6.150124444947382,6.344227580643384,58.641676336502556,61.955853833530256,65.45733451095779
0.001318,5.9619599403625925,6.150124444947382,6.344227580643384,65.45733451095779,69.15670394587609,73.06514596705614
0.000183,5.9619599403625925,6.150124444947382,6.344227580643384,73.06514596705614,77.19447646558302,81.55717911632256
0.000177,5.9619599403625925,6.150124444947382,6.344227580643384,81.55717911632256,86.16644311821332,91.03620306747894
0.000172,5.9619599403625925,6.150124444947382,6.344227580643384,91.03620306747894,96.18118108430411,101.61693132033079
0.000154,5.9619599403625925,6.150124444947382,6.344227580643384,101.61693132033079,107.35988698152859,113.42741000859688
0.000163,5.9619599403625925,6.150124444947382,6.344227580643384,113.42741000859688,119.83784356509167,126.61056749195744
0.000129,5.9619599403625925,6.150124444947382,6.344227580643384,126.61056749195744,133.76605689611287,141.32594405021308
0.000135,5.9619599403625925,6.150124444947382,6.344227580643384,141.32594405021308,149.31308379072314,157.7516226120118
0.000131,5.9619599403625925,6.150124444947382,6.344227580643384,157.7516226120118,166.66707166534817,176.08638388349098
0.000121,5.9619599403625925,6.150124444947382,6.344227580643384,176.08638388349098,186.0380354640305,196.55211195782155
0.00012,5.9619599403625925,6.150124444947382,6.344227580643384,196.55211195782155,207.66039922276806,219.39647951792662
0.00012,5.9619599403625925,6.150124444947382,6.344227580643384,219.39647951792662,231.79583302844003,244.8959451282275
0.00013,5.9619599403625925,6.150124444947382,6.344227580643384,244.8959451282275,258.73641970470345,273.35909888812694
0.000114,5.9619599403625925,6.150124444947382,6.344227580643384,273.35909888812694,288.8081895475435,305.13039693573796
0.000114,5.9619599403625925,6.150124444947382,6.344227580643384,305.13039693573796,322.37506588723016,340.5943299961796
9.7e-05,5.9619599403625925,6.150124444947382,6.344227580643384,340.5943299961796,359.843269225189,380.18007642148444
8.5e-05,5.9619599403625925,6.150124444947382,6.344227580643384,380.18007642148444,401.66623324388144,424.3666960323934
7.5e-05,5.9619599403625925,6.150124444947382,6.344227580643384,424.3666960323934,448.35009218239543,473.6889276170203
6.8e-05,5.9619599403625925,6.150124444947382,6.344227580643384,473.6889276170203,500.45980598500944,528.7436602466912
6.7e-05,5.9619599403625925,6.150124444947382,6.344227580643384,528.7436602466912,558.6259973482117,590.1971567237096
7.9e-05,5.9619599403625925,6.150124444947382,6.344227580643384,590.1971567237096,623.5525834069318,658.7931165779523
7.3e-05,5.9619599403625925,6.150124444947382,6.344227580643384,658.7931165779523,696.0252944173212,735.3616761892738
5e-05,5.9619599403625925,6.150124444947382,6.344227580643384,735.3616761892738,776.9211825277038,820.8294549536521
4.9e-05,5.9619599403625925,6.150124444947382,6.344227580643384,820.8294549536521,867.2192357111913,916.2307690700113
6.8e-05,5.9619599403625925,6.150124444947382,6.344227580643384,916.2307690700113,968.0122253079195,1022.7201486550255
4.9e-05,5.9619599403625925,6.150124444947382,6.344227580643384,1022.7201486550255,1080.5199305538154,1141.5863096658716
5.2e-05,5.9619599403625925,6.150124444947382,6.344227580643384,1141.5863096658716,1206.1039001368388,1274.2677497166753
5.7e-05,5.9619599403625925,6.150124444947382,6.344227580643384,1274.2677497166753,1346.2839294224782,1422.370156526539
3.6e-05,5.9619599403625925,6.150124444947382,6.344227580643384,1422.370156526539,1502.7564527530292,1587.68583967315
4.8e-05,5.9619599403625925,6.150124444947382,6.344227580643384,1587.68583967315,1677.4150734010555,1772.2154208116622
3.7e-05,5.9619599403625925,6.150124444947382,6.344227580643384,1772.2154208116622,1872.373479626966,1978.1920448501505
4.4e-05,5.9619599403625925,6.150124444947382,6.344227580643384,1978.1920448501505,2089.991024166855,2208.1084050810155
3.4e-05,5.9619599403625925,6.150124444947382,6.344227580643384,2208.1084050810155,2332.9012767091076,2464.7469093218283
3.5e-05,5.9619599403625925,6.150124444947382,6.344227580643384,2464.7469093218283,2604.0438948968845,2751.213352130962
4.7e-05,5.9619599403625925,6.150124444947382,6.344227580643384,2751.213352130962,2906.7001995538217,3070.9745005933823
2.5e-05,5.9619599403625925,6.150124444947382,6.344227580643384,3070.9745005933823,3244.5328846581474,3427.9000485331494
3.8e-05,5.9619599403625925,6.150124444947382,6.344227580643384,3427.9000485331494,3621.630342628391,3826.309446875285
1.7e-05,5.9619599403625925,6.150124444947382,6.344227580643384,3826.309446875285,4042.556141337618,4271.024176889881
2.3e-05,5.9619599403625925,6.150124444947382,6.344227580643384,4271.024176889881,4512.404251618383,4767.426098920123
0.002603,6.344227580643384,6.544456775677579,6.751005373670515,0.07999999999999999,0.08452125887808527,0.08929804002920383
0.002635,6.344227580643384,6.544456775677579,6.751005373670515,0.08929804002920383,0.09434478448267444,0.09967674941321612
0.00265,6.344227580643384,6.544456775677579,6.751005373670515,0.09967674941321612,0.10531005426600588,0.11126172948852864
0.002517,6.344227580643384,6.544456775677579,6.751005373670515,0.11126172948852864,0.11754976801654278,0.12419317966981348
0.002557,6.344227580643384,6.544456775677579,6.751005373670515,0.12419317966981348,0.13121204862206076,0.13862759411886386
0.002484,6.344227580643384,6.544456775677579,6.751005373670515,0.13862759411886386,0.14646223462708277,0.15473965560973155
0.002538,6.344227580643384,6.544456775677579,6.751005373670515,0.15473965560973155,0.1634848811311985,0.1727243495092878
0.002582,6.344227580643384,6.544456775677579,6.751005373670515,0.1727243495092878,0.1824859932427924,0.1927993234562322
0.002504,6.344227580643384,6.544456775677579,6.751005373670515,0.1927993234562322,0.20369551911704872,0.21520752129497553
0.002415,6.344227580643384,6.544456775677579,6.751005373670515,0.21520752129497553,0.22737013274854592,0.24022012313980576
0.002381,6.344227580643384,6.544456775677579,6.751005373670515,0.24022012313980576,0.25379634019531294,0.26813982714948303
0.002565,6.344227580643384,6.544456775677579,6.751005373670515,0.26813982714948303,0.28329394682533116,0.2993045127277292
0.002484,6.344227580643384,6.544456775677579,6.751005373670515,0.2993045127277292,0.31621992754549455,0.3340913294810264
0.002372,6.344227580643384,6.544456775677579,6.751005373670515,0.3340913294810264,0.3529727468498688,0.37292126141758264
0.002385,6.344227580643384,6.544456775677579,6.751005373670515,0.37292126141758264,0.3939971809677202,0.41626422162260607
0.002488,6.344227580643384,6.544456775677579,6.751005373670515,0.41626422162260607,0.4397897004681118,0.46464473906476067
0.00235,6.344227580643384,6.544456775677579,6.751005373670515,0.46464473906476067,0.4909044784604127,0.5186483063545496
0.002447,6.344227580643384,6.544456775677579,6.751005373670515,0.5186483063545496,0.547960097100917,0.5789284652740918
0.002398,6.344227580643384,6.544456775677579,6.751005373670515,0.5789284652740918,0.6116470335665513,0.6462147158261423
0.002488,6.344227580643384,6.544456775677579,6.751005373670515,0.6462147158261423,0.6827360160896209,0.7213213445162929
0.002332,6.344227580643384,6.544456775677579,6.751005373670515,0.7213213445162929,0.7620873511768764,0.805157278706688
0.002275,6.344227580643384,6.544456775677579,6.751005373670515,0.805157278706688,0.8506613348892827,0.8987370862969332
0.002317,6.344227580643384,6.544456775677579,6.751005373670515,0.8987370862969332,0.9495298741779894,1.0031932538484196
0.002236,6.344227580643384,6.544456775677579,6.751005373670515,1.0031932538484196,1.0598894589158872,1.1197898917397926
0.002345,6.344227580643384,6.544456775677579,6.751005373670515,1.1197898917397926,1.183075641610026,1.249938032210973
0.002243,6.344227580643384,6.544456775677579,6.751005373670515,1.249938032210973,1.3205792000258516,1.3952127054299968
0.002266,6.344227580643384,6.544456775677579,6.751005373670515,1.3952127054299968,1.4740641783205308,1.5573720002342704
0.002285,6.344227580643384,6.544456775677579,6.751005373670515,1.5573720002342704,1.6453880250160273,1.7383783402160131
0.002219,6.344227580643384,6.544456775677579,6.751005373670515,1.7383783402160131,1.8366240715181728,1.9404222326313807
0.003612,6.344227580643384,6.544456775677579,6.751005373670515,1.9404222326313807,2.050086623212864,2.1659487775384263
0.004634,6.344227580643384,6.544456775677579,6.751005373670515,2.1659487775384263,2.2883589667874706,2.417687257972894
0.004647,6.344227580643384,6.544456775677579,6.751005373670515,2.417687257972894,2.5543246327171887,2.6986841692569943
0.004484,6.344227580643384,6.544456775677579,6.751005373670515,2.6986841692569943,2.851202291249511,3.0123400871561223
0.004498,6.344227580643384,6.544456775677579,6.751005373670515,3.0123400871561223,3.1825847041919566,3.3624508210555346
0.004488,6.344227580643384,6.544456775677579,6.751005373670515,3.3624508210555346,3.552482203890815,3.7532533501855805
0.004421,6.344227580643384,6.544456775677579,6.751005373670515,3.7532533501855805,3.9653712255759532,4.189477098807692
0.004386,6.344227580643384,6.544456775677579,6.751005373670515,4.189477098807692,4.42624848040168,4.676401170884524
0.00417,6.344227580643384,6.544456775677579,6.751005373670515,4.676401170884524,4.940691424776398,5.219918236878273
0.004168,6.344227580643384,6.544456775677579,6.751005373670515,5.219918236878273,5.514925757770336,5.82660584582409
0.00399,6.344227580643384,6.544456775677579,6.751005373670515,5.82660584582409,6.155900763443285,6.5038060256849075
0.003957,6.344227580643384,6.544456775677579,6.751005373670515,6.5038060256849075,6.871373409872062,7.25971413529735
0.003815,6.344227580643384,6.544456775677579,6.751005373670515,7.25971413529735,7.670002222629526,8.103478043179491
0.003565,6.344227580643384,6.544456775677579,6.751005373670515,8.103478043179491,8.561452068755672,9.045308833445212
0.003704,6.344227580643384,6.544456775677579,6.751005373670515,9.045308833445212,9.556511119298175,10.096604378568765
0.003457,6.344227580643384,6.544456775677579,6.751005373670515,10.096604378568765,10.66722140588275,11.27008727445586
0.004897,6.344227580643384,6.544456775677579,6.751005373670515,11.27008727445586,11.907024551286224,12.579958807087245
0.004755,6.344227580643384,6.544456775677579,6.751005373670515,12.579958807087245,13.290924437618376,14.042070814012659
0.004442,6.344227580643384,6.544456775677579,6.751005373670515,14.042070814012659,14.835668780694615,15.67411752053271
0.003978,6.344227580643384,6.544456775677579,6.751005373670515,15.67411752053271,16.55995180798096,17.49584967213718
0.003771,6.344227580643384,6.544456775677579,6.751005373670515,17.49584967213718,18.484640492884626,19.529313554592992
0.003344,6.344227580643384,6.544456775677579,6.751005373670515,19.529313554592992,20.63302708323817,21.799117794261466
0.003208,6.344227580643384,6.544456775677579,6.751005373670515,21.799117794261466,23.03111098003311,24.332731167416135
0.002914,6.344227580643384,6.544456775677579,6.751005373670515,24.332731167416135,25.707913377650407,27.160815022597262
0.002756,6.344227580643384,6.544456775677579,6.751005373670515,27.160815022597262,28.695828473309135,30.317594338921154
0.002657,6.344227580643384,6.544456775677579,6.751005373670515,30.317594338921154,32.03101549600908,33.84127191082679
0.0023,6.344227580643384,6.544456775677579,6.751005373670515,33.84127191082679,35.75383629923332,37.77449067165226
0.002256,6.344227580643384,6.544456775677579,6.751005373670515,37.77449067165226,39.909343813081726,42.1648497509999
0.002126,6.344227580643384,6.544456775677579,6.751005373670515,42.1648497509999,44.547827266997885,47.06548051112691
0.001944,6.344227580643384,6.544456775677579,6.751005373670515,47.06548051112691,49.72542078128044,52.535689533454075
0.001857,6.344227580643384,6.544456775677579,6.751005373670515,52.535689533454075,55.504782692447314,58.641676336502556
0.00173,6.344227580643384,6.544456775677579,6.751005373670515,58.641676336502556,61.955853833530256,65.45733451095779
0.001414,6.344227580643384,6.544456775677579,6.751005373670515,65.45733451095779,69.15670394587609,73.06514596705614
0.000174,6.344227580643384,6.544456775677579,6.751005373670515,73.06514596705614,77.19447646558302,81.55717911632256
0.000157,6.344227580643384,6.544456775677579,6.751005373670515,81.55717911632256,86.16644311821332,91.03620306747894
0.000158,6.344227580643384,6.544456775677579,6.751005373670515,91.03620306747894,96.18118108430411,101.61693132033079
0.000165,6.344227580643384,6.544456775677579,6.751005373670515,101.61693132033079,107.35988698152859,113.42741000859688
0.000139,6.344227580643384,6.544456775677579,6.751005373670515,113.42741000859688,119.83784356509167,126.61056749195744
0.000141,6.344227580643384,6.544456775677579,6.751005373670515,126.61056749195744,133.76605689611287,141.32594405021308
0.000133,6.344227580643384,6.544456775677579,6.751005373670515,141.32594405021308,149.31308379072314,157.7516226120118
0.000105,6.344227580643384,6.544456775677579,6.751005373670515,157.7516226120118,166.66707166534817,176.08638388349098
9.5e-05,6.344227580643384,6.544456775677579,6.751005373670515,176.08638388349098,186.0380354640305,196.55211195782155
0.000108,6.344227580643384,6.544456775677579,6.751005373670515,196.55211195782155,207.66039922276806,219.39647951792662
8.5e-05,6.344227580643384,6.544456775677579,6.751005373670515,219.39647951792662,231.79583302844003,244.8959451282275
0.000127,6.344227580643384,6.544456775677579,6.751005373670515,244.8959451282275,258.73641970470345,273.35909888812694
8e-05,6.344227580643384,6.544456775677579,6.751005373670515,273.35909888812694,288.8081895475435,305.13039693573796
8.2e-05,6.344227580643384,6.544456775677579,6.751005373670515,305.13039693573796,322.37506588723016,340.5943299961796
9e-05,6.344227580643384,6.544456775677579,6.751005373670515,340.5943299961796,359.843269225189,380.18007642148444
8.9e-05,6.344227580643384,6.544456775677579,6.751005373670515,380.18007642148444,401.66623324388144,424.3666960323934
6.6e-05,6.344227580643384,6.544456775677579,6.751005373670515,424.3666960323934,448.35009218239543,473.6889276170203
7.1e-05,6.344227580643384,6.544456775677579,6.751005373670515,473.6889276170203,500.45980598500944,528.7436602466912
5.9e-05,6.344227580643384,6.544456775677579,6.751005373670515,528.7436602466912,558.6259973482117,590.1971567237096
4.7e-05,6.344227580643384,6.544456775677579,6.751005373670515,590.1971567237096,623.5525834069318,658.7931165779523
6.4e-05,6.344227580643384,6.544456775677579,6.751005373670515,658.7931165779523,696.0252944173212,735.3616761892738
6.3e-05,6.344227580643384,6.544456775677579,6.751005373670515,735.3616761892738,776.9211825277038,820.8294549536521
6e-05,6.344227580643384,6.544456775677579,6.751005373670515,820.8294549536521,867.2192357111913,916.2307690700113
5e-05,6.344227580643384,6.544456775677579,6.751005373670515,916.2307690700113,968.0122253079195,1022.7201486550255
6.2e-05,6.344227580643384,6.544456775677579,6.751005373670515,1022.7201486550255,1080.5199305538154,1141.5863096658716
5.7e-05,6.344227580643384,6.544456775677579,6.751005373670515,1141.5863096658716,1206.1039001368388,1274.2677497166753
5.1e-05,6.344227580643384,6.544456775677579,6.751005373670515,1274.2677497166753,1346.2839294224782,1422.370156526539
2.9e-05,6.344227580643384,6.544456775677579,6.751005373670515,1422.370156526539,1502.7564527530292,1587.68583967315
3e-05,6.344227580643384,6.544456775677579,6.751005373670515,1587.68583967315,1677.4150734010555,1772.2154208116622
4.2e-05,6.344227580643384,6.544456775677579,6.751005373670515,1772.2154208116622,1872.373479626966,1978.1920448501505
4.5e-05,6.344227580643384,6.544456775677579,6.751005373670515,1978.1920448501505,2089.991024166855,2208.1084050810155
4.1e-05,6.344227580643384,6.544456775677579,6.751005373670515,2208.1084050810155,2332.9012767091076,2464.7469093218283
3.5e-05,6.344227580643384,6.544456775677579,6.751005373670515,2464.7469093218283,2604.0438948968845,2751.213352130962
3.4e-05,6.344227580643384,6.544456775677579,6.751005373670515,2751.213352130962,2906.7001995538217,3070.9745005933823
3e-05,6.344227580643384,6.544456775677579,6.751005373670515,3070.9745005933823,3244.5328846581474,3427.9000485331494
3.4e-05,6.344227580643384,6.544456775677579,6.751005373670515,3427.9000485331494,3621.630342628391,3826.309446875285
3.4e-05,6.344227580643384,6.544456775677579,6.751005373670515,3826.309446875285,4042.556141337618,4271.024176889881
1.6e-05,6.344227580643384,6.544456775677579,6.751005373670515,4271.024176889881,4512.404251618383,4767.426098920123
0.002771,6.751005373670515,6.96407282033114,7.183864856043868,0.07999999999999999,0.08452125887808527,0.08929804002920383
0.00264,6.751005373670515,6.96407282033114,7.183864856043868,0.08929804002920383,0.09434478448267444,0.09967674941321612
0.00269,6.751005373670515,6.96407282033114,7.183864856043868,0.09967674941321612,0.10531005426600588,0.11126172948852864
0.002668,6.751005373670515,6.96407282033114,7.183864856043868,0.11126172948852864,0.11754976801654278,0.12419317966981348
0.002677,6.751005373670515,6.96407282033114,7.183864856043868,0.12419317966981348,0.13121204862206076,0.13862759411886386
0.002536,6.751005373670515,6.96407282033114,7.183864856043868,0.13862759411886386,0.14646223462708277,0.15473965560973155
0.002611,6.751005373670515,6.96407282033114,7.183864856043868,0.15473965560973155,0.1634848811311985,0.1727243495092878
0.002653,6.751005373670515,6.96407282033114,7.183864856043868,0.1727243495092878,0.1824859932427924,0.1927993234562322
0.002521,6.751005373670515,6.96407282033114,7.183864856043868,0.1927993234562322,0.20369551911704872,0.21520752129497553
0.002519,6.751005373670515,6.96407282033114,7.183864856043868,0.21520752129497553,0.22737013274854592,0.24022012313980576
0.002569,6.751005373670515,6.96407282033114,7.183864856043868,0.24022012313980576,0.25379634019531294,0.26813982714948303
0.002544,6.751005373670515,6.96407282033114,7.183864856043868,0.26813982714948303,0.28329394682533116,0.2993045127277292
0.002563,6.751005373670515,6.96407282033114,7.183864856043868,0.2993045127277292,0.31621992754549455,0.3340913294810264
0.002534,6.751005373670515,6.96407282033114,7.183864856043868,0.3340913294810264,0.3529727468498688,0.37292126141758264
0.002475,6.751005373670515,6.96407282033114,7.183864856043868,0.37292126141758264,0.3939971809677202,0.41626422162260607
0.002511,6.751005373670515,6.96407282033114,7.183864856043868,0.41626422162260607,0.4397897004681118,0.46464473906476067
0.00243,6.751005373670515,6.96407282033114,7.183864856043868,0.46464473906476067,0.4909044784604127,0.5186483063545496
0.00238,6.751005373670515,6.96407282033114,7.183864856043868,0.5186483063545496,0.547960097100917,0.5789284652740918
0.002436,6.751005373670515,6.96407282033114,7.183864856043868,0.5789284652740918,0.6116470335665513,0.6462147158261423
0.002363,6.751005373670515,6.96407282033114,7.183864856043868,0.6462147158261423,0.6827360160896209,0.7213213445162929
0.002349,6.751005373670515,6.96407282033114,7.183864856043868,0.7213213445162929,0.7620873511768764,0.805157278706688
0.002488,6.751005373670515,6.96407282033114,7.183864856043868,0.805157278706688,0.8506613348892827,0.8987370862969332
0.002373,6.751005373670515,6.96407282033114,7.183864856043868,0.8987370862969332,0.9495298741779894,1.0031932538484196
0.002373,6.751005373670515,6.96407282033114,7.183864856043868,1.0031932538484196,1.0598894589158872,1.1197898917397926
0.002362,6.751005373670515,6.96407282033114,7.183864856043868,1.1197898917397926,1.183075641610026,1.249938032210973
0.00229,6.751005373670515,6.96407282033114,7.183864856043868,1.249938032210973,1.3205792000258516,1.3952127054299968
0.0023,6.751005373670515,6.96407282033114,7.183864856043868,1.3952127054299968,1.4740641783205308,1.5573720002342704
0.002329,6.751005373670515,6.96407282033114,7.183864856043868,1.5573720002342704,1.6453880250160273,1.7383783402160131
0.002281,6.751005373670515,6.96407282033114,7.183864856043868,1.7383783402160131,1.8366240715181728,1.9404222326313807
0.003687,6.751005373670515,6.96407282033114,7.183864856043868,1.9404222326313807,2.050086623212864,2.1659487775384263
0.004795,6.751005373670515,6.96407282033114,7.183864856043868,2.1659487775384263,2.2883589667874706,2.417687257972894
0.004762,6.751005373670515,6.96407282033114,7.183864856043868,2.417687257972894,2.5543246327171887,2.6986841692569943
0.004737,6.751005373670515,6.96407282033114,7.183864856043868,2.6986841692569943,2.851202291249511,3.0123400871561223
0.004666,6.751005373670515,6.96407282033114,7.183864856043868,3.0123400871561223,3.1825847041919566,3.3624508210555346
0.004539,6.751005373670515,6.96407282033114,7.183864856043868,3.3624508210555346,3.552482203890815,3.7532533501855805
0.004518,6.751005373670515,6.96407282033114,7.183864856043868,3.7532533501855805,3.9653712255759532,4.189477098807692
0.004427,6.751005373670515,6.96407282033114,7.183864856043868,4.189477098807692,4.42624848040168,4.676401170884524
0.004261,6.751005373670515,6.96407282033114,7.183864856043868,4.676401170884524,4.940691424776398,5.219918236878273
0.004116,6.751005373670515,6.96407282033114,7.183864856043868,5.219918236878273,5.514925757770336,5.82660584582409
0.003915,6.751005373670515,6.96407282033114,7.183864856043868,5.82660584582409,6.155900763443285,6.5038060256849075
0.003911,6.751005373670515,6.96407282033114,7.183864856043868,6.5038060256849075,6.871373409872062,7.25971413529735
0.003642,6.751005373670515,6.96407282033114,7.183864856043868,7.25971413529735,7.670002222629526,8.103478043179491
0.003727,6.751005373670515,6.96407282033114,7.183864856043868,8.103478043179491,8.561452068755672,9.045308833445212
0.003482,6.751005373670515,6.96407282033114,7.183864856043868,9.045308833445212,9.556511119298175,10.096604378568765
0.003511,6.751005373670515,6.96407282033114,7.183864856043868,10.096604378568765,10.66722140588275,11.27008727445586
0.004983,6.751005373670515,6.96407282033114,7.183864856043868,11.27008727445586,11.907024551286224,12.579958807087245
0.004938,6.751005373670515,6.96407282033114,7.183864856043868,12.579958807087245,13.290924437618376,14.042070814012659
0.004452,6.751005373670515,6.96407282033114,7.183864856043868,14.042070814012659,14.835668780694615,15.67411752053271
0.00423,6.751005373670515,6.96407282033114,7.183864856043868,15.67411752053271,16.55995180798096,17.49584967213718
0.00389,6.751005373670515,6.96407282033114,7.183864856043868,17.49584967213718,18.484640492884626,19.529313554592992
0.003641,6.751005373670515,6.96407282033114,7.183864856043868,19.529313554592992,20.63302708323817,21.799117794261466
0.003319,6.751005373670515,6.96407282033114,7.183864856043868,21.799117794261466,23.03111098003311,24.332731167416135
0.002955,6.751005373670515,6.96407282033114,7.183864856043868,24.332731167416135,25.707913377650407,27.160815022597262
0.002933,6.751005373670515,6.96407282033114,7.183864856043868,27.160815022597262,28.695828473309135,30.317594338921154
0.002669,6.751005373670515,6.96407282033114,7.183864856043868,30.317594338921154,32.03101549600908,33.84127191082679
0.002478,6.751005373670515,6.96407282033114,7.183864856043868,33.84127191082679,35.75383629923332,37.77449067165226
0.002323,6.751005373670515,6.96407282033114,7.183864856043868,37.77449067165226,39.909343813081726,42.1648497509999
0.002094,6.751005373670515,6.96407282033114,7.183864856043868,42.1648497509999,44.547827266997885,47.06548051112691
0.002019,6.751005373670515,6.96407282033114,7.183864856043868,47.06548051112691,49.72542078128044,52.535689533454075
0.001901,6.751005373670515,6.96407282033114,7.183864856043868,52.535689533454075,55.504782692447314,58.641676336502556
0.001808,6.751005373670515,6.96407282033114,7.183864856043868,58.641676336502556,61.955853833530256,65.45733451095779
0.001333,6.751005373670515,6.96407282033114,7.183864856043868,65.45733451095779,69.15670394587609,73.06514596705614
0.000161,6.751005373670515,6.96407282033114,7.183864856043868,73.06514596705614,77.19447646558302,81.55717911632256
0.000139,6.751005373670515,6.96407282033114,7.183864856043868,81.55717911632256,86.16644311821332,91.03620306747894
0.000131,6.751005373670515,6.96407282033114,7.183864856043868,91.03620306747894,96.18118108430411,101.61693132033079
0.000126,6.751005373670515,6.96407282033114,7.183864856043868,101.61693132033079,107.35988698152859,113.42741000859688
0.00012,6.751005373670515,6.96407282033114,7.183864856043868,113.42741000859688,119.83784356509167,126.61056749195744
0.000113,6.751005373670515,6.96407282033114,7.183864856043868,126.61056749195744,133.76605689611287,141.32594405021308
0.000122,6.751005373670515,6.96407282033114,7.183864856043868,141.32594405021308,149.31308379072314,157.7516226120118
0.000121,6.751005373670515,6.96407282033114,7.183864856043868,157.7516226120118,166.66707166534817,176.08638388349098
0.000103,6.751005373670515,6.96407282033114,7.183864856043868,176.08638388349098,186.0380354640305,196.55211195782155
0.000101,6.751005373670515,6.96407282033114,7.183864856043868,196.55211195782155,207.66039922276806,219.39647951792662
9e-05,6.751005373670515,6.96407282033114,7.183864856043868,219.39647951792662,231.79583302844003,244.8959451282275
9e-05,6.751005373670515,6.96407282033114,7.183864856043868,244.8959451282275,258.73641970470345,273.35909888812694
7.9e-05,6.751005373670515,6.96407282033114,7.183864856043868,273.35909888812694,288.8081895475435,305.13039693573796
7.1e-05,6.751005373670515,6.96407282033114,7.183864856043868,305.13039693573796,322.37506588723016,340.5943299961796
6.6e-05,6.751005373670515,6.96407282033114,7.183864856043868,340.5943299961796,359.843269225189,380.18007642148444
7e-05,6.751005373670515,6.96407282033114,7.183864856043868,380.18007642148444,401.66623324388144,424.3666960323934
8.7e-05,6.751005373670515,6.96407282033114,7.183864856043868,424.3666960323934,448.35009218239543,473.6889276170203
6.9e-05,6.751005373670515,6.96407282033114,7.183864856043868,473.6889276170203,500.45980598500944,528.7436602466912
4.8e-05,6.751005373670515,6.96407282033114,7.183864856043868,528.7436602466912,558.6259973482117,590.1971567237096
5.3e-05,6.751005373670515,6.96407282033114,7.183864856043868,590.1971567237096,623.5525834069318,658.7931165779523
4.8e-05,6.751005373670515,6.96407282033114,7.183864856043868,658.7931165779523,696.0252944173212,735.3616761892738
5.1e-05,6.751005373670515,6.96407282033114,7.183864856043868,735.3616761892738,776.9211825277038,820.8294549536521
6e-05,6.751005373670515,6.96407282033114,7.183864856043868,820.8294549536521,867.2192357111913,916.2307690700113
4.4e-05,6.751005373670515,6.96407282033114,7.183864856043868,916.2307690700113,968.0122253079195,1022.7201486550255
4.5e-05,6.751005373670515,6.96407282033114,7.183864856043868,1022.7201486550255,1080.5199305538154,1141.5863096658716
3.8e-05,6.751005373670515,6.96407282033114,7.183864856043868,1141.5863096658716,1206.1039001368388,1274.2677497166753
3.8e-05,6.751005373670515,6.96407282033114,7.183864856043868,1274.2677497166753,1346.2839294224782,1422.370156526539
3.3e-05,6.751005373670515,6.96407282033114,7.183864856043868,1422.370156526539,1502.7564527530292,1587.68583967315
3.6e-05,6.751005373670515,6.96407282033114,7.183864856043868,1587.68583967315,1677.4150734010555,1772.2154208116622
3.1e-05,6.751005373670515,6.96407282033114,7.183864856043868,1772.2154208116622,1872.373479626966,1978.1920448501505
3e-05,6.751005373670515,6.96407282033114,7.183864856043868,1978.1920448501505,2089.991024166855,2208.1084050810155
3.2e-05,6.751005373670515,6.96407282033114,7.183864856043868,2208.1084050810155,2332.9012767091076,2464.7469093218283
2.9e-05,6.751005373670515,6.96407282033114,7.183864856043868,2464.7469093218283,2604.0438948968845,2751.213352130962
2.7e-05,6.751005373670515,6.96407282033114,7.183864856043868,2751.213352130962,2906.7001995538217,3070.9745005933823
3e-05,6.751005373670515,6.96407282033114,7.183864856043868,3070.9745005933823,3244.5328846581474,3427.9000485331494
2.8e-05,6.751005373670515,6.96407282033114,7.183864856043868,3427.9000485331494,3621.630342628391,3826.309446875285
2.1e-05,6.751005373670515,6.96407282033114,7.183864856043868,3826.309446875285,4042.556141337618,4271.024176889881
2.6e-05,6.751005373670515,6.96407282033114,7.183864856043868,4271.024176889881,4512.404251618383,4767.426098920123
0.002749,7.183864856043868,7.410593714533877,7.644478327802449,0.07999999999999999,0.08452125887808527,0.08929804002920383
0.002796,7.183864856043868,7.410593714533877,7.644478327802449,0.08929804002920383,0.09434478448267444,0.09967674941321612
0.002713,7.183864856043868,7.410593714533877,7.644478327802449,0.09967674941321612,0.10531005426600588,0.11126172948852864
0.002712,7.183864856043868,7.410593714533877,7.644478327802449,0.11126172948852864,0.11754976801654278,0.12419317966981348
0.002831,7.183864856043868,7.410593714533877,7.644478327802449,0.12419317966981348,0.13121204862206076,0.13862759411886386
0.002591,7.183864856043868,7.410593714533877,7.644478327802449,0.13862759411886386,0.14646223462708277,0.15473965560973155
0.002764,7.183864856043868,7.410593714533877,7.644478327802449,0.15473965560973155,0.1634848811311985,0.1727243495092878
0.002564,7.183864856043868,7.410593714533877,7.644478327802449,0.1727243495092878,0.1824859932427924,0.1927993234562322
0.002679,7.183864856043868,7.410593714533877,7.644478327802449,0.1927993234562322,0.20369551911704872,0.21520752129497553
0.002548,7.183864856043868,7.410593714533877,7.644478327802449,0.21520752129497553,0.22737013274854592,0.24022012313980576
0.002531,7.183864856043868,7.410593714533877,7.644478327802449,0.24022012313980576,0.25379634019531294,0.26813982714948303
0.002592,7.183864856043868,7.410593714533877,7.644478327802449,0.26813982714948303,0.28329394682533116,0.2993045127277292
0.002633,7.183864856043868,7.410593714533877,7.644478327802449,0.2993045127277292,0.31621992754549455,0.3340913294810264
0.002621,7.183864856043868,7.410593714533877,7.644478327802449,0.3340913294810264,0.3529727468498688,0.37292126141758264
0.002459,7.183864856043868,7.410593714533877,7.644478327802449,0.37292126141758264,0.3939971809677202,0.41626422162260607
0.002488,7.183864856043868,7.410593714533877,7.644478327802449,0.41626422162260607,0.4397897004681118,0.46464473906476067
0.002524,7.183864856043868,7.410593714533877,7.644478327802449,0.46464473906476067,0.4909044784604127,0.5186483063545496
0.002485,7.183864856043868,7.410593714533877,7.644478327802449,0.5186483063545496,0.547960097100917,0.5789284652740918
0.002489,7.183864856043868,7.410593714533877,7.644478327802449,0.5789284652740918,0.6116470335665513,0.6462147158261423
0.00246,7.183864856043868,7.410593714533877,7.644478327802449,0.6462147158261423,0.6827360160896209,0.7213213445162929
0.002458,7.183864856043868,7.410593714533877,7.644478327802449,0.7213213445162929,0.7620873511768764,0.805157278706688
0.002331,7.183864856043868,7.410593714533877,7.644478327802449,0.805157278706688,0.8506613348892827,0.8987370862969332
0.002389,7.183864856043868,7.410593714533877,7.644478327802449,0.8987370862969332,0.9495298741779894,1.0031932538484196
0.002358,7.183864856043868,7.410593714533877,7.644478327802449,1.0031932538484196,1.0598894589158872,1.1197898917397926
0.002363,7.183864856043868,7.410593714533877,7.644478327802449,1.1197898917397926,1.183075641610026,1.249938032210973
0.002357,7.183864856043868,7.410593714533877,7.644478327802449,1.249938032210973,1.3205792000258516,1.3952127054299968
0.002306,7.183864856043868,7.410593714533877,7.644478327802449,1.3952127054299968,1.4740641783205308,1.5573720002342704
0.002307,7.183864856043868,7.410593714533877,7.644478327802449,1.5573720002342704,1.6453880250160273,1.7383783402160131
0.002319,7.183864856043868,7.410593714533877,7.644478327802449,1.7383783402160131,1.8366240715181728,1.9404222326313807
0.003757,7.183864856043868,7.410593714533877,7.644478327802449,1.9404222326313807,2.050086623212864,2.1659487775384263
0.004875,7.183864856043868,7.410593714533877,7.644478327802449,2.1659487775384263,2.2883589667874706,2.417687257972894
0.004805,7.183864856043868,7.410593714533877,7.644478327802449,2.417687257972894,2.5543246327171887,2.6986841692569943
0.004733,7.183864856043868,7.410593714533877,7.644478327802449,2.6986841692569943,2.851202291249511,3.0123400871561223
0.00474,7.183864856043868,7.410593714533877,7.644478327802449,3.0123400871561223,3.1825847041919566,3.3624508210555346
0.004633,7.183864856043868,7.410593714533877,7.644478327802449,3.3624508210555346,3.552482203890815,3.7532533501855805
0.004644,7.183864856043868,7.410593714533877,7.644478327802449,3.7532533501855805,3.9653712255759532,4.189477098807692
0.004412,7.183864856043868,7.410593714533877,7.644478327802449,4.189477098807692,4.42624848040168,4.676401170884524
0.004287,7.183864856043868,7.410593714533877,7.644478327802449,4.676401170884524,4.940691424776398,5.219918236878273
0.004193,7.183864856043868,7.410593714533877,7.644478327802449,5.219918236878273,5.514925757770336,5.82660584582409
0.003869,7.183864856043868,7.410593714533877,7.644478327802449,5.82660584582409,6.155900763443285,6.5038060256849075
0.003764,7.183864856043868,7.410593714533877,7.644478327802449,6.5038060256849075,6.871373409872062,7.25971413529735
0.003749,7.183864856043868,7.410593714533877,7.644478327802449,7.25971413529735,7.670002222629526,8.103478043179491
0.00369,7.183864856043868,7.410593714533877,7.644478327802449,8.103478043179491,8.561452068755672,9.045308833445212
0.003461,7.183864856043868,7.410593714533877,7.644478327802449,9.045308833445212,9.556511119298175,10.096604378568765
0.003417,7.183864856043868,7.410593714533877,7.644478327802449,10.096604378568765,10.66722140588275,11.27008727445586
0.005073,7.183864856043868,7.410593714533877,7.644478327802449,11.27008727445586,11.907024551286224,12.579958807087245
0.005009,7.183864856043868,7.410593714533877,7.644478327802449,12.579958807087245,13.290924437618376,14.042070814012659
0.004569,7.183864856043868,7.410593714533877,7.644478327802449,14.042070814012659,14.835668780694615,15.67411752053271
0.00427,7.183864856043868,7.410593714533877,7.644478327802449,15.67411752053271,16.55995180798096,17.49584967213718
0.004,7.183864856043868,7.410593714533877,7.644478327802449,17.49584967213718,18.484640492884626,19.529313554592992
0.003672,7.183864856043868,7.410593714533877,7.644478327802449,19.529313554592992,20.63302708323817,21.799117794261466
0.003503,7.183864856043868,7.410593714533877,7.644478327802449,21.799117794261466,23.03111098003311,24.332731167416135
0.003189,7.183864856043868,7.410593714533877,7.644478327802449,24.332731167416135,25.707913377650407,27.160815022597262
0.003059,7.183864856043868,7.410593714533877,7.644478327802449,27.160815022597262,28.695828473309135,30.317594338921154
0.00272,7.183864856043868,7.410593714533877,7.644478327802449,30.317594338921154,32.03101549600908,33.84127191082679
0.002623,7.183864856043868,7.410593714533877,7.644478327802449,33.84127191082679,35.75383629923332,37.77449067165226
0.00247,7.183864856043868,7.410593714533877,7.644478327802449,37.77449067165226,39.909343813081726,42.1648497509999
0.00235,7.183864856043868,7.410593714533877,7.644478327802449,42.1648497509999,44.547827266997885,47.06548051112691
0.002098,7.183864856043868,7.410593714533877,7.644478327802449,47.06548051112691,49.72542078128044,52.535689533454075
0.001964,7.183864856043868,7.410593714533877,7.644478327802449,52.535689533454075,55.504782692447314,58.641676336502556
0.001852,7.183864856043868,7.410593714533877,7.644478327802449,58.641676336502556,61.955853833530256,65.45733451095779
0.001499,7.183864856043868,7.410593714533877,7.644478327802449,65.45733451095779,69.15670394587609,73.06514596705614
0.000159,7.183864856043868,7.410593714533877,7.644478327802449,73.06514596705614,77.19447646558302,81.55717911632256
0.000109,7.183864856043868,7.410593714533877,7.644478327802449,81.55717911632256,86.16644311821332,91.03620306747894
0.000118,7.183864856043868,7.410593714533877,7.644478327802449,91.03620306747894,96.18118108430411,101.61693132033079
0.000106,7.183864856043868,7.410593714533877,7.644478327802449,101.61693132033079,107.35988698152859,113.42741000859688
0.00011,7.183864856043868,7.410593714533877,7.644478327802449,113.42741000859688,119.83784356509167,126.61056749195744
0.000117,7.183864856043868,7.410593714533877,7.644478327802449,126.61056749195744,133.76605689611287,141.32594405021308
9.7e-05,7.183864856043868,7.410593714533877,7.644478327802449,141.32594405021308,149.31308379072314,157.7516226120118
9.8e-05,7.183864856043868,7.410593714533877,7.644478327802449,157.7516226120118,166.66707166534817,176.08638388349098
9.9e-05,7.183864856043868,7.410593714533877,7.644478327802449,176.08638388349098,186.0380354640305,196.55211195782155
8.2e-05,7.183864856043868,7.410593714533877,7.644478327802449,196.55211195782155,207.66039922276806,219.39647951792662
9e-05,7.183864856043868,7.410593714533877,7.644478327802449,219.39647951792662,231.79583302844003,244.8959451282275
6.3e-05,7.183864856043868,7.410593714533877,7.644478327802449,244.8959451282275,258.73641970470345,273.35909888812694
6.1e-05,7.183864856043868,7.410593714533877,7.644478327802449,273.35909888812694,288.8081895475435,305.13039693573796
7.7e-05,7.183864856043868,7.410593714533877,7.644478327802449,305.13039693573796,322.37506588723016,340.5943299961796
5.7e-05,7.183864856043868,7.410593714533877,7.644478327802449,340.5943299961796,359.843269225189,380.18007642148444
6.6e-05,7.183864856043868,7.410593714533877,7.644478327802449,380.18007642148444,401.66623324388144,424.3666960323934
6.2e-05,7.183864856043868,7.410593714533877,7.644478327802449,424.3666960323934,448.35009218239543,473.6889276170203
6.3e-05,7.183864856043868,7.410593714533877,7.644478327802449,473.6889276170203,500.45980598500944,528.7436602466912
6.5e-05,7.183864856043868,7.410593714533877,7.644478327802449,528.7436602466912,558.6259973482117,590.1971567237096
6.7e-05,7.183864856043868,7.410593714533877,7.644478327802449,590.1971567237096,623.5525834069318,658.7931165779523
7.1e-05,7.183864856043868,7.410593714533877,7.644478327802449,658.7931165779523,696.0252944173212,735.3616761892738
4.5e-05,7.183864856043868,7.410593714533877,7.644478327802449,735.3616761892738,776.9211825277038,820.8294549536521
5.9e-05,7.183864856043868,7.410593714533877,7.644478327802449,820.8294549536521,867.2192357111913,916.2307690700113
4.3e-05,7.183864856043868,7.410593714533877,7.644478327802449,916.2307690700113,968.0122253079195,1022.7201486550255
3.7e-05,7.183864856043868,7.410593714533877,7.644478327802449,1022.7201486550255,1080.5199305538154,1141.5863096658716
4e-05,7.183864856043868,7.410593714533877,7.644478327802449,1141.5863096658716,1206.1039001368388,1274.2677497166753
4e-05,7.183864856043868,7.410593714533877,7.644478327802449,1274.2677497166753,1346.2839294224782,1422.370156526539
4e-05,7.183864856043868,7.410593714533877,7.644478327802449,1422.370156526539,1502.7564527530292,1587.68583967315
2.5e-05,7.183864856043868,7.410593714533877,7.644478327802449,1587.68583967315,1677.4150734010555,1772.2154208116622
3.1e-05,7.183864856043868,7.410593714533877,7.644478327802449,1772.2154208116622,1872.373479626966,1978.1920448501505
3e-05,7.183864856043868,7.410593714533877,7.644478327802449,1978.1920448501505,2089.991024166855,2208.1084050810155
3.3e-05,7.183864856043868,7.410593714533877,7.644478327802449,2208.1084050810155,2332.9012767091076,2464.7469093218283
3.3e-05,7.183864856043868,7.410593714533877,7.644478327802449,2464.7469093218283,2604.0438948968845,2751.213352130962
1.7e-05,7.183864856043868,7.410593714533877,7.644478327802449,2751.213352130962,2906.7001995538217,3070.9745005933823
2.7e-05,7.183864856043868,7.410593714533877,7.644478327802449,3070.9745005933823,3244.5328846581474,3427.9000485331494
3e-05,7.183864856043868,7.410593714533877,7.644478327802449,3427.9000485331494,3621.630342628391,3826.309446875285
3.4e-05,7.183864856043868,7.410593714533877,7.644478327802449,3826.309446875285,4042.556141337618,4271.024176889881
2.1e-05,7.183864856043868,7.410593714533877,7.644478327802449,4271.024176889881,4512.404251618383,4767.426098920123
0.002836,7.644478327802449,7.885744537530223,8.134625313152533,0.07999999999999999,0.08452125887808527,0.08929804002920383
0.002794,7.644478327802449,7.885744537530223,8.134625313152533,0.08929804002920383,0.09434478448267444,0.09967674941321612
0.002799,7.644478327802449,7.885744537530223,8.134625313152533,0.09967674941321612,0.10531005426600588,0.11126172948852864
0.002873,7.644478327802449,7.885744537530223,8.134625313152533,0.11126172948852864,0.11754976801654278,0.12419317966981348
0.002775,7.644478327802449,7.885744537530223,8.134625313152533,0.12419317966981348,0.13121204862206076,0.13862759411886386
0.002792,7.644478327802449,7.885744537530223,8.134625313152533,0.13862759411886386,0.14646223462708277,0.15473965560973155
0.002716,7.644478327802449,7.885744537530223,8.134625313152533,0.15473965560973155,0.1634848811311985,0.1727243495092878
0.002764,7.644478327802449,7.885744537530223,8.134625313152533,0.1727243495092878,0.1824859932427924,0.1927993234562322
0.002647,7.644478327802449,7.885744537530223,8.134625313152533,0.1927993234562322,0.20369551911704872,0.21520752129497553
0.002656,7.644478327802449,7.885744537530223,8.134625313152533,0.21520752129497553,0.22737013274854592,0.24022012313980576
0.002762,7.644478327802449,7.885744537530223,8.134625313152533,0.24022012313980576,0.25379634019531294,0.26813982714948303
0.002615,7.644478327802449,7.885744537530223,8.134625313152533,0.26813982714948303,0.28329394682533116,0.2993045127277292
0.002634,7.644478327802449,7.885744537530223,8.134625313152533,0.2993045127277292,0.31621992754549455,0.3340913294810264
0.002596,7.644478327802449,7.885744537530223,8.134625313152533,0.3340913294810264,0.3529727468498688,0.37292126141758264
0.002625,7.644478327802449,7.885744537530223,8.134625313152533,0.37292126141758264,0.3939971809677202,0.41626422162260607
0.002573,7.644478327802449,7.885744537530223,8.134625313152533,0.41626422162260607,0.4397897004681118,0.46464473906476067
0.002634,7.644478327802449,7.885744537530223,8.134625313152533,0.46464473906476067,0.4909044784604127,0.5186483063545496
0.002517,7.644478327802449,7.885744537530223,8.134625313152533,0.5186483063545496,0.547960097100917,0.5789284652740918
0.002531,7.644478327802449,7.885744537530223,8.134625313152533,0.5789284652740918,0.6116470335665513,0.6462147158261423
0.0026,7.644478327802449,7.885744537530223,8.134625313152533,0.6462147158261423,0.6827360160896209,0.7213213445162929
0.002487,7.644478327802449,7.885744537530223,8.134625313152533,0.7213213445162929,0.7620873511768764,0.805157278706688
0.002512,7.644478327802449,7.885744537530223,8.134625313152533,0.805157278706688,0.8506613348892827,0.8987370862969332
0.002476,7.644478327802449,7.885744537530223,8.134625313152533,0.8987370862969332,0.9495298741779894,1.0031932538484196
0.002398,7.644478327802449,7.885744537530223,8.134625313152533,1.0031932538484196,1.0598894589158872,1.1197898917397926
0.002364,7.644478327802449,7.885744537530223,8.134625313152533,1.1197898917397926,1.183075641610026,1.249938032210973
0.002359,7.644478327802449,7.885744537530223,8.134625313152533,1.249938032210973,1.3205792000258516,1.3952127054299968
0.002434,7.644478327802449,7.885744537530223,8.134625313152533,1.3952127054299968,1.4740641783205308,1.5573720002342704
0.002448,7.644478327802449,7.885744537530223,8.134625313152533,1.5573720002342704,1.6453880250160273,1.7383783402160131
0.002344,7.644478327802449,7.885744537530223,8.134625313152533,1.7383783402160131,1.8366240715181728,1.9404222326313807
0.003725,7.644478327802449,7.885744537530223,8.134625313152533,1.9404222326313807,2.050086623212864,2.1659487775384263
0.004982,7.644478327802449,7.885744537530223,8.134625313152533,2.1659487775384263,2.2883589667874706,2.417687257972894
0.004948,7.644478327802449,7.885744537530223,8.134625313152533,2.417687257972894,2.5543246327171887,2.6986841692569943
0.004872,7.644478327802449,7.885744537530223,8.134625313152533,2.6986841692569943,2.851202291249511,3.0123400871561223
0.004931,7.644478327802449,7.885744537530223,8.134625313152533,3.0123400871561223,3.1825847041919566,3.3624508210555346
0.004627,7.644478327802449,7.885744537530223,8.134625313152533,3.3624508210555346,3.552482203890815,3.7532533501855805
0.004425,7.644478327802449,7.885744537530223,8.134625313152533,3.7532533501855805,3.9653712255759532,4.189477098807692
0.004312,7.644478327802449,7.885744537530223,8.134625313152533,4.189477098807692,4.42624848040168,4.676401170884524
0.004269,7.644478327802449,7.885744537530223,8.134625313152533,4.676401170884524,4.940691424776398,5.219918236878273
0.004186,7.644478327802449,7.885744537530223,8.134625313152533,5.219918236878273,5.514925757770336,5.82660584582409
0.0038,7.644478327802449,7.885744537530223,8.134625313152533,5.82660584582409,6.155900763443285,6.5038060256849075
0.00383,7.644478327802449,7.885744537530223,8.134625313152533,6.5038060256849075,6.871373409872062,7.25971413529735
0.003752,7.644478327802449,7.885744537530223,8.134625313152533,7.25971413529735,7.670002222629526,8.103478043179491
0.003522,7.644478327802449,7.885744537530223,8.134625313152533,8.103478043179491,8.561452068755672,9.045308833445212
0.003543,7.644478327802449,7.885744537530223,8.134625313152533,9.045308833445212,9.556511119298175,10.096604378568765
0.003328,7.644478327802449,7.885744537530223,8.134625313152533,10.096604378568765,10.66722140588275,11.27008727445586
0.004981,7.644478327802449,7.885744537530223,8.134625313152533,11.27008727445586,11.907024551286224,12.579958807087245
0.005068,7.644478327802449,7.885744537530223,8.134625313152533,12.579958807087245,13.290924437618376,14.042070814012659
0.00479,7.644478327802449,7.885744537530223,8.134625313152533,14.042070814012659,14.835668780694615,15.67411752053271
0.004408,7.644478327802449,7.885744537530223,8.134625313152533,15.67411752053271,16.55995180798096,17.49584967213718
0.004111,7.644478327802449,7.885744537530223,8.134625313152533,17.49584967213718,18.484640492884626,19.529313554592992
0.003904,7.644478327802449,7.885744537530223,8.134625313152533,19.529313554592992,20.63302708323817,21.799117794261466
0.003555,7.644478327802449,7.885744537530223,8.134625313152533,21.799117794261466,23.03111098003311,24.332731167416135
0.003318,7.644478327802449,7.885744537530223,8.134625313152533,24.332731167416135,25.707913377650407,27.160815022597262
0.003068,7.644478327802449,7.885744537530223,8.134625313152533,27.160815022597262,28.695828473309135,30.317594338921154
0.002897,7.644478327802449,7.885744537530223,8.134625313152533,30.317594338921154,32.03101549600908,33.84127191082679
0.002585,7.644478327802449,7.885744537530223,8.134625313152533,33.84127191082679,35.75383629923332,37.77449067165226
0.002503,7.644478327802449,7.885744537530223,8.134625313152533,37.77449067165226,39.909343813081726,42.1648497509999
0.002424,7.644478327802449,7.885744537530223,8.134625313152533,42.1648497509999,44.547827266997885,47.06548051112691
0.002292,7.644478327802449,7.885744537530223,8.134625313152533,47.06548051112691,49.72542078128044,52.535689533454075
0.002161,7.644478327802449,7.885744537530223,8.134625313152533,52.535689533454075,55.504782692447314,58.641676336502556
0.001972,7.644478327802449,7.885744537530223,8.134625313152533,58.641676336502556,61.955853833530256,65.45733451095779
0.001505,7.644478327802449,7.885744537530223,8.134625313152533,65.45733451095779,69.15670394587609,73.06514596705614
0.000119,7.644478327802449,7.885744537530223,8.134625313152533,73.06514596705614,77.19447646558302,81.55717911632256
0.000127,7.644478327802449,7.885744537530223,8.134625313152533,81.55717911632256,86.16644311821332,91.03620306747894
0.000104,7.644478327802449,7.885744537530223,8.134625313152533,91.03620306747894,96.18118108430411,101.61693132033079
0.000103,7.644478327802449,7.885744537530223,8.134625313152533,101.61693132033079,107.35988698152859,113.42741000859688
0.000114,7.644478327802449,7.885744537530223,8.134625313152533,113.42741000859688,119.83784356509167,126.61056749195744
9.4e-05,7.644478327802449,7.885744537530223,8.134625313152533,126.61056749195744,133.76605689611287,141.32594405021308
8.7e-05,7.644478327802449,7.885744537530223,8.134625313152533,141.32594405021308,149.31308379072314,157.7516226120118
8.2e-05,7.644478327802449,7.885744537530223,8.134625313152533,157.7516226120118,166.66707166534817,176.08638388349098
8.4e-05,7.644478327802449,7.885744537530223,8.134625313152533,176.08638388349098,186.0380354640305,196.55211195782155
8.3e-05,7.644478327802449,7.885744537530223,8.134625313152533,196.55211195782155,207.66039922276806,219.39647951792662
6.8e-05,7.644478327802449,7.885744537530223,8.134625313152533,219.39647951792662,231.79583302844003,244.8959451282275
5.7e-05,7.644478327802449,7.885744537530223,8.134625313152533,244.8959451282275,258.73641970470345,273.35909888812694
6.4e-05,7.644478327802449,7.885744537530223,8.134625313152533,273.35909888812694,288.8081895475435,305.13039693573796
5.8e-05,7.644478327802449,7.885744537530223,8.134625313152533,305.13039693573796,322.37506588723016,340.5943299961796
4.1e-05,7.644478327802449,7.885744537530223,8.134625313152533,340.5943299961796,359.843269225189,380.18007642148444
5.1e-05,7.644478327802449,7.885744537530223,8.134625313152533,380.18007642148444,401.66623324388144,424.3666960323934
5.5e-05,7.644478327802449,7.885744537530223,8.134625313152533,424.3666960323934,448.35009218239543,473.6889276170203
5.6e-05,7.644478327802449,7.885744537530223,8.134625313152533,473.6889276170203,500.45980598500944,528.7436602466912
4.1e-05,7.644478327802449,7.885744537530223,8.134625313152533,528.7436602466912,558.6259973482117,590.1971567237096
4e-05,7.644478327802449,7.885744537530223,8.134625313152533,590.1971567237096,623.5525834069318,658.7931165779523
4.7e-05,7.644478327802449,7.885744537530223,8.134625313152533,658.7931165779523,696.0252944173212,735.3616761892738
4.9e-05,7.644478327802449,7.885744537530223,8.134625313152533,735.3616761892738,776.9211825277038,820.8294549536521
3.2e-05,7.644478327802449,7.885744537530223,8.134625313152533,820.8294549536521,867.2192357111913,916.2307690700113
3.7e-05,7.644478327802449,7.885744537530223,8.134625313152533,916.2307690700113,968.0122253079195,1022.7201486550255
4.4e-05,7.644478327802449,7.885744537530223,8.134625313152533,1022.7201486550255,1080.5199305538154,1141.5863096658716
3.5e-05,7.644478327802449,7.885744537530223,8.134625313152533,1141.5863096658716,1206.1039001368388,1274.2677497166753
3.1e-05,7.644478327802449,7.885744537530223,8.134625313152533,1274.2677497166753,1346.2839294224782,1422.370156526539
2.1e-05,7.644478327802449,7.885744537530223,8.134625313152533,1422.370156526539,1502.7564527530292,1587.68583967315
2.8e-05,7.644478327802449,7.885744537530223,8.134625313152533,1587.68583967315,1677.4150734010555,1772.2154208116622
2.7e-05,7.644478327802449,7.885744537530223,8.134625313152533,1772.2154208116622,1872.373479626966,1978.1920448501505
3.1e-05,7.644478327802449,7.885744537530223,8.134625313152533,1978.1920448501505,2089.991024166855,2208.1084050810155
2.6e-05,7.644478327802449,7.885744537530223,8.134625313152533,2208.1084050810155,2332.9012767091076,2464.7469093218283
2.5e-05,7.644478327802449,7.885744537530223,8.134625313152533,2464.7469093218283,2604.0438948968845,2751.213352130962
1.9e-05,7.644478327802449,7.885744537530223,8.134625313152533,2751.213352130962,2906.7001995538217,3070.9745005933823
1.8e-05,7.644478327802449,7.885744537530223,8.134625313152533,3070.9745005933823,3244.5328846581474,3427.9000485331494
2.1e-05,7.644478327802449,7.885744537530223,8.134625313152533,3427.9000485331494,3621.630342628391,3826.309446875285
8e-06,7.644478327802449,7.885744537530223,8.134625313152533,3826.309446875285,4042.556141337618,4271.024176889881
2.3e-05,7.644478327802449,7.885744537530223,8.134625313152533,4271.024176889881,4512.404251618383,4767.426098920123
0.002961,8.134625313152533,8.391360976817383,8.65619943544328,0.07999999999999999,0.08452125887808527,0.08929804002920383
0.002857,8.134625313152533,8.391360976817383,8.65619943544328,0.08929804002920383,0.09434478448267444,0.09967674941321612
0.002897,8.134625313152533,8.391360976817383,8.65619943544328,0.09967674941321612,0.10531005426600588,0.11126172948852864
0.002781,8.134625313152533,8.391360976817383,8.65619943544328,0.11126172948852864,0.11754976801654278,0.12419317966981348
0.002877,8.134625313152533,8.391360976817383,8.65619943544328,0.12419317966981348,0.13121204862206076,0.13862759411886386
0.002793,8.134625313152533,8.391360976817383,8.65619943544328,0.13862759411886386,0.14646223462708277,0.15473965560973155
0.00282,8.134625313152533,8.391360976817383,8.65619943544328,0.15473965560973155,0.1634848811311985,0.1727243495092878
0.00277,8.134625313152533,8.391360976817383,8.65619943544328,0.1727243495092878,0.1824859932427924,0.1927993234562322
0.002765,8.134625313152533,8.391360976817383,8.65619943544328,0.1927993234562322,0.20369551911704872,0.21520752129497553
0.002718,8.134625313152533,8.391360976817383,8.65619943544328,0.21520752129497553,0.22737013274854592,0.24022012313980576
0.002714,8.134625313152533,8.391360976817383,8.65619943544328,0.24022012313980576,0.25379634019531294,0.26813982714948303
0.002766,8.134625313152533,8.391360976817383,8.65619943544328,0.26813982714948303,0.28329394682533116,0.2993045127277292
0.002737,8.134625313152533,8.391360976817383,8.65619943544328,0.2993045127277292,0.31621992754549455,0.3340913294810264
0.00276,8.134625313152533,8.391360976817383,8.65619943544328,0.3340913294810264,0.3529727468498688,0.37292126141758264
0.002645,8.134625313152533,8.391360976817383,8.65619943544328,0.37292126141758264,0.3939971809677202,0.41626422162260607
0.002594,8.134625313152533,8.391360976817383,8.65619943544328,0.41626422162260607,0.4397897004681118,0.46464473906476067
0.002617,8.134625313152533,8.391360976817383,8.65619943544328,0.46464473906476067,0.4909044784604127,0.5186483063545496
0.002585,8.134625313152533,8.391360976817383,8.65619943544328,0.5186483063545496,0.547960097100917,0.5789284652740918
0.002618,8.134625313152533,8.391360976817383,8.65619943544328,0.5789284652740918,0.6116470335665513,0.6462147158261423
0.002573,8.134625313152533,8.391360976817383,8.65619943544328,0.6462147158261423,0.6827360160896209,0.7213213445162929
0.002597,8.134625313152533,8.391360976817383,8.65619943544328,0.7213213445162929,0.7620873511768764,0.805157278706688
0.002591,8.134625313152533,8.391360976817383,8.65619943544328,0.805157278706688,0.8506613348892827,0.8987370862969332
0.002612,8.134625313152533,8.391360976817383,8.65619943544328,0.8987370862969332,0.9495298741779894,1.0031932538484196
0.002561,8.134625313152533,8.391360976817383,8.65619943544328,1.0031932538484196,1.0598894589158872,1.1197898917397926
0.002523,8.134625313152533,8.391360976817383,8.65619943544328,1.1197898917397926,1.183075641610026,1.249938032210973
0.002522,8.134625313152533,8.391360976817383,8.65619943544328,1.249938032210973,1.3205792000258516,1.3952127054299968
0.002463,8.134625313152533,8.391360976817383,8.65619943544328,1.3952127054299968,1.4740641783205308,1.5573720002342704
0.0025,8.134625313152533,8.391360976817383,8.65619943544328,1.5573720002342704,1.6453880250160273,1.7383783402160131
0.00249,8.134625313152533,8.391360976817383,8.65619943544328,1.7383783402160131,1.8366240715181728,1.9404222326313807
0.00383,8.134625313152533,8.391360976817383,8.65619943544328,1.9404222326313807,2.050086623212864,2.1659487775384263
0.005103,8.134625313152533,8.391360976817383,8.65619943544328,2.1659487775384263,2.2883589667874706,2.417687257972894
0.005094,8.134625313152533,8.391360976817383,8.65619943544328,2.417687257972894,2.5543246327171887,2.6986841692569943
0.004974,8.134625313152533,8.391360976817383,8.65619943544328,2.6986841692569943,2.851202291249511,3.0123400871561223
0.00486,8.134625313152533,8.391360976817383,8.65619943544328,3.0123400871561223,3.1825847041919566,3.3624508210555346
0.004662,8.134625313152533,8.391360976817383,8.65619943544328,3.3624508210555346,3.552482203890815,3.7532533501855805
0.004508,8.134625313152533,8.391360976817383,8.65619943544328,3.7532533501855805,3.9653712255759532,4.189477098807692
0.004299,8.134625313152533,8.391360976817383,8.65619943544328,4.189477098807692,4.42624848040168,4.676401170884524
0.004184,8.134625313152533,8.391360976817383,8.65619943544328,4.676401170884524,4.940691424776398,5.219918236878273
0.004005,8.134625313152533,8.391360976817383,8.65619943544328,5.219918236878273,5.514925757770336,5.82660584582409
0.003817,8.134625313152533,8.391360976817383,8.65619943544328,5.82660584582409,6.155900763443285,6.5038060256849075
0.003753,8.134625313152533,8.391360976817383,8.65619943544328,6.5038060256849075,6.871373409872062,7.25971413529735
0.003647,8.134625313152533,8.391360976817383,8.65619943544328,7.25971413529735,7.670002222629526,8.103478043179491
0.003453,8.134625313152533,8.391360976817383,8.65619943544328,8.103478043179491,8.561452068755672,9.045308833445212
0.0034,8.134625313152533,8.391360976817383,8.65619943544328,9.045308833445212,9.556511119298175,10.096604378568765
0.003279,8.134625313152533,8.391360976817383,8.65619943544328,10.096604378568765,10.66722140588275,11.27008727445586
0.005205,8.134625313152533,8.391360976817383,8.65619943544328,11.27008727445586,11.907024551286224,12.579958807087245
0.005235,8.134625313152533,8.391360976817383,8.65619943544328,12.579958807087245,13.290924437618376,14.042070814012659
0.004834,8.134625313152533,8.391360976817383,8.65619943544328,14.042070814012659,14.835668780694615,15.67411752053271
0.004582,8.134625313152533,8.391360976817383,8.65619943544328,15.67411752053271,16.55995180798096,17.49584967213718
0.004214,8.134625313152533,8.391360976817383,8.65619943544328,17.49584967213718,18.484640492884626,19.529313554592992
0.003883,8.134625313152533,8.391360976817383,8.65619943544328,19.529313554592992,20.63302708323817,21.799117794261466
0.003643,8.134625313152533,8.391360976817383,8.65619943544328,21.799117794261466,23.03111098003311,24.332731167416135
0.003478,8.134625313152533,8.391360976817383,8.65619943544328,24.332731167416135,25.707913377650407,27.160815022597262
0.003207,8.134625313152533,8.391360976817383,8.65619943544328,27.160815022597262,28.695828473309135,30.317594338921154
0.003045,8.134625313152533,8.391360976817383,8.65619943544328,30.317594338921154,32.03101549600908,33.84127191082679
0.002785,8.134625313152533,8.391360976817383,8.65619943544328,33.84127191082679,35.75383629923332,37.77449067165226
0.002612,8.134625313152533,8.391360976817383,8.65619943544328,37.77449067165226,39.909343813081726,42.1648497509999
0.002498,8.134625313152533,8.391360976817383,8.65619943544328,42.1648497509999,44.547827266997885,47.06548051112691
0.002358,8.134625313152533,8.391360976817383,8.65619943544328,47.06548051112691,49.72542078128044,52.535689533454075
0.002301,8.134625313152533,8.391360976817383,8.65619943544328,52.535689533454075,55.504782692447314,58.641676336502556
0.002073,8.134625313152533,8.391360976817383,8.65619943544328,58.641676336502556,61.955853833530256,65.45733451095779
0.001596,8.134625313152533,8.391360976817383,8.65619943544328,65.45733451095779,69.15670394587609,73.06514596705614
0.000112,8.134625313152533,8.391360976817383,8.65619943544328,73.06514596705614,77.19447646558302,81.55717911632256
0.000113,8.134625313152533,8.391360976817383,8.65619943544328,81.55717911632256,86.16644311821332,91.03620306747894
8.5e-05,8.134625313152533,8.391360976817383,8.65619943544328,91.03620306747894,96.18118108430411,101.61693132033079
8.3e-05,8.134625313152533,8.391360976817383,8.65619943544328,101.61693132033079,107.35988698152859,113.42741000859688
0.000102,8.134625313152533,8.391360976817383,8.65619943544328,113.42741000859688,119.83784356509167,126.61056749195744
8.7e-05,8.134625313152533,8.391360976817383,8.65619943544328,126.61056749195744,133.76605689611287,141.32594405021308
8.5e-05,8.134625313152533,8.391360976817383,8.65619943544328,141.32594405021308,149.31308379072314,157.7516226120118
8.6e-05,8.134625313152533,8.391360976817383,8.65619943544328,157.7516226120118,166.66707166534817,176.08638388349098
5.6e-05,8.134625313152533,8.391360976817383,8.65619943544328,176.08638388349098,186.0380354640305,196.55211195782155
6.5e-05,8.134625313152533,8.391360976817383,8.65619943544328,196.55211195782155,207.66039922276806,219.39647951792662
6.3e-05,8.134625313152533,8.391360976817383,8.65619943544328,219.39647951792662,231.79583302844003,244.8959451282275
7.5e-05,8.134625313152533,8.391360976817383,8.65619943544328,244.8959451282275,258.73641970470345,273.35909888812694
5.7e-05,8.134625313152533,8.391360976817383,8.65619943544328,273.35909888812694,288.8081895475435,305.13039693573796
5.8e-05,8.134625313152533,8.391360976817383,8.65619943544328,305.13039693573796,322.37506588723016,340.5943299961796
4.8e-05,8.134625313152533,8.391360976817383,8.65619943544328,340.5943299961796,359.843269225189,380.18007642148444
4.5e-05,8.134625313152533,8.391360976817383,8.65619943544328,380.18007642148444,401.66623324388144,424.3666960323934
4.3e-05,8.134625313152533,8.391360976817383,8.65619943544328,424.3666960323934,448.35009218239543,473.6889276170203
4.9e-05,8.134625313152533,8.391360976817383,8.65619943544328,473.6889276170203,500.45980598500944,528.7436602466912
5.1e-05,8.134625313152533,8.391360976817383,8.65619943544328,528.7436602466912,558.6259973482117,590.1971567237096
4.1e-05,8.134625313152533,8.391360976817383,8.65619943544328,590.1971567237096,623.5525834069318,658.7931165779523
2.9e-05,8.134625313152533,8.391360976817383,8.65619943544328,658.7931165779523,696.0252944173212,735.3616761892738
2.6e-05,8.134625313152533,8.391360976817383,8.65619943544328,735.3616761892738,776.9211825277038,820.8294549536521
3.5e-05,8.134625313152533,8.391360976817383,8.65619943544328,820.8294549536521,867.2192357111913,916.2307690700113
2.9e-05,8.134625313152533,8.391360976817383,8.65619943544328,916.2307690700113,968.0122253079195,1022.7201486550255
2.8e-05,8.134625313152533,8.391360976817383,8.65619943544328,1022.7201486550255,1080.5199305538154,1141.5863096658716
3.9e-05,8.134625313152533,8.391360976817383,8.65619943544328,1141.5863096658716,1206.1039001368388,1274.2677497166753
2.4e-05,8.134625313152533,8.391360976817383,8.65619943544328,1274.2677497166753,1346.2839294224782,1422.370156526539
2e-05,8.134625313152533,8.391360976817383,8.65619943544328,1422.370156526539,1502.7564527530292,1587.68583967315
2e-05,8.134625313152533,8.391360976817383,8.65619943544328,1587.68583967315,1677.4150734010555,1772.2154208116622
1.9e-05,8.134625313152533,8.391360976817383,8.65619943544328,1772.2154208116622,1872.373479626966,1978.1920448501505
2.3e-05,8.134625313152533,8.391360976817383,8.65619943544328,1978.1920448501505,2089.991024166855,2208.1084050810155
1.6e-05,8.134625313152533,8.391360976817383,8.65619943544328,2208.1084050810155,2332.9012767091076,2464.7469093218283
1.2e-05,8.134625313152533,8.391360976817383,8.65619943544328,2464.7469093218283,2604.0438948968845,2751.213352130962
1.8e-05,8.134625313152533,8.391360976817383,8.65619943544328,2751.213352130962,2906.7001995538217,3070.9745005933823
1.8e-05,8.134625313152533,8.391360976817383,8.65619943544328,3070.9745005933823,3244.5328846581474,3427.9000485331494
2.5e-05,8.134625313152533,8.391360976817383,8.65619943544328,3427.9000485331494,3621.630342628391,3826.309446875285
1.5e-05,8.134625313152533,8.391360976817383,8.65619943544328,3826.309446875285,4042.556141337618,4271.024176889881
1.6e-05,8.134625313152533,8.391360976817383,8.65619943544328,4271.024176889881,4512.404251618383,4767.426098920123
0.003049,8.65619943544328,8.929396420101025,9.211215732950569,0.07999999999999999,0.08452125887808527,0.08929804002920383
0.002993,8.65619943544328,8.929396420101025,9.211215732950569,0.08929804002920383,0.09434478448267444,0.09967674941321612
0.002961,8.65619943544328,8.929396420101025,9.211215732950569,0.09967674941321612,0.10531005426600588,0.11126172948852864
0.003023,8.65619943544328,8.929396420101025,9.211215732950569,0.11126172948852864,0.11754976801654278,0.12419317966981348
0.002807,8.65619943544328,8.929396420101025,9.211215732950569,0.12419317966981348,0.13121204862206076,0.13862759411886386
0.002795,8.65619943544328,8.929396420101025,9.211215732950569,0.13862759411886386,0.14646223462708277,0.15473965560973155
0.002797,8.65619943544328,8.929396420101025,9.211215732950569,0.15473965560973155,0.1634848811311985,0.1727243495092878
0.002762,8.65619943544328,8.929396420101025,9.211215732950569,0.1727243495092878,0.1824859932427924,0.1927993234562322
0.002806,8.65619943544328,8.929396420101025,9.211215732950569,0.1927993234562322,0.20369551911704872,0.21520752129497553
0.00285,8.65619943544328,8.929396420101025,9.211215732950569,0.21520752129497553,0.22737013274854592,0.24022012313980576
0.002686,8.65619943544328,8.929396420101025,9.211215732950569,0.24022012313980576,0.25379634019531294,0.26813982714948303
0.002774,8.65619943544328,8.929396420101025,9.211215732950569,0.26813982714948303,0.28329394682533116,0.2993045127277292
0.002746,8.65619943544328,8.929396420101025,9.211215732950569,0.2993045127277292,0.31621992754549455,0.3340913294810264
0.002854,8.65619943544328,8.929396420101025,9.211215732950569,0.3340913294810264,0.3529727468498688,0.37292126141758264
0.002776,8.65619943544328,8.929396420101025,9.211215732950569,0.37292126141758264,0.3939971809677202,0.41626422162260607
0.002674,8.65619943544328,8.929396420101025,9.211215732950569,0.41626422162260607,0.4397897004681118,0.46464473906476067
0.002644,8.65619943544328,8.929396420101025,9.211215732950569,0.46464473906476067,0.4909044784604127,0.5186483063545496
0.002755,8.65619943544328,8.929396420101025,9.211215732950569,0.5186483063545496,0.547960097100917,0.5789284652740918
0.002691,8.65619943544328,8.929396420101025,9.211215732950569,0.5789284652740918,0.6116470335665513,0.6462147158261423
0.002757,8.65619943544328,8.929396420101025,9.211215732950569,0.6462147158261423,0.6827360160896209,0.7213213445162929
0.002573,8.65619943544328,8.929396420101025,9.211215732950569,0.7213213445162929,0.7620873511768764,0.805157278706688
0.002568,8.65619943544328,8.929396420101025,9.211215732950569,0.805157278706688,0.8506613348892827,0.8987370862969332
0.0026,8.65619943544328,8.929396420101025,9.211215732950569,0.8987370862969332,0.9495298741779894,1.0031932538484196
0.002658,8.65619943544328,8.929396420101025,9.211215732950569,1.0031932538484196,1.0598894589158872,1.1197898917397926
0.002575,8.65619943544328,8.929396420101025,9.211215732950569,1.1197898917397926,1.183075641610026,1.249938032210973
0.002617,8.65619943544328,8.929396420101025,9.211215732950569,1.249938032210973,1.3205792000258516,1.3952127054299968
0.002617,8.65619943544328,8.929396420101025,9.211215732950569,1.3952127054299968,1.4740641783205308,1.5573720002342704
0.002559,8.65619943544328,8.929396420101025,9.211215732950569,1.5573720002342704,1.6453880250160273,1.7383783402160131
0.00252,8.65619943544328,8.929396420101025,9.211215732950569,1.7383783402160131,1.8366240715181728,1.9404222326313807
0.004137,8.65619943544328,8.929396420101025,9.211215732950569,1.9404222326313807,2.050086623212864,2.1659487775384263
0.005199,8.65619943544328,8.929396420101025,9.211215732950569,2.1659487775384263,2.2883589667874706,2.417687257972894
0.005148,8.65619943544328,8.929396420101025,9.211215732950569,2.417687257972894,2.5543246327171887,2.6986841692569943
0.005039,8.65619943544328,8.929396420101025,9.211215732950569,2.6986841692569943,2.851202291249511,3.0123400871561223
0.004741,8.65619943544328,8.929396420101025,9.211215732950569,3.0123400871561223,3.1825847041919566,3.3624508210555346
0.004633,8.65619943544328,8.929396420101025,9.211215732950569,3.3624508210555346,3.552482203890815,3.7532533501855805
0.004395,8.65619943544328,8.929396420101025,9.211215732950569,3.7532533501855805,3.9653712255759532,4.189477098807692
0.004282,8.65619943544328,8.929396420101025,9.211215732950569,4.189477098807692,4.42624848040168,4.676401170884524
0.00414,8.65619943544328,8.929396420101025,9.211215732950569,4.676401170884524,4.940691424776398,5.219918236878273
0.003891,8.65619943544328,8.929396420101025,9.211215732950569,5.219918236878273,5.514925757770336,5.82660584582409
0.003849,8.65619943544328,8.929396420101025,9.211215732950569,5.82660584582409,6.155900763443285,6.5038060256849075
0.003731,8.65619943544328,8.929396420101025,9.211215732950569,6.5038060256849075,6.871373409872062,7.25971413529735
0.003487,8.65619943544328,8.929396420101025,9.211215732950569,7.25971413529735,7.670002222629526,8.103478043179491
0.003414,8.65619943544328,8.929396420101025,9.211215732950569,8.103478043179491,8.561452068755672,9.045308833445212
0.003311,8.65619943544328,8.929396420101025,9.211215732950569,9.045308833445212,9.556511119298175,10.096604378568765
0.003466,8.65619943544328,8.929396420101025,9.211215732950569,10.096604378568765,10.66722140588275,11.27008727445586
0.005403,8.65619943544328,8.929396420101025,9.211215732950569,11.27008727445586,11.907024551286224,12.579958807087245
0.005322,8.65619943544328,8.929396420101025,9.211215732950569,12.579958807087245,13.290924437618376,14.042070814012659
0.005054,8.65619943544328,8.929396420101025,9.211215732950569,14.042070814012659,14.835668780694615,15.67411752053271
0.004627,8.65619943544328,8.929396420101025,9.211215732950569,15.67411752053271,16.55995180798096,17.49584967213718
0.004416,8.65619943544328,8.929396420101025,9.211215732950569,17.49584967213718,18.484640492884626,19.529313554592992
0.004064,8.65619943544328,8.929396420101025,9.211215732950569,19.529313554592992,20.63302708323817,21.799117794261466
0.003787,8.65619943544328,8.929396420101025,9.211215732950569,21.799117794261466,23.03111098003311,24.332731167416135
0.003647,8.65619943544328,8.929396420101025,9.211215732950569,24.332731167416135,25.707913377650407,27.160815022597262
0.003328,8.65619943544328,8.929396420101025,9.211215732950569,27.160815022597262,28.695828473309135,30.317594338921154
0.003167,8.65619943544328,8.929396420101025,9.211215732950569,30.317594338921154,32.03101549600908,33.84127191082679
0.002881,8.65619943544328,8.929396420101025,9.211215732950569,33.84127191082679,35.75383629923332,37.77449067165226
0.002761,8.65619943544328,8.929396420101025,9.211215732950569,37.77449067165226,39.909343813081726,42.1648497509999
0.002606,8.65619943544328,8.929396420101025,9.211215732950569,42.1648497509999,44.547827266997885,47.06548051112691
0.002456,8.65619943544328,8.929396420101025,9.211215732950569,47.06548051112691,49.72542078128044,52.535689533454075
0.002278,8.65619943544328,8.929396420101025,9.211215732950569,52.535689533454075,55.504782692447314,58.641676336502556
0.002205,8.65619943544328,8.929396420101025,9.211215732950569,58.641676336502556,61.955853833530256,65.45733451095779
0.001692,8.65619943544328,8.929396420101025,9.211215732950569,65.45733451095779,69.15670394587609,73.06514596705614
0.000107,8.65619943544328,8.929396420101025,9.211215732950569,73.06514596705614,77.19447646558302,81.55717911632256
9.3e-05,8.65619943544328,8.929396420101025,9.211215732950569,81.55717911632256,86.16644311821332,91.03620306747894
8.5e-05,8.65619943544328,8.929396420101025,9.211215732950569,91.03620306747894,96.18118108430411,101.61693132033079
8.2e-05,8.65619943544328,8.929396420101025,9.211215732950569,101.61693132033079,107.35988698152859,113.42741000859688
9.1e-05,8.65619943544328,8.929396420101025,9.211215732950569,113.42741000859688,119.83784356509167,126.61056749195744
6.6e-05,8.65619943544328,8.929396420101025,9.211215732950569,126.61056749195744,133.76605689611287,141.32594405021308
7.4e-05,8.65619943544328,8.929396420101025,9.211215732950569,141.32594405021308,149.31308379072314,157.7516226120118
6.4e-05,8.65619943544328,8.929396420101025,9.211215732950569,157.7516226120118,166.66707166534817,176.08638388349098
5.9e-05,8.65619943544328,8.929396420101025,9.211215732950569,176.08638388349098,186.0380354640305,196.55211195782155
5e-05,8.65619943544328,8.929396420101025,9.211215732950569,196.55211195782155,207.66039922276806,219.39647951792662
5.4e-05,8.65619943544328,8.929396420101025,9.211215732950569,219.39647951792662,231.79583302844003,244.8959451282275
5.2e-05,8.65619943544328,8.929396420101025,9.211215732950569,244.8959451282275,258.73641970470345,273.35909888812694
5.9e-05,8.65619943544328,8.929396420101025,9.211215732950569,273.35909888812694,288.8081895475435,305.13039693573796
5.1e-05,8.65619943544328,8.929396420101025,9.211215732950569,305.13039693573796,322.37506588723016,340.5943299961796
4.9e-05,8.65619943544328,8.929396420101025,9.211215732950569,340.5943299961796,359.843269225189,380.18007642148444
3.5e-05,8.65619943544328,8.929396420101025,9.211215732950569,380.18007642148444,401.66623324388144,424.3666960323934
5.2e-05,8.65619943544328,8.929396420101025,9.211215732950569,424.3666960323934,448.35009218239543,473.6889276170203
4.8e-05,8.65619943544328,8.929396420101025,9.211215732950569,473.6889276170203,500.45980598500944,528.7436602466912
3.5e-05,8.65619943544328,8.929396420101025,9.211215732950569,528.7436602466912,558.6259973482117,590.1971567237096
4.6e-05,8.65619943544328,8.929396420101025,9.211215732950569,590.1971567237096,623.5525834069318,658.7931165779523
3.2e-05,8.65619943544328,8.929396420101025,9.211215732950569,658.7931165779523,696.0252944173212,735.3616761892738
4.1e-05,8.65619943544328,8.929396420101025,9.211215732950569,735.3616761892738,776.9211825277038,820.8294549536521
3.1e-05,8.65619943544328,8.929396420101025,9.211215732950569,820.8294549536521,867.2192357111913,916.2307690700113
2.8e-05,8.65619943544328,8.929396420101025,9.211215732950569,916.2307690700113,968.0122253079195,1022.7201486550255
3e-05,8.65619943544328,8.929396420101025,9.211215732950569,1022.7201486550255,1080.5199305538154,1141.5863096658716
3.6e-05,8.65619943544328,8.929396420101025,9.211215732950569,1141.5863096658716,1206.1039001368388,1274.2677497166753
3.1e-05,8.65619943544328,8.929396420101025,9.211215732950569,1274.2677497166753,1346.2839294224782,1422.370156526539
1.9e-05,8.65619943544328,8.929396420101025,9.211215732950569,1422.370156526539,1502.7564527530292,1587.68583967315
3e-05,8.65619943544328,8.929396420101025,9.211215732950569,1587.68583967315,1677.4150734010555,1772.2154208116622
1.8e-05,8.65619943544328,8.929396420101025,9.211215732950569,1772.2154208116622,1872.373479626966,1978.1920448501505
2.8e-05,8.65619943544328,8.929396420101025,9.211215732950569,1978.1920448501505,2089.991024166855,2208.1084050810155
2.4e-05,8.65619943544328,8.929396420101025,9.211215732950569,2208.1084050810155,2332.9012767091076,2464.7469093218283
2e-05,8.65619943544328,8.929396420101025,9.211215732950569,2464.7469093218283,2604.0438948968845,2751.213352130962
1.9e-05,8.65619943544328,8.929396420101025,9.211215732950569,2751.213352130962,2906.7001995538217,3070.9745005933823
2.3e-05,8.65619943544328,8.929396420101025,9.211215732950569,3070.9745005933823,3244.5328846581474,3427.9000485331494
1.4e-05,8.65619943544328,8.929396420101025,9.211215732950569,3427.9000485331494,3621.630342628391,3826.309446875285
1.4e-05,8.65619943544328,8.929396420101025,9.211215732950569,3826.309446875285,4042.556141337618,4271.024176889881
1.9e-05,8.65619943544328,8.929396420101025,9.211215732950569,4271.024176889881,4512.404251618383,4767.426098920123
0.00305,9.211215732950569,9.501929501971446,9.80181844373266,0.07999999999999999,0.08452125887808527,0.08929804002920383
0.003053,9.211215732950569,9.501929501971446,9.80181844373266,0.08929804002920383,0.09434478448267444,0.09967674941321612
0.003006,9.211215732950569,9.501929501971446,9.80181844373266,0.09967674941321612,0.10531005426600588,0.11126172948852864
0.002878,9.211215732950569,9.501929501971446,9.80181844373266,0.11126172948852864,0.11754976801654278,0.12419317966981348
0.002924,9.211215732950569,9.501929501971446,9.80181844373266,0.12419317966981348,0.13121204862206076,0.13862759411886386
0.002866,9.211215732950569,9.501929501971446,9.80181844373266,0.13862759411886386,0.14646223462708277,0.15473965560973155
0.002917,9.211215732950569,9.501929501971446,9.80181844373266,0.15473965560973155,0.1634848811311985,0.1727243495092878
0.002898,9.211215732950569,9.501929501971446,9.80181844373266,0.1727243495092878,0.1824859932427924,0.1927993234562322
0.002882,9.211215732950569,9.501929501971446,9.80181844373266,0.1927993234562322,0.20369551911704872,0.21520752129497553
0.002886,9.211215732950569,9.501929501971446,9.80181844373266,0.21520752129497553,0.22737013274854592,0.24022012313980576
0.00276,9.211215732950569,9.501929501971446,9.80181844373266,0.24022012313980576,0.25379634019531294,0.26813982714948303
0.002829,9.211215732950569,9.501929501971446,9.80181844373266,0.26813982714948303,0.28329394682533116,0.2993045127277292
0.002783,9.211215732950569,9.501929501971446,9.80181844373266,0.2993045127277292,0.31621992754549455,0.3340913294810264
0.00288,9.211215732950569,9.501929501971446,9.80181844373266,0.3340913294810264,0.3529727468498688,0.37292126141758264
0.002732,9.211215732950569,9.501929501971446,9.80181844373266,0.37292126141758264,0.3939971809677202,0.41626422162260607
0.002757,9.211215732950569,9.501929501971446,9.80181844373266,0.41626422162260607,0.4397897004681118,0.46464473906476067
0.002839,9.211215732950569,9.501929501971446,9.80181844373266,0.46464473906476067,0.4909044784604127,0.5186483063545496
0.002822,9.211215732950569,9.501929501971446,9.80181844373266,0.5186483063545496,0.547960097100917,0.5789284652740918
0.002721,9.211215732950569,9.501929501971446,9.80181844373266,0.5789284652740918,0.6116470335665513,0.6462147158261423
0.002758,9.211215732950569,9.501929501971446,9.80181844373266,0.6462147158261423,0.6827360160896209,0.7213213445162929
0.00267,9.211215732950569,9.501929501971446,9.80181844373266,0.7213213445162929,0.7620873511768764,0.805157278706688
0.002625,9.211215732950569,9.501929501971446,9.80181844373266,0.805157278706688,0.8506613348892827,0.8987370862969332
0.002595,9.211215732950569,9.501929501971446,9.80181844373266,0.8987370862969332,0.9495298741779894,1.0031932538484196
0.002713,9.211215732950569,9.501929501971446,9.80181844373266,1.0031932538484196,1.0598894589158872,1.1197898917397926
0.002684,9.211215732950569,9.501929501971446,9.80181844373266,1.1197898917397926,1.183075641610026,1.249938032210973
0.002551,9.211215732950569,9.501929501971446,9.80181844373266,1.249938032210973,1.3205792000258516,1.3952127054299968
0.00262,9.211215732950569,9.501929501971446,9.80181844373266,1.3952127054299968,1.4740641783205308,1.5573720002342704
0.002506,9.211215732950569,9.501929501971446,9.80181844373266,1.5573720002342704,1.6453880250160273,1.7383783402160131
0.002492,9.211215732950569,9.501929501971446,9.80181844373266,1.7383783402160131,1.8366240715181728,1.9404222326313807
0.004176,9.211215732950569,9.501929501971446,9.80181844373266,1.9404222326313807,2.050086623212864,2.1659487775384263
0.005315,9.211215732950569,9.501929501971446,9.80181844373266,2.1659487775384263,2.2883589667874706,2.417687257972894
0.005199,9.211215732950569,9.501929501971446,9.80181844373266,2.417687257972894,2.5543246327171887,2.6986841692569943
0.004878,9.211215732950569,9.501929501971446,9.80181844373266,2.6986841692569943,2.851202291249511,3.0123400871561223
0.004728,9.211215732950569,9.501929501971446,9.80181844373266,3.0123400871561223,3.1825847041919566,3.3624508210555346
0.004449,9.211215732950569,9.501929501971446,9.80181844373266,3.3624508210555346,3.552482203890815,3.7532533501855805
0.004322,9.211215732950569,9.501929501971446,9.80181844373266,3.7532533501855805,3.9653712255759532,4.189477098807692
0.004128,9.211215732950569,9.501929501971446,9.80181844373266,4.189477098807692,4.42624848040168,4.676401170884524
0.003967,9.211215732950569,9.501929501971446,9.80181844373266,4.676401170884524,4.940691424776398,5.219918236878273
0.003859,9.211215732950569,9.501929501971446,9.80181844373266,5.219918236878273,5.514925757770336,5.82660584582409
0.003711,9.211215732950569,9.501929501971446,9.80181844373266,5.82660584582409,6.155900763443285,6.5038060256849075
0.003569,9.211215732950569,9.501929501971446,9.80181844373266,6.5038060256849075,6.871373409872062,7.25971413529735
0.003522,9.211215732950569,9.501929501971446,9.80181844373266,7.25971413529735,7.670002222629526,8.103478043179491
0.003446,9.211215732950569,9.501929501971446,9.80181844373266,8.103478043179491,8.561452068755672,9.045308833445212
0.003346,9.211215732950569,9.501929501971446,9.80181844373266,9.045308833445212,9.556511119298175,10.096604378568765
0.003263,9.211215732950569,9.501929501971446,9.80181844373266,10.096604378568765,10.66722140588275,11.27008727445586
0.005424,9.211215732950569,9.501929501971446,9.80181844373266,11.27008727445586,11.907024551286224,12.579958807087245
0.005434,9.211215732950569,9.501929501971446,9.80181844373266,12.579958807087245,13.290924437618376,14.042070814012659
0.00507,9.211215732950569,9.501929501971446,9.80181844373266,14.042070814012659,14.835668780694615,15.67411752053271
0.004851,9.211215732950569,9.501929501971446,9.80181844373266,15.67411752053271,16.55995180798096,17.49584967213718
0.004396,9.211215732950569,9.501929501971446,9.80181844373266,17.49584967213718,18.484640492884626,19.529313554592992
0.004096,9.211215732950569,9.501929501971446,9.80181844373266,19.529313554592992,20.63302708323817,21.799117794261466
0.003933,9.211215732950569,9.501929501971446,9.80181844373266,21.799117794261466,23.03111098003311,24.332731167416135
0.003584,9.211215732950569,9.501929501971446,9.80181844373266,24.332731167416135,25.707913377650407,27.160815022597262
0.003571,9.211215732950569,9.501929501971446,9.80181844373266,27.160815022597262,28.695828473309135,30.317594338921154
0.003234,9.211215732950569,9.501929501971446,9.80181844373266,30.317594338921154,32.03101549600908,33.84127191082679
0.002976,9.211215732950569,9.501929501971446,9.80181844373266,33.84127191082679,35.75383629923332,37.77449067165226
0.002864,9.211215732950569,9.501929501971446,9.80181844373266,37.77449067165226,39.909343813081726,42.1648497509999
0.002708,9.211215732950569,9.501929501971446,9.80181844373266,42.1648497509999,44.547827266997885,47.06548051112691
0.002587,9.211215732950569,9.501929501971446,9.80181844373266,47.06548051112691,49.72542078128044,52.535689533454075
0.002411,9.211215732950569,9.501929501971446,9.80181844373266,52.535689533454075,55.504782692447314,58.641676336502556
0.002261,9.211215732950569,9.501929501971446,9.80181844373266,58.641676336502556,61.955853833530256,65.45733451095779
0.001775,9.211215732950569,9.501929501971446,9.80181844373266,65.45733451095779,69.15670394587609,73.06514596705614
7.8e-05,9.211215732950569,9.501929501971446,9.80181844373266,73.06514596705614,77.19447646558302,81.55717911632256
8e-05,9.211215732950569,9.501929501971446,9.80181844373266,81.55717911632256,86.16644311821332,91.03620306747894
7.9e-05,9.211215732950569,9.501929501971446,9.80181844373266,91.03620306747894,96.18118108430411,101.61693132033079
6.9e-05,9.211215732950569,9.501929501971446,9.80181844373266,101.61693132033079,107.35988698152859,113.42741000859688
7.2e-05,9.211215732950569,9.501929501971446,9.80181844373266,113.42741000859688,119.83784356509167,126.61056749195744
5.9e-05,9.211215732950569,9.501929501971446,9.80181844373266,126.61056749195744,133.76605689611287,141.32594405021308
5e-05,9.211215732950569,9.501929501971446,9.80181844373266,141.32594405021308,149.31308379072314,157.7516226120118
6.5e-05,9.211215732950569,9.501929501971446,9.80181844373266,157.7516226120118,166.66707166534817,176.08638388349098
5e-05,9.211215732950569,9.501929501971446,9.80181844373266,176.08638388349098,186.0380354640305,196.55211195782155
5e-05,9.211215732950569,9.501929501971446,9.80181844373266,196.55211195782155,207.66039922276806,219.39647951792662
5e-05,9.211215732950569,9.501929501971446,9.80181844373266,219.39647951792662,231.79583302844003,244.8959451282275
4.8e-05,9.211215732950569,9.501929501971446,9.80181844373266,244.8959451282275,258.73641970470345,273.35909888812694
5.3e-05,9.211215732950569,9.501929501971446,9.80181844373266,273.35909888812694,288.8081895475435,305.13039693573796
4.2e-05,9.211215732950569,9.501929501971446,9.80181844373266,305.13039693573796,322.37506588723016,340.5943299961796
4.5e-05,9.211215732950569,9.501929501971446,9.80181844373266,340.5943299961796,359.843269225189,380.18007642148444
5.3e-05,9.211215732950569,9.501929501971446,9.80181844373266,380.18007642148444,401.66623324388144,424.3666960323934
4.4e-05,9.211215732950569,9.501929501971446,9.80181844373266,424.3666960323934,448.35009218239543,473.6889276170203
3.1e-05,9.211215732950569,9.501929501971446,9.80181844373266,473.6889276170203,500.45980598500944,528.7436602466912
3e-05,9.211215732950569,9.501929501971446,9.80181844373266,528.7436602466912,558.6259973482117,590.1971567237096
3e-05,9.211215732950569,9.501929501971446,9.80181844373266,590.1971567237096,623.5525834069318,658.7931165779523
3.6e-05,9.211215732950569,9.501929501971446,9.80181844373266,658.7931165779523,696.0252944173212,735.3616761892738
3.6e-05,9.211215732950569,9.501929501971446,9.80181844373266,735.3616761892738,776.9211825277038,820.8294549536521
2.5e-05,9.211215732950569,9.501929501971446,9.80181844373266,820.8294549536521,867.2192357111913,916.2307690700113
3.4e-05,9.211215732950569,9.501929501971446,9.80181844373266,916.2307690700113,968.0122253079195,1022.7201486550255
2.6e-05,9.211215732950569,9.501929501971446,9.80181844373266,1022.7201486550255,1080.5199305538154,1141.5863096658716
1.8e-05,9.211215732950569,9.501929501971446,9.80181844373266,1141.5863096658716,1206.1039001368388,1274.2677497166753
2.5e-05,9.211215732950569,9.501929501971446,9.80181844373266,1274.2677497166753,1346.2839294224782,1422.370156526539
2.5e-05,9.211215732950569,9.501929501971446,9.80181844373266,1422.370156526539,1502.7564527530292,1587.68583967315
2.3e-05,9.211215732950569,9.501929501971446,9.80181844373266,1587.68583967315,1677.4150734010555,1772.2154208116622
2.2e-05,9.211215732950569,9.501929501971446,9.80181844373266,1772.2154208116622,1872.373479626966,1978.1920448501505
2.2e-05,9.211215732950569,9.501929501971446,9.80181844373266,1978.1920448501505,2089.991024166855,2208.1084050810155
1.8e-05,9.211215732950569,9.501929501971446,9.80181844373266,2208.1084050810155,2332.9012767091076,2464.7469093218283
1.4e-05,9.211215732950569,9.501929501971446,9.80181844373266,2464.7469093218283,2604.0438948968845,2751.213352130962
1.8e-05,9.211215732950569,9.501929501971446,9.80181844373266,2751.213352130962,2906.7001995538217,3070.9745005933823
1e-05,9.211215732950569,9.501929501971446,9.80181844373266,3070.9745005933823,3244.5328846581474,3427.9000485331494
7e-06,9.211215732950569,9.501929501971446,9.80181844373266,3427.9000485331494,3621.630342628391,3826.309446875285
1.5e-05,9.211215732950569,9.501929501971446,9.80181844373266,3826.309446875285,4042.556141337618,4271.024176889881
1.1e-05,9.211215732950569,9.501929501971446,9.80181844373266,4271.024176889881,4512.404251618383,4767.426098920123
0.003147,9.80181844373266,10.111172134455854,10.43028928963347,0.07999999999999999,0.08452125887808527,0.08929804002920383
0.003128,9.80181844373266,10.111172134455854,10.43028928963347,0.08929804002920383,0.09434478448267444,0.09967674941321612
0.003102,9.80181844373266,10.111172134455854,10.43028928963347,0.09967674941321612,0.10531005426600588,0.11126172948852864
0.003063,9.80181844373266,10.111172134455854,10.43028928963347,0.11126172948852864,0.11754976801654278,0.12419317966981348
0.003139,9.80181844373266,10.111172134455854,10.43028928963347,0.12419317966981348,0.13121204862206076,0.13862759411886386
0.002993,9.80181844373266,10.111172134455854,10.43028928963347,0.13862759411886386,0.14646223462708277,0.15473965560973155
0.003038,9.80181844373266,10.111172134455854,10.43028928963347,0.15473965560973155,0.1634848811311985,0.1727243495092878
0.002938,9.80181844373266,10.111172134455854,10.43028928963347,0.1727243495092878,0.1824859932427924,0.1927993234562322
0.002915,9.80181844373266,10.111172134455854,10.43028928963347,0.1927993234562322,0.20369551911704872,0.21520752129497553
0.003044,9.80181844373266,10.111172134455854,10.43028928963347,0.21520752129497553,0.22737013274854592,0.24022012313980576
0.00302,9.80181844373266,10.111172134455854,10.43028928963347,0.24022012313980576,0.25379634019531294,0.26813982714948303
0.002775,9.80181844373266,10.111172134455854,10.43028928963347,0.26813982714948303,0.28329394682533116,0.2993045127277292
0.00278,9.80181844373266,10.111172134455854,10.43028928963347,0.2993045127277292,0.31621992754549455,0.3340913294810264
0.002821,9.80181844373266,10.111172134455854,10.43028928963347,0.3340913294810264,0.3529727468498688,0.37292126141758264
0.002883,9.80181844373266,10.111172134455854,10.43028928963347,0.37292126141758264,0.3939971809677202,0.41626422162260607
0.002788,9.80181844373266,10.111172134455854,10.43028928963347,0.41626422162260607,0.4397897004681118,0.46464473906476067
0.002861,9.80181844373266,10.111172134455854,10.43028928963347,0.46464473906476067,0.4909044784604127,0.5186483063545496
0.002905,9.80181844373266,10.111172134455854,10.43028928963347,0.5186483063545496,0.547960097100917,0.5789284652740918
0.002786,9.80181844373266,10.111172134455854,10.43028928963347,0.5789284652740918,0.6116470335665513,0.6462147158261423
0.002765,9.80181844373266,10.111172134455854,10.43028928963347,0.6462147158261423,0.6827360160896209,0.7213213445162929
0.002682,9.80181844373266,10.111172134455854,10.43028928963347,0.7213213445162929,0.7620873511768764,0.805157278706688
0.002704,9.80181844373266,10.111172134455854,10.43028928963347,0.805157278706688,0.8506613348892827,0.8987370862969332
0.002708,9.80181844373266,10.111172134455854,10.43028928963347,0.8987370862969332,0.9495298741779894,1.0031932538484196
0.002667,9.80181844373266,10.111172134455854,10.43028928963347,1.0031932538484196,1.0598894589158872,1.1197898917397926
0.002728,9.80181844373266,10.111172134455854,10.43028928963347,1.1197898917397926,1.183075641610026,1.249938032210973
0.00274,9.80181844373266,10.111172134455854,10.43028928963347,1.249938032210973,1.3205792000258516,1.3952127054299968
0.002644,9.80181844373266,10.111172134455854,10.43028928963347,1.3952127054299968,1.4740641783205308,1.5573720002342704
0.002544,9.80181844373266,10.111172134455854,10.43028928963347,1.5573720002342704,1.6453880250160273,1.7383783402160131
0.002445,9.80181844373266,10.111172134455854,10.43028928963347,1.7383783402160131,1.8366240715181728,1.9404222326313807
0.004023,9.80181844373266,10.111172134455854,10.43028928963347,1.9404222326313807,2.050086623212864,2.1659487775384263
0.005154,9.80181844373266,10.111172134455854,10.43028928963347,2.1659487775384263,2.2883589667874706,2.417687257972894
0.005058,9.80181844373266,10.111172134455854,10.43028928963347,2.417687257972894,2.5543246327171887,2.6986841692569943
0.004746,9.80181844373266,10.111172134455854,10.43028928963347,2.6986841692569943,2.851202291249511,3.0123400871561223
0.004477,9.80181844373266,10.111172134455854,10.43028928963347,3.0123400871561223,3.1825847041919566,3.3624508210555346
0.004265,9.80181844373266,10.111172134455854,10.43028928963347,3.3624508210555346,3.552482203890815,3.7532533501855805
0.004175,9.80181844373266,10.111172134455854,10.43028928963347,3.7532533501855805,3.9653712255759532,4.189477098807692
0.004016,9.80181844373266,10.111172134455854,10.43028928963347,4.189477098807692,4.42624848040168,4.676401170884524
0.003963,9.80181844373266,10.111172134455854,10.43028928963347,4.676401170884524,4.940691424776398,5.219918236878273
0.003784,9.80181844373266,10.111172134455854,10.43028928963347,5.219918236878273,5.514925757770336,5.82660584582409
0.003648,9.80181844373266,10.111172134455854,10.43028928963347,5.82660584582409,6.155900763443285,6.5038060256849075
0.003673,9.80181844373266,10.111172134455854,10.43028928963347,6.5038060256849075,6.871373409872062,7.25971413529735
0.003363,9.80181844373266,10.111172134455854,10.43028928963347,7.25971413529735,7.670002222629526,8.103478043179491
0.003355,9.80181844373266,10.111172134455854,10.43028928963347,8.103478043179491,8.561452068755672,9.045308833445212
0.003296,9.80181844373266,10.111172134455854,10.43028928963347,9.045308833445212,9.556511119298175,10.096604378568765
0.003196,9.80181844373266,10.111172134455854,10.43028928963347,10.096604378568765,10.66722140588275,11.27008727445586
0.005418,9.80181844373266,10.111172134455854,10.43028928963347,11.27008727445586,11.907024551286224,12.579958807087245
0.005486,9.80181844373266,10.111172134455854,10.43028928963347,12.579958807087245,13.290924437618376,14.042070814012659
0.005219,9.80181844373266,10.111172134455854,10.43028928963347,14.042070814012659,14.835668780694615,15.67411752053271
0.00492,9.80181844373266,10.111172134455854,10.43028928963347,15.67411752053271,16.55995180798096,17.49584967213718
0.004514,9.80181844373266,10.111172134455854,10.43028928963347,17.49584967213718,18.484640492884626,19.529313554592992
0.004289,9.80181844373266,10.111172134455854,10.43028928963347,19.529313554592992,20.63302708323817,21.799117794261466
0.004043,9.80181844373266,10.111172134455854,10.43028928963347,21.799117794261466,23.03111098003311,24.332731167416135
0.003742,9.80181844373266,10.111172134455854,10.43028928963347,24.332731167416135,25.707913377650407,27.160815022597262
0.003567,9.80181844373266,10.111172134455854,10.43028928963347,27.160815022597262,28.695828473309135,30.317594338921154
0.003365,9.80181844373266,10.111172134455854,10.43028928963347,30.317594338921154,32.03101549600908,33.84127191082679
0.003144,9.80181844373266,10.111172134455854,10.43028928963347,33.84127191082679,35.75383629923332,37.77449067165226
0.003064,9.80181844373266,10.111172134455854,10.43028928963347,37.77449067165226,39.909343813081726,42.1648497509999
0.002861,9.80181844373266,10.111172134455854,10.43028928963347,42.1648497509999,44.547827266997885,47.06548051112691
0.002738,9.80181844373266,10.111172134455854,10.43028928963347,47.06548051112691,49.72542078128044,52.535689533454075
0.002522,9.80181844373266,10.111172134455854,10.43028928963347,52.535689533454075,55.504782692447314,58.641676336502556
0.002385,9.80181844373266,10.111172134455854,10.43028928963347,58.641676336502556,61.955853833530256,65.45733451095779
0.001844,9.80181844373266,10.111172134455854,10.43028928963347,65.45733451095779,69.15670394587609,73.06514596705614
7.3e-05,9.80181844373266,10.111172134455854,10.43028928963347,73.06514596705614,77.19447646558302,81.55717911632256
7.8e-05,9.80181844373266,10.111172134455854,10.43028928963347,81.55717911632256,86.16644311821332,91.03620306747894
6.6e-05,9.80181844373266,10.111172134455854,10.43028928963347,91.03620306747894,96.18118108430411,101.61693132033079
6.8e-05,9.80181844373266,10.111172134455854,10.43028928963347,101.61693132033079,107.35988698152859,113.42741000859688
6.3e-05,9.80181844373266,10.111172134455854,10.43028928963347,113.42741000859688,119.83784356509167,126.61056749195744
5.7e-05,9.80181844373266,10.111172134455854,10.43028928963347,126.61056749195744,133.76605689611287,141.32594405021308
4.9e-05,9.80181844373266,10.111172134455854,10.43028928963347,141.32594405021308,149.31308379072314,157.7516226120118
4.9e-05,9.80181844373266,10.111172134455854,10.43028928963347,157.7516226120118,166.66707166534817,176.08638388349098
3.7e-05,9.80181844373266,10.111172134455854,10.43028928963347,176.08638388349098,186.0380354640305,196.55211195782155
4.1e-05,9.80181844373266,10.111172134455854,10.43028928963347,196.55211195782155,207.66039922276806,219.39647951792662
4e-05,9.80181844373266,10.111172134455854,10.43028928963347,219.39647951792662,231.79583302844003,244.8959451282275
3.5e-05,9.80181844373266,10.111172134455854,10.43028928963347,244.8959451282275,258.73641970470345,273.35909888812694
3.8e-05,9.80181844373266,10.111172134455854,10.43028928963347,273.35909888812694,288.8081895475435,305.13039693573796
3.5e-05,9.80181844373266,10.111172134455854,10.43028928963347,305.13039693573796,322.37506588723016,340.5943299961796
3.8e-05,9.80181844373266,10.111172134455854,10.43028928963347,340.5943299961796,359.843269225189,380.18007642148444
3.3e-05,9.80181844373266,10.111172134455854,10.43028928963347,380.18007642148444,401.66623324388144,424.3666960323934
3.3e-05,9.80181844373266,10.111172134455854,10.43028928963347,424.3666960323934,448.35009218239543,473.6889276170203
2.9e-05,9.80181844373266,10.111172134455854,10.43028928963347,473.6889276170203,500.45980598500944,528.7436602466912
2.8e-05,9.80181844373266,10.111172134455854,10.43028928963347,528.7436602466912,558.6259973482117,590.1971567237096
3.1e-05,9.80181844373266,10.111172134455854,10.43028928963347,590.1971567237096,623.5525834069318,658.7931165779523
2.9e-05,9.80181844373266,10.111172134455854,10.43028928963347,658.7931165779523,696.0252944173212,735.3616761892738
2.5e-05,9.80181844373266,10.111172134455854,10.43028928963347,735.3616761892738,776.9211825277038,820.8294549536521
2.8e-05,9.80181844373266,10.111172134455854,10.43028928963347,820.8294549536521,867.2192357111913,916.2307690700113
3.3e-05,9.80181844373266,10.111172134455854,10.43028928963347,916.2307690700113,968.0122253079195,1022.7201486550255
2.1e-05,9.80181844373266,10.111172134455854,10.43028928963347,1022.7201486550255,1080.5199305538154,1141.5863096658716
2.4e-05,9.80181844373266,10.111172134455854,10.43028928963347,1141.5863096658716,1206.1039001368388,1274.2677497166753
3e-05,9.80181844373266,10.111172134455854,10.43028928963347,1274.2677497166753,1346.2839294224782,1422.370156526539
2.4e-05,9.80181844373266,10.111172134455854,10.43028928963347,1422.370156526539,1502.7564527530292,1587.68583967315
2e-05,9.80181844373266,10.111172134455854,10.43028928963347,1587.68583967315,1677.4150734010555,1772.2154208116622
2.2e-05,9.80181844373266,10.111172134455854,10.43028928963347,1772.2154208116622,1872.373479626966,1978.1920448501505
1.8e-05,9.80181844373266,10.111172134455854,10.43028928963347,1978.1920448501505,2089.991024166855,2208.1084050810155
1.4e-05,9.80181844373266,10.111172134455854,10.43028928963347,2208.1084050810155,2332.9012767091076,2464.7469093218283
1.7e-05,9.80181844373266,10.111172134455854,10.43028928963347,2464.7469093218283,2604.0438948968845,2751.213352130962
7e-06,9.80181844373266,10.111172134455854,10.43028928963347,2751.213352130962,2906.7001995538217,3070.9745005933823
1.3e-05,9.80181844373266,10.111172134455854,10.43028928963347,3070.9745005933823,3244.5328846581474,3427.9000485331494
1.4e-05,9.80181844373266,10.111172134455854,10.43028928963347,3427.9000485331494,3621.630342628391,3826.309446875285
1.4e-05,9.80181844373266,10.111172134455854,10.43028928963347,3826.309446875285,4042.556141337618,4271.024176889881
1.2e-05,9.80181844373266,10.111172134455854,10.43028928963347,4271.024176889881,4512.404251618383,4767.426098920123
0.003182,10.43028928963347,10.759478052471845,11.099056291437865,0.07999999999999999,0.08452125887808527,0.08929804002920383
0.003223,10.43028928963347,10.759478052471845,11.099056291437865,0.08929804002920383,0.09434478448267444,0.09967674941321612
0.003023,10.43028928963347,10.759478052471845,11.099056291437865,0.09967674941321612,0.10531005426600588,0.11126172948852864
0.003175,10.43028928963347,10.759478052471845,11.099056291437865,0.11126172948852864,0.11754976801654278,0.12419317966981348
0.003167,10.43028928963347,10.759478052471845,11.099056291437865,0.12419317966981348,0.13121204862206076,0.13862759411886386
0.003127,10.43028928963347,10.759478052471845,11.099056291437865,0.13862759411886386,0.14646223462708277,0.15473965560973155
0.003043,10.43028928963347,10.759478052471845,11.099056291437865,0.15473965560973155,0.1634848811311985,0.1727243495092878
0.003111,10.43028928963347,10.759478052471845,11.099056291437865,0.1727243495092878,0.1824859932427924,0.1927993234562322
0.002941,10.43028928963347,10.759478052471845,11.099056291437865,0.1927993234562322,0.20369551911704872,0.21520752129497553
0.00311,10.43028928963347,10.759478052471845,11.099056291437865,0.21520752129497553,0.22737013274854592,0.24022012313980576
0.002941,10.43028928963347,10.759478052471845,11.099056291437865,0.24022012313980576,0.25379634019531294,0.26813982714948303
0.002905,10.43028928963347,10.759478052471845,11.099056291437865,0.26813982714948303,0.28329394682533116,0.2993045127277292
0.003,10.43028928963347,10.759478052471845,11.099056291437865,0.2993045127277292,0.31621992754549455,0.3340913294810264
0.002948,10.43028928963347,10.759478052471845,11.099056291437865,0.3340913294810264,0.3529727468498688,0.37292126141758264
0.003002,10.43028928963347,10.759478052471845,11.099056291437865,0.37292126141758264,0.3939971809677202,0.41626422162260607
0.002948,10.43028928963347,10.759478052471845,11.099056291437865,0.41626422162260607,0.4397897004681118,0.46464473906476067
0.002893,10.43028928963347,10.759478052471845,11.099056291437865,0.46464473906476067,0.4909044784604127,0.5186483063545496
0.002805,10.43028928963347,10.759478052471845,11.099056291437865,0.5186483063545496,0.547960097100917,0.5789284652740918
0.002995,10.43028928963347,10.759478052471845,11.099056291437865,0.5789284652740918,0.6116470335665513,0.6462147158261423
0.002823,10.43028928963347,10.759478052471845,11.099056291437865,0.6462147158261423,0.6827360160896209,0.7213213445162929
0.002827,10.43028928963347,10.759478052471845,11.099056291437865,0.7213213445162929,0.7620873511768764,0.805157278706688
0.002795,10.43028928963347,10.759478052471845,11.099056291437865,0.805157278706688,0.8506613348892827,0.8987370862969332
0.002711,10.43028928963347,10.759478052471845,11.099056291437865,0.8987370862969332,0.9495298741779894,1.0031932538484196
0.002848,10.43028928963347,10.759478052471845,11.099056291437865,1.0031932538484196,1.0598894589158872,1.1197898917397926
0.002702,10.43028928963347,10.759478052471845,11.099056291437865,1.1197898917397926,1.183075641610026,1.249938032210973
0.002642,10.43028928963347,10.759478052471845,11.099056291437865,1.249938032210973,1.3205792000258516,1.3952127054299968
0.002628,10.43028928963347,10.759478052471845,11.099056291437865,1.3952127054299968,1.4740641783205308,1.5573720002342704
0.002452,10.43028928963347,10.759478052471845,11.099056291437865,1.5573720002342704,1.6453880250160273,1.7383783402160131
0.002446,10.43028928963347,10.759478052471845,11.099056291437865,1.7383783402160131,1.8366240715181728,1.9404222326313807
0.00389,10.43028928963347,10.759478052471845,11.099056291437865,1.9404222326313807,2.050086623212864,2.1659487775384263
0.00502,10.43028928963347,10.759478052471845,11.099056291437865,2.1659487775384263,2.2883589667874706,2.417687257972894
0.004906,10.43028928963347,10.759478052471845,11.099056291437865,2.417687257972894,2.5543246327171887,2.6986841692569943
0.004813,10.43028928963347,10.759478052471845,11.099056291437865,2.6986841692569943,2.851202291249511,3.0123400871561223
0.004531,10.43028928963347,10.759478052471845,11.099056291437865,3.0123400871561223,3.1825847041919566,3.3624508210555346
0.004404,10.43028928963347,10.759478052471845,11.099056291437865,3.3624508210555346,3.552482203890815,3.7532533501855805
0.004115,10.43028928963347,10.759478052471845,11.099056291437865,3.7532533501855805,3.9653712255759532,4.189477098807692
0.003851,10.43028928963347,10.759478052471845,11.099056291437865,4.189477098807692,4.42624848040168,4.676401170884524
0.003878,10.43028928963347,10.759478052471845,11.099056291437865,4.676401170884524,4.940691424776398,5.219918236878273
0.00377,10.43028928963347,10.759478052471845,11.099056291437865,5.219918236878273,5.514925757770336,5.82660584582409
0.003606,10.43028928963347,10.759478052471845,11.099056291437865,5.82660584582409,6.155900763443285,6.5038060256849075
0.003526,10.43028928963347,10.759478052471845,11.099056291437865,6.5038060256849075,6.871373409872062,7.25971413529735
0.003411,10.43028928963347,10.759478052471845,11.099056291437865,7.25971413529735,7.670002222629526,8.103478043179491
0.003324,10.43028928963347,10.759478052471845,11.099056291437865,8.103478043179491,8.561452068755672,9.045308833445212
0.003296,10.43028928963347,10.759478052471845,11.099056291437865,9.045308833445212,9.556511119298175,10.096604378568765
0.00312,10.43028928963347,10.759478052471845,11.099056291437865,10.096604378568765,10.66722140588275,11.27008727445586
0.005487,10.43028928963347,10.759478052471845,11.099056291437865,11.27008727445586,11.907024551286224,12.579958807087245
0.005635,10.43028928963347,10.759478052471845,11.099056291437865,12.579958807087245,13.290924437618376,14.042070814012659
0.005271,10.43028928963347,10.759478052471845,11.099056291437865,14.042070814012659,14.835668780694615,15.67411752053271
0.004829,10.43028928963347,10.759478052471845,11.099056291437865,15.67411752053271,16.55995180798096,17.49584967213718
0.004683,10.43028928963347,10.759478052471845,11.099056291437865,17.49584967213718,18.484640492884626,19.529313554592992
0.00441,10.43028928963347,10.759478052471845,11.099056291437865,19.529313554592992,20.63302708323817,21.799117794261466
0.004092,10.43028928963347,10.759478052471845,11.099056291437865,21.799117794261466,23.03111098003311,24.332731167416135
0.003827,10.43028928963347,10.759478052471845,11.099056291437865,24.332731167416135,25.707913377650407,27.160815022597262
0.003599,10.43028928963347,10.759478052471845,11.099056291437865,27.160815022597262,28.695828473309135,30.317594338921154
0.003539,10.43028928963347,10.759478052471845,11.099056291437865,30.317594338921154,32.03101549600908,33.84127191082679
0.003259,10.43028928963347,10.759478052471845,11.099056291437865,33.84127191082679,35.75383629923332,37.77449067165226
0.003088,10.43028928963347,10.759478052471845,11.099056291437865,37.77449067165226,39.909343813081726,42.1648497509999
0.002922,10.43028928963347,10.759478052471845,11.099056291437865,42.1648497509999,44.547827266997885,47.06548051112691
0.002852,10.43028928963347,10.759478052471845,11.099056291437865,47.06548051112691,49.72542078128044,52.535689533454075
0.00268,10.43028928963347,10.759478052471845,11.099056291437865,52.535689533454075,55.504782692447314,58.641676336502556
0.002508,10.43028928963347,10.759478052471845,11.099056291437865,58.641676336502556,61.955853833530256,65.45733451095779
0.002025,10.43028928963347,10.759478052471845,11.099056291437865,65.45733451095779,69.15670394587609,73.06514596705614
6.1e-05,10.43028928963347,10.759478052471845,11.099056291437865,73.06514596705614,77.19447646558302,81.55717911632256
6.1e-05,10.43028928963347,10.759478052471845,11.099056291437865,81.55717911632256,86.16644311821332,91.03620306747894
5.3e-05,10.43028928963347,10.759478052471845,11.099056291437865,91.03620306747894,96.18118108430411,101.61693132033079
5.5e-05,10.43028928963347,10.759478052471845,11.099056291437865,101.61693132033079,107.35988698152859,113.42741000859688
5.1e-05,10.43028928963347,10.759478052471845,11.099056291437865,113.42741000859688,119.83784356509167,126.61056749195744
4.4e-05,10.43028928963347,10.759478052471845,11.099056291437865,126.61056749195744,133.76605689611287,141.32594405021308
4.5e-05,10.43028928963347,10.759478052471845,11.099056291437865,141.32594405021308,149.31308379072314,157.7516226120118
4e-05,10.43028928963347,10.759478052471845,11.099056291437865,157.7516226120118,166.66707166534817,176.08638388349098
4.8e-05,10.43028928963347,10.759478052471845,11.099056291437865,176.08638388349098,186.0380354640305,196.55211195782155
4.1e-05,10.43028928963347,10.759478052471845,11.099056291437865,196.55211195782155,207.66039922276806,219.39647951792662
3.7e-05,10.43028928963347,10.759478052471845,11.099056291437865,219.39647951792662,231.79583302844003,244.8959451282275
3.8e-05,10.43028928963347,10.759478052471845,11.099056291437865,244.8959451282275,258.73641970470345,273.35909888812694
3.1e-05,10.43028928963347,10.759478052471845,11.099056291437865,273.35909888812694,288.8081895475435,305.13039693573796
3.2e-05,10.43028928963347,10.759478052471845,11.099056291437865,305.13039693573796,322.37506588723016,340.5943299961796
3.8e-05,10.43028928963347,10.759478052471845,11.099056291437865,340.5943299961796,359.843269225189,380.18007642148444
2.5e-05,10.43028928963347,10.759478052471845,11.099056291437865,380.18007642148444,401.66623324388144,424.3666960323934
2.8e-05,10.43028928963347,10.759478052471845,11.099056291437865,424.3666960323934,448.35009218239543,473.6889276170203
3.4e-05,10.43028928963347,10.759478052471845,11.099056291437865,473.6889276170203,500.45980598500944,528.7436602466912
1.9e-05,10.43028928963347,10.759478052471845,11.099056291437865,528.7436602466912,558.6259973482117,590.1971567237096
3.2e-05,10.43028928963347,10.759478052471845,11.099056291437865,590.1971567237096,623.5525834069318,658.7931165779523
2.4e-05,10.43028928963347,10.759478052471845,11.099056291437865,658.7931165779523,696.0252944173212,735.3616761892738
2.6e-05,10.43028928963347,10.759478052471845,11.099056291437865,735.3616761892738,776.9211825277038,820.8294549536521
2.5e-05,10.43028928963347,10.759478052471845,11.099056291437865,820.8294549536521,867.2192357111913,916.2307690700113
2.5e-05,10.43028928963347,10.759478052471845,11.099056291437865,916.2307690700113,968.0122253079195,1022.7201486550255
1.5e-05,10.43028928963347,10.759478052471845,11.099056291437865,1022.7201486550255,1080.5199305538154,1141.5863096658716
2.3e-05,10.43028928963347,10.759478052471845,11.099056291437865,1141.5863096658716,1206.1039001368388,1274.2677497166753
2.3e-05,10.43028928963347,10.759478052471845,11.099056291437865,1274.2677497166753,1346.2839294224782,1422.370156526539
2.4e-05,10.43028928963347,10.759478052471845,11.099056291437865,1422.370156526539,1502.7564527530292,1587.68583967315
2.1e-05,10.43028928963347,10.759478052471845,11.099056291437865,1587.68583967315,1677.4150734010555,1772.2154208116622
1.5e-05,10.43028928963347,10.759478052471845,11.099056291437865,1772.2154208116622,1872.373479626966,1978.1920448501505
1.9e-05,10.43028928963347,10.759478052471845,11.099056291437865,1978.1920448501505,2089.991024166855,2208.1084050810155
1.3e-05,10.43028928963347,10.759478052471845,11.099056291437865,2208.1084050810155,2332.9012767091076,2464.7469093218283
1e-05,10.43028928963347,10.759478052471845,11.099056291437865,2464.7469093218283,2604.0438948968845,2751.213352130962
1.1e-05,10.43028928963347,10.759478052471845,11.099056291437865,2751.213352130962,2906.7001995538217,3070.9745005933823
1.2e-05,10.43028928963347,10.759478052471845,11.099056291437865,3070.9745005933823,3244.5328846581474,3427.9000485331494
1.1e-05,10.43028928963347,10.759478052471845,11.099056291437865,3427.9000485331494,3621.630342628391,3826.309446875285
9e-06,10.43028928963347,10.759478052471845,11.099056291437865,3826.309446875285,4042.556141337618,4271.024176889881
1.3e-05,10.43028928963347,10.759478052471845,11.099056291437865,4271.024176889881,4512.404251618383,4767.426098920123
0.003276,11.099056291437865,11.44935190719641,11.810703149235032,0.07999999999999999,0.08452125887808527,0.08929804002920383
0.003313,11.099056291437865,11.44935190719641,11.810703149235032,0.08929804002920383,0.09434478448267444,0.09967674941321612
0.003281,11.099056291437865,11.44935190719641,11.810703149235032,0.09967674941321612,0.10531005426600588,0.11126172948852864
0.003138,11.099056291437865,11.44935190719641,11.810703149235032,0.11126172948852864,0.11754976801654278,0.12419317966981348
0.003255,11.099056291437865,11.44935190719641,11.810703149235032,0.12419317966981348,0.13121204862206076,0.13862759411886386
0.003165,11.099056291437865,11.44935190719641,11.810703149235032,0.13862759411886386,0.14646223462708277,0.15473965560973155
0.003069,11.099056291437865,11.44935190719641,11.810703149235032,0.15473965560973155,0.1634848811311985,0.1727243495092878
0.003053,11.099056291437865,11.44935190719641,11.810703149235032,0.1727243495092878,0.1824859932427924,0.1927993234562322
0.003152,11.099056291437865,11.44935190719641,11.810703149235032,0.1927993234562322,0.20369551911704872,0.21520752129497553
0.003082,11.099056291437865,11.44935190719641,11.810703149235032,0.21520752129497553,0.22737013274854592,0.24022012313980576
0.003036,11.099056291437865,11.44935190719641,11.810703149235032,0.24022012313980576,0.25379634019531294,0.26813982714948303
0.002993,11.099056291437865,11.44935190719641,11.810703149235032,0.26813982714948303,0.28329394682533116,0.2993045127277292
0.002996,11.099056291437865,11.44935190719641,11.810703149235032,0.2993045127277292,0.31621992754549455,0.3340913294810264
0.00306,11.099056291437865,11.44935190719641,11.810703149235032,0.3340913294810264,0.3529727468498688,0.37292126141758264
0.003047,11.099056291437865,11.44935190719641,11.810703149235032,0.37292126141758264,0.3939971809677202,0.41626422162260607
0.002939,11.099056291437865,11.44935190719641,11.810703149235032,0.41626422162260607,0.4397897004681118,0.46464473906476067
0.003142,11.099056291437865,11.44935190719641,11.810703149235032,0.46464473906476067,0.4909044784604127,0.5186483063545496
0.00293,11.099056291437865,11.44935190719641,11.810703149235032,0.5186483063545496,0.547960097100917,0.5789284652740918
0.002976,11.099056291437865,11.44935190719641,11.810703149235032,0.5789284652740918,0.6116470335665513,0.6462147158261423
0.002909,11.099056291437865,11.44935190719641,11.810703149235032,0.6462147158261423,0.6827360160896209,0.7213213445162929
0.002921,11.099056291437865,11.44935190719641,11.810703149235032,0.7213213445162929,0.7620873511768764,0.805157278706688
0.002929,11.099056291437865,11.44935190719641,11.810703149235032,0.805157278706688,0.8506613348892827,0.8987370862969332
0.002922,11.099056291437865,11.44935190719641,11.810703149235032,0.8987370862969332,0.9495298741779894,1.0031932538484196
0.002838,11.099056291437865,11.44935190719641,11.810703149235032,1.0031932538484196,1.0598894589158872,1.1197898917397926
0.002717,11.099056291437865,11.44935190719641,11.810703149235032,1.1197898917397926,1.183075641610026,1.249938032210973
0.002704,11.099056291437865,11.44935190719641,11.810703149235032,1.249938032210973,1.3205792000258516,1.3952127054299968
0.002632,11.099056291437865,11.44935190719641,11.810703149235032,1.3952127054299968,1.4740641783205308,1.5573720002342704
0.002564,11.099056291437865,11.44935190719641,11.810703149235032,1.5573720002342704,1.6453880250160273,1.7383783402160131
0.00236,11.099056291437865,11.44935190719641,11.810703149235032,1.7383783402160131,1.8366240715181728,1.9404222326313807
0.003818,11.099056291437865,11.44935190719641,11.810703149235032,1.9404222326313807,2.050086623212864,2.1659487775384263
0.005021,11.099056291437865,11.44935190719641,11.810703149235032,2.1659487775384263,2.2883589667874706,2.417687257972894
0.004719,11.099056291437865,11.44935190719641,11.810703149235032,2.417687257972894,2.5543246327171887,2.6986841692569943
0.004737,11.099056291437865,11.44935190719641,11.810703149235032,2.6986841692569943,2.851202291249511,3.0123400871561223
0.004473,11.099056291437865,11.44935190719641,11.810703149235032,3.0123400871561223,3.1825847041919566,3.3624508210555346
0.004134,11.099056291437865,11.44935190719641,11.810703149235032,3.3624508210555346,3.552482203890815,3.7532533501855805
0.004012,11.099056291437865,11.44935190719641,11.810703149235032,3.7532533501855805,3.9653712255759532,4.189477098807692
0.003906,11.099056291437865,11.44935190719641,11.810703149235032,4.189477098807692,4.42624848040168,4.676401170884524
0.00363,11.099056291437865,11.44935190719641,11.810703149235032,4.676401170884524,4.940691424776398,5.219918236878273
0.003705,11.099056291437865,11.44935190719641,11.810703149235032,5.219918236878273,5.514925757770336,5.82660584582409
0.003564,11.099056291437865,11.44935190719641,11.810703149235032,5.82660584582409,6.155900763443285,6.5038060256849075
0.003462,11.099056291437865,11.44935190719641,11.810703149235032,6.5038060256849075,6.871373409872062,7.25971413529735
0.003306,11.099056291437865,11.44935190719641,11.810703149235032,7.25971413529735,7.670002222629526,8.103478043179491
0.003178,11.099056291437865,11.44935190719641,11.810703149235032,8.103478043179491,8.561452068755672,9.045308833445212
0.003094,11.099056291437865,11.44935190719641,11.810703149235032,9.045308833445212,9.556511119298175,10.096604378568765
0.003069,11.099056291437865,11.44935190719641,11.810703149235032,10.096604378568765,10.66722140588275,11.27008727445586
0.005653,11.099056291437865,11.44935190719641,11.810703149235032,11.27008727445586,11.907024551286224,12.579958807087245
0.0058,11.099056291437865,11.44935190719641,11.810703149235032,12.579958807087245,13.290924437618376,14.042070814012659
0.005276,11.099056291437865,11.44935190719641,11.810703149235032,14.042070814012659,14.835668780694615,15.67411752053271
0.005058,11.099056291437865,11.44935190719641,11.810703149235032,15.67411752053271,16.55995180798096,17.49584967213718
0.004738,11.099056291437865,11.44935190719641,11.810703149235032,17.49584967213718,18.484640492884626,19.529313554592992
0.004522,11.099056291437865,11.44935190719641,11.810703149235032,19.529313554592992,20.63302708323817,21.799117794261466
0.004234,11.099056291437865,11.44935190719641,11.810703149235032,21.799117794261466,23.03111098003311,24.332731167416135
0.004098,11.099056291437865,11.44935190719641,11.810703149235032,24.332731167416135,25.707913377650407,27.160815022597262
0.003806,11.099056291437865,11.44935190719641,11.810703149235032,27.160815022597262,28.695828473309135,30.317594338921154
0.003618,11.099056291437865,11.44935190719641,11.810703149235032,30.317594338921154,32.03101549600908,33.84127191082679
0.003406,11.099056291437865,11.44935190719641,11.810703149235032,33.84127191082679,35.75383629923332,37.77449067165226
0.003201,11.099056291437865,11.44935190719641,11.810703149235032,37.77449067165226,39.909343813081726,42.1648497509999
0.002998,11.099056291437865,11.44935190719641,11.810703149235032,42.1648497509999,44.547827266997885,47.06548051112691
0.002931,11.099056291437865,11.44935190719641,11.810703149235032,47.06548051112691,49.72542078128044,52.535689533454075
0.002909,11.099056291437865,11.44935190719641,11.810703149235032,52.535689533454075,55.504782692447314,58.641676336502556
0.002655,11.099056291437865,11.44935190719641,11.810703149235032,58.641676336502556,61.955853833530256,65.45733451095779
0.00218,11.099056291437865,11.44935190719641,11.810703149235032,65.45733451095779,69.15670394587609,73.06514596705614
7.1e-05,11.099056291437865,11.44935190719641,11.810703149235032,73.06514596705614,77.19447646558302,81.55717911632256
4e-05,11.099056291437865,11.44935190719641,11.810703149235032,81.55717911632256,86.16644311821332,91.03620306747894
5.4e-05,11.099056291437865,11.44935190719641,11.810703149235032,91.03620306747894,96.18118108430411,101.61693132033079
3.9e-05,11.099056291437865,11.44935190719641,11.810703149235032,101.61693132033079,107.35988698152859,113.42741000859688
4.3e-05,11.099056291437865,11.44935190719641,11.810703149235032,113.42741000859688,119.83784356509167,126.61056749195744
3.9e-05,11.099056291437865,11.44935190719641,11.810703149235032,126.61056749195744,133.76605689611287,141.32594405021308
5.3e-05,11.099056291437865,11.44935190719641,11.810703149235032,141.32594405021308,149.31308379072314,157.7516226120118
3.9e-05,11.099056291437865,11.44935190719641,11.810703149235032,157.7516226120118,166.66707166534817,176.08638388349098
3.7e-05,11.099056291437865,11.44935190719641,11.810703149235032,176.08638388349098,186.0380354640305,196.55211195782155
4.3e-05,11.099056291437865,11.44935190719641,11.810703149235032,196.55211195782155,207.66039922276806,219.39647951792662
2.2e-05,11.099056291437865,11.44935190719641,11.810703149235032,219.39647951792662,231.79583302844003,244.8959451282275
3.2e-05,11.099056291437865,11.44935190719641,11.810703149235032,244.8959451282275,258.73641970470345,273.35909888812694
3.3e-05,11.099056291437865,11.44935190719641,11.810703149235032,273.35909888812694,288.8081895475435,305.13039693573796
2.8e-05,11.099056291437865,11.44935190719641,11.810703149235032,305.13039693573796,322.37506588723016,340.5943299961796
3.1e-05,11.099056291437865,11.44935190719641,11.810703149235032,340.5943299961796,359.843269225189,380.18007642148444
3.7e-05,11.099056291437865,11.44935190719641,11.810703149235032,380.18007642148444,401.66623324388144,424.3666960323934
2.7e-05,11.099056291437865,11.44935190719641,11.810703149235032,424.3666960323934,448.35009218239543,473.6889276170203
2.4e-05,11.099056291437865,11.44935190719641,11.810703149235032,473.6889276170203,500.45980598500944,528.7436602466912
2.5e-05,11.099056291437865,11.44935190719641,11.810703149235032,528.7436602466912,558.6259973482117,590.1971567237096
2e-05,11.099056291437865,11.44935190719641,11.810703149235032,590.1971567237096,623.5525834069318,658.7931165779523
1.9e-05,11.099056291437865,11.44935190719641,11.810703149235032,658.7931165779523,696.0252944173212,735.3616761892738
2.1e-05,11.099056291437865,11.44935190719641,11.810703149235032,735.3616761892738,776.9211825277038,820.8294549536521
2.4e-05,11.099056291437865,11.44935190719641,11.810703149235032,820.8294549536521,867.2192357111913,916.2307690700113
1.6e-05,11.099056291437865,11.44935190719641,11.810703149235032,916.2307690700113,968.0122253079195,1022.7201486550255
2.2e-05,11.099056291437865,11.44935190719641,11.810703149235032,1022.7201486550255,1080.5199305538154,1141.5863096658716
1.6e-05,11.099056291437865,11.44935190719641,11.810703149235032,1141.5863096658716,1206.1039001368388,1274.2677497166753
1e-05,11.099056291437865,11.44935190719641,11.810703149235032,1274.2677497166753,1346.2839294224782,1422.370156526539
1.4e-05,11.099056291437865,11.44935190719641,11.810703149235032,1422.370156526539,1502.7564527530292,1587.68583967315
2.1e-05,11.099056291437865,11.44935190719641,11.810703149235032,1587.68583967315,1677.4150734010555,1772.2154208116622
1.9e-05,11.099056291437865,11.44935190719641,11.810703149235032,1772.2154208116622,1872.373479626966,1978.1920448501505
1.8e-05,11.099056291437865,11.44935190719641,11.810703149235032,1978.1920448501505,2089.991024166855,2208.1084050810155
1.3e-05,11.099056291437865,11.44935190719641,11.810703149235032,2208.1084050810155,2332.9012767091076,2464.7469093218283
1.2e-05,11.099056291437865,11.44935190719641,11.810703149235032,2464.7469093218283,2604.0438948968845,2751.213352130962
1.1e-05,11.099056291437865,11.44935190719641,11.810703149235032,2751.213352130962,2906.7001995538217,3070.9745005933823
9e-06,11.099056291437865,11.44935190719641,11.810703149235032,3070.9745005933823,3244.5328846581474,3427.9000485331494
1e-05,11.099056291437865,11.44935190719641,11.810703149235032,3427.9000485331494,3621.630342628391,3826.309446875285
1.2e-05,11.099056291437865,11.44935190719641,11.810703149235032,3826.309446875285,4042.556141337618,4271.024176889881
1.1e-05,11.099056291437865,11.44935190719641,11.810703149235032,4271.024176889881,4512.404251618383,4767.426098920123
0.003376,11.810703149235032,12.18345894248155,12.567979224229996,0.07999999999999999,0.08452125887808527,0.08929804002920383
0.003396,11.810703149235032,12.18345894248155,12.567979224229996,0.08929804002920383,0.09434478448267444,0.09967674941321612
0.003275,11.810703149235032,12.18345894248155,12.567979224229996,0.09967674941321612,0.10531005426600588,0.11126172948852864
0.003357,11.810703149235032,12.18345894248155,12.567979224229996,0.11126172948852864,0.11754976801654278,0.12419317966981348
0.003233,11.810703149235032,12.18345894248155,12.567979224229996,0.12419317966981348,0.13121204862206076,0.13862759411886386
0.003291,11.810703149235032,12.18345894248155,12.567979224229996,0.13862759411886386,0.14646223462708277,0.15473965560973155
0.003273,11.810703149235032,12.18345894248155,12.567979224229996,0.15473965560973155,0.1634848811311985,0.1727243495092878
0.003229,11.810703149235032,12.18345894248155,12.567979224229996,0.1727243495092878,0.1824859932427924,0.1927993234562322
0.003191,11.810703149235032,12.18345894248155,12.567979224229996,0.1927993234562322,0.20369551911704872,0.21520752129497553
0.003146,11.810703149235032,12.18345894248155,12.567979224229996,0.21520752129497553,0.22737013274854592,0.24022012313980576
0.003206,11.810703149235032,12.18345894248155,12.567979224229996,0.24022012313980576,0.25379634019531294,0.26813982714948303
0.003065,11.810703149235032,12.18345894248155,12.567979224229996,0.26813982714948303,0.28329394682533116,0.2993045127277292
0.003104,11.810703149235032,12.18345894248155,12.567979224229996,0.2993045127277292,0.31621992754549455,0.3340913294810264
0.003037,11.810703149235032,12.18345894248155,12.567979224229996,0.3340913294810264,0.3529727468498688,0.37292126141758264
0.003099,11.810703149235032,12.18345894248155,12.567979224229996,0.37292126141758264,0.3939971809677202,0.41626422162260607
0.003156,11.810703149235032,12.18345894248155,12.567979224229996,0.41626422162260607,0.4397897004681118,0.46464473906476067
0.003108,11.810703149235032,12.18345894248155,12.567979224229996,0.46464473906476067,0.4909044784604127,0.5186483063545496
0.003031,11.810703149235032,12.18345894248155,12.567979224229996,0.5186483063545496,0.547960097100917,0.5789284652740918
0.003002,11.810703149235032,12.18345894248155,12.567979224229996,0.5789284652740918,0.6116470335665513,0.6462147158261423
0.00302,11.810703149235032,12.18345894248155,12.567979224229996,0.6462147158261423,0.6827360160896209,0.7213213445162929
0.002956,11.810703149235032,12.18345894248155,12.567979224229996,0.7213213445162929,0.7620873511768764,0.805157278706688
0.00295,11.810703149235032,12.18345894248155,12.567979224229996,0.805157278706688,0.8506613348892827,0.8987370862969332
0.002833,11.810703149235032,12.18345894248155,12.567979224229996,0.8987370862969332,0.9495298741779894,1.0031932538484196
0.002781,11.810703149235032,12.18345894248155,12.567979224229996,1.0031932538484196,1.0598894589158872,1.1197898917397926
0.002762,11.810703149235032,12.18345894248155,12.567979224229996,1.1197898917397926,1.183075641610026,1.249938032210973
0.002607,11.810703149235032,12.18345894248155,12.567979224229996,1.249938032210973,1.3205792000258516,1.3952127054299968
0.002438,11.810703149235032,12.18345894248155,12.567979224229996,1.3952127054299968,1.4740641783205308,1.5573720002342704
0.002267,11.810703149235032,12.18345894248155,12.567979224229996,1.5573720002342704,1.6453880250160273,1.7383783402160131
0.002302,11.810703149235032,12.18345894248155,12.567979224229996,1.7383783402160131,1.8366240715181728,1.9404222326313807
0.003708,11.810703149235032,12.18345894248155,12.567979224229996,1.9404222326313807,2.050086623212864,2.1659487775384263
0.004792,11.810703149235032,12.18345894248155,12.567979224229996,2.1659487775384263,2.2883589667874706,2.417687257972894
0.004507,11.810703149235032,12.18345894248155,12.567979224229996,2.417687257972894,2.5543246327171887,2.6986841692569943
0.004441,11.810703149235032,12.18345894248155,12.567979224229996,2.6986841692569943,2.851202291249511,3.0123400871561223
0.004324,11.810703149235032,12.18345894248155,12.567979224229996,3.0123400871561223,3.1825847041919566,3.3624508210555346
0.004061,11.810703149235032,12.18345894248155,12.567979224229996,3.3624508210555346,3.552482203890815,3.7532533501855805
0.004044,11.810703149235032,12.18345894248155,12.567979224229996,3.7532533501855805,3.9653712255759532,4.189477098807692
0.003862,11.810703149235032,12.18345894248155,12.567979224229996,4.189477098807692,4.42624848040168,4.676401170884524
0.003643,11.810703149235032,12.18345894248155,12.567979224229996,4.676401170884524,4.940691424776398,5.219918236878273
0.003589,11.810703149235032,12.18345894248155,12.567979224229996,5.219918236878273,5.514925757770336,5.82660584582409
0.003469,11.810703149235032,12.18345894248155,12.567979224229996,5.82660584582409,6.155900763443285,6.5038060256849075
0.003333,11.810703149235032,12.18345894248155,12.567979224229996,6.5038060256849075,6.871373409872062,7.25971413529735
0.003233,11.810703149235032,12.18345894248155,12.567979224229996,7.25971413529735,7.670002222629526,8.103478043179491
0.003092,11.810703149235032,12.18345894248155,12.567979224229996,8.103478043179491,8.561452068755672,9.045308833445212
0.003033,11.810703149235032,12.18345894248155,12.567979224229996,9.045308833445212,9.556511119298175,10.096604378568765
0.002969,11.810703149235032,12.18345894248155,12.567979224229996,10.096604378568765,10.66722140588275,11.27008727445586
0.005626,11.810703149235032,12.18345894248155,12.567979224229996,11.27008727445586,11.907024551286224,12.579958807087245
0.00576,11.810703149235032,12.18345894248155,12.567979224229996,12.579958807087245,13.290924437618376,14.042070814012659
0.00542,11.810703149235032,12.18345894248155,12.567979224229996,14.042070814012659,14.835668780694615,15.67411752053271
0.005261,11.810703149235032,12.18345894248155,12.567979224229996,15.67411752053271,16.55995180798096,17.49584967213718
0.004828,11.810703149235032,12.18345894248155,12.567979224229996,17.49584967213718,18.484640492884626,19.529313554592992
0.004687,11.810703149235032,12.18345894248155,12.567979224229996,19.529313554592992,20.63302708323817,21.799117794261466
0.004382,11.810703149235032,12.18345894248155,12.567979224229996,21.799117794261466,23.03111098003311,24.332731167416135
0.004225,11.810703149235032,12.18345894248155,12.567979224229996,24.332731167416135,25.707913377650407,27.160815022597262
0.004025,11.810703149235032,12.18345894248155,12.567979224229996,27.160815022597262,28.695828473309135,30.317594338921154
0.003777,11.810703149235032,12.18345894248155,12.567979224229996,30.317594338921154,32.03101549600908,33.84127191082679
0.003543,11.810703149235032,12.18345894248155,12.567979224229996,33.84127191082679,35.75383629923332,37.77449067165226
0.003382,11.810703149235032,12.18345894248155,12.567979224229996,37.77449067165226,39.909343813081726,42.1648497509999
0.003284,11.810703149235032,12.18345894248155,12.567979224229996,42.1648497509999,44.547827266997885,47.06548051112691
0.003153,11.810703149235032,12.18345894248155,12.567979224229996,47.06548051112691,49.72542078128044,52.535689533454075
0.002927,11.810703149235032,12.18345894248155,12.567979224229996,52.535689533454075,55.504782692447314,58.641676336502556
0.002812,11.810703149235032,12.18345894248155,12.567979224229996,58.641676336502556,61.955853833530256,65.45733451095779
0.002195,11.810703149235032,12.18345894248155,12.567979224229996,65.45733451095779,69.15670394587609,73.06514596705614
5.1e-05,11.810703149235032,12.18345894248155,12.567979224229996,73.06514596705614,77.19447646558302,81.55717911632256
5.4e-05,11.810703149235032,12.18345894248155,12.567979224229996,81.55717911632256,86.16644311821332,91.03620306747894
4.7e-05,11.810703149235032,12.18345894248155,12.567979224229996,91.03620306747894,96.18118108430411,101.61693132033079
4.9e-05,11.810703149235032,12.18345894248155,12.567979224229996,101.61693132033079,107.35988698152859,113.42741000859688
4.3e-05,11.810703149235032,12.18345894248155,12.567979224229996,113.42741000859688,119.83784356509167,126.61056749195744
4e-05,11.810703149235032,12.18345894248155,12.567979224229996,126.61056749195744,133.76605689611287,141.32594405021308
4.5e-05,11.810703149235032,12.18345894248155,12.567979224229996,141.32594405021308,149.31308379072314,157.7516226120118
3.9e-05,11.810703149235032,12.18345894248155,12.567979224229996,157.7516226120118,166.66707166534817,176.08638388349098
3.7e-05,11.810703149235032,12.18345894248155,12.567979224229996,176.08638388349098,186.0380354640305,196.55211195782155
2.3e-05,11.810703149235032,12.18345894248155,12.567979224229996,196.55211195782155,207.66039922276806,219.39647951792662
2.8e-05,11.810703149235032,12.18345894248155,12.567979224229996,219.39647951792662,231.79583302844003,244.8959451282275
2.1e-05,11.810703149235032,12.18345894248155,12.567979224229996,244.8959451282275,258.73641970470345,273.35909888812694
3.1e-05,11.810703149235032,12.18345894248155,12.567979224229996,273.35909888812694,288.8081895475435,305.13039693573796
2.2e-05,11.810703149235032,12.18345894248155,12.567979224229996,305.13039693573796,322.37506588723016,340.5943299961796
3.3e-05,11.810703149235032,12.18345894248155,12.567979224229996,340.5943299961796,359.843269225189,380.18007642148444
3e-05,11.810703149235032,12.18345894248155,12.567979224229996,380.18007642148444,401.66623324388144,424.3666960323934
2.5e-05,11.810703149235032,12.18345894248155,12.567979224229996,424.3666960323934,448.35009218239543,473.6889276170203
2.1e-05,11.810703149235032,12.18345894248155,12.567979224229996,473.6889276170203,500.45980598500944,528.7436602466912
1.3e-05,11.810703149235032,12.18345894248155,12.567979224229996,528.7436602466912,558.6259973482117,590.1971567237096
2e-05,11.810703149235032,12.18345894248155,12.567979224229996,590.1971567237096,623.5525834069318,658.7931165779523
2.3e-05,11.810703149235032,12.18345894248155,12.567979224229996,658.7931165779523,696.0252944173212,735.3616761892738
1.4e-05,11.810703149235032,12.18345894248155,12.567979224229996,735.3616761892738,776.9211825277038,820.8294549536521
1.9e-05,11.810703149235032,12.18345894248155,12.567979224229996,820.8294549536521,867.2192357111913,916.2307690700113
2e-05,11.810703149235032,12.18345894248155,12.567979224229996,916.2307690700113,968.0122253079195,1022.7201486550255
2e-05,11.810703149235032,12.18345894248155,12.567979224229996,1022.7201486550255,1080.5199305538154,1141.5863096658716
1.5e-05,11.810703149235032,12.18345894248155,12.567979224229996,1141.5863096658716,1206.1039001368388,1274.2677497166753
1e-05,11.810703149235032,12.18345894248155,12.567979224229996,1274.2677497166753,1346.2839294224782,1422.370156526539
1.5e-05,11.810703149235032,12.18345894248155,12.567979224229996,1422.370156526539,1502.7564527530292,1587.68583967315
1.7e-05,11.810703149235032,12.18345894248155,12.567979224229996,1587.68583967315,1677.4150734010555,1772.2154208116622
1.5e-05,11.810703149235032,12.18345894248155,12.567979224229996,1772.2154208116622,1872.373479626966,1978.1920448501505
1.2e-05,11.810703149235032,12.18345894248155,12.567979224229996,1978.1920448501505,2089.991024166855,2208.1084050810155
1.2e-05,11.810703149235032,12.18345894248155,12.567979224229996,2208.1084050810155,2332.9012767091076,2464.7469093218283
1.1e-05,11.810703149235032,12.18345894248155,12.567979224229996,2464.7469093218283,2604.0438948968845,2751.213352130962
9e-06,11.810703149235032,12.18345894248155,12.567979224229996,2751.213352130962,2906.7001995538217,3070.9745005933823
9e-06,11.810703149235032,12.18345894248155,12.567979224229996,3070.9745005933823,3244.5328846581474,3427.9000485331494
8e-06,11.810703149235032,12.18345894248155,12.567979224229996,3427.9000485331494,3621.630342628391,3826.309446875285
7e-06,11.810703149235032,12.18345894248155,12.567979224229996,3826.309446875285,4042.556141337618,4271.024176889881
5e-06,11.810703149235032,12.18345894248155,12.567979224229996,4271.024176889881,4512.404251618383,4767.426098920123
0.003482,12.567979224229996,12.964635291700214,13.37381016056673,0.07999999999999999,0.08452125887808527,0.08929804002920383
0.003525,12.567979224229996,12.964635291700214,13.37381016056673,0.08929804002920383,0.09434478448267444,0.09967674941321612
0.003422,12.567979224229996,12.964635291700214,13.37381016056673,0.09967674941321612,0.10531005426600588,0.11126172948852864
0.003451,12.567979224229996,12.964635291700214,13.37381016056673,0.11126172948852864,0.11754976801654278,0.12419317966981348
0.003292,12.567979224229996,12.964635291700214,13.37381016056673,0.12419317966981348,0.13121204862206076,0.13862759411886386
0.00337,12.567979224229996,12.964635291700214,13.37381016056673,0.13862759411886386,0.14646223462708277,0.15473965560973155
0.003336,12.567979224229996,12.964635291700214,13.37381016056673,0.15473965560973155,0.1634848811311985,0.1727243495092878
0.003324,12.567979224229996,12.964635291700214,13.37381016056673,0.1727243495092878,0.1824859932427924,0.1927993234562322
0.003265,12.567979224229996,12.964635291700214,13.37381016056673,0.1927993234562322,0.20369551911704872,0.21520752129497553
0.003278,12.567979224229996,12.964635291700214,13.37381016056673,0.21520752129497553,0.22737013274854592,0.24022012313980576
0.003278,12.567979224229996,12.964635291700214,13.37381016056673,0.24022012313980576,0.25379634019531294,0.26813982714948303
0.003272,12.567979224229996,12.964635291700214,13.37381016056673,0.26813982714948303,0.28329394682533116,0.2993045127277292
0.003071,12.567979224229996,12.964635291700214,13.37381016056673,0.2993045127277292,0.31621992754549455,0.3340913294810264
0.00316,12.567979224229996,12.964635291700214,13.37381016056673,0.3340913294810264,0.3529727468498688,0.37292126141758264
0.00321,12.567979224229996,12.964635291700214,13.37381016056673,0.37292126141758264,0.3939971809677202,0.41626422162260607
0.003183,12.567979224229996,12.964635291700214,13.37381016056673,0.41626422162260607,0.4397897004681118,0.46464473906476067
0.003123,12.567979224229996,12.964635291700214,13.37381016056673,0.46464473906476067,0.4909044784604127,0.5186483063545496
0.003072,12.567979224229996,12.964635291700214,13.37381016056673,0.5186483063545496,0.547960097100917,0.5789284652740918
0.003036,12.567979224229996,12.964635291700214,13.37381016056673,0.5789284652740918,0.6116470335665513,0.6462147158261423
0.003005,12.567979224229996,12.964635291700214,13.37381016056673,0.6462147158261423,0.6827360160896209,0.7213213445162929
0.003035,12.567979224229996,12.964635291700214,13.37381016056673,0.7213213445162929,0.7620873511768764,0.805157278706688
0.002958,12.567979224229996,12.964635291700214,13.37381016056673,0.805157278706688,0.8506613348892827,0.8987370862969332
0.002921,12.567979224229996,12.964635291700214,13.37381016056673,0.8987370862969332,0.9495298741779894,1.0031932538484196
0.002767,12.567979224229996,12.964635291700214,13.37381016056673,1.0031932538484196,1.0598894589158872,1.1197898917397926
0.002634,12.567979224229996,12.964635291700214,13.37381016056673,1.1197898917397926,1.183075641610026,1.249938032210973
0.002537,12.567979224229996,12.964635291700214,13.37381016056673,1.249938032210973,1.3205792000258516,1.3952127054299968
0.002469,12.567979224229996,12.964635291700214,13.37381016056673,1.3952127054299968,1.4740641783205308,1.5573720002342704
0.002278,12.567979224229996,12.964635291700214,13.37381016056673,1.5573720002342704,1.6453880250160273,1.7383783402160131
0.002263,12.567979224229996,12.964635291700214,13.37381016056673,1.7383783402160131,1.8366240715181728,1.9404222326313807
0.003642,12.567979224229996,12.964635291700214,13.37381016056673,1.9404222326313807,2.050086623212864,2.1659487775384263
0.004753,12.567979224229996,12.964635291700214,13.37381016056673,2.1659487775384263,2.2883589667874706,2.417687257972894
0.00463,12.567979224229996,12.964635291700214,13.37381016056673,2.417687257972894,2.5543246327171887,2.6986841692569943
0.004372,12.567979224229996,12.964635291700214,13.37381016056673,2.6986841692569943,2.851202291249511,3.0123400871561223
0.00418,12.567979224229996,12.964635291700214,13.37381016056673,3.0123400871561223,3.1825847041919566,3.3624508210555346
0.004102,12.567979224229996,12.964635291700214,13.37381016056673,3.3624508210555346,3.552482203890815,3.7532533501855805
0.003857,12.567979224229996,12.964635291700214,13.37381016056673,3.7532533501855805,3.9653712255759532,4.189477098807692
0.003673,12.567979224229996,12.964635291700214,13.37381016056673,4.189477098807692,4.42624848040168,4.676401170884524
0.003562,12.567979224229996,12.964635291700214,13.37381016056673,4.676401170884524,4.940691424776398,5.219918236878273
0.003514,12.567979224229996,12.964635291700214,13.37381016056673,5.219918236878273,5.514925757770336,5.82660584582409
0.003369,12.567979224229996,12.964635291700214,13.37381016056673,5.82660584582409,6.155900763443285,6.5038060256849075
0.003391,12.567979224229996,12.964635291700214,13.37381016056673,6.5038060256849075,6.871373409872062,7.25971413529735
0.003218,12.567979224229996,12.964635291700214,13.37381016056673,7.25971413529735,7.670002222629526,8.103478043179491
0.00313,12.567979224229996,12.964635291700214,13.37381016056673,8.103478043179491,8.561452068755672,9.045308833445212
0.002961,12.567979224229996,12.964635291700214,13.37381016056673,9.045308833445212,9.556511119298175,10.096604378568765
0.002865,12.567979224229996,12.964635291700214,13.37381016056673,10.096604378568765,10.66722140588275,11.27008727445586
0.005604,12.567979224229996,12.964635291700214,13.37381016056673,11.27008727445586,11.907024551286224,12.579958807087245
0.005887,12.567979224229996,12.964635291700214,13.37381016056673,12.579958807087245,13.290924437618376,14.042070814012659
0.005654,12.567979224229996,12.964635291700214,13.37381016056673,14.042070814012659,14.835668780694615,15.67411752053271
0.005179,12.567979224229996,12.964635291700214,13.37381016056673,15.67411752053271,16.55995180798096,17.49584967213718
0.004876,12.567979224229996,12.964635291700214,13.37381016056673,17.49584967213718,18.484640492884626,19.529313554592992
0.004676,12.567979224229996,12.964635291700214,13.37381016056673,19.529313554592992,20.63302708323817,21.799117794261466
0.004469,12.567979224229996,12.964635291700214,13.37381016056673,21.799117794261466,23.03111098003311,24.332731167416135
0.00423,12.567979224229996,12.964635291700214,13.37381016056673,24.332731167416135,25.707913377650407,27.160815022597262
0.004155,12.567979224229996,12.964635291700214,13.37381016056673,27.160815022597262,28.695828473309135,30.317594338921154
0.003832,12.567979224229996,12.964635291700214,13.37381016056673,30.317594338921154,32.03101549600908,33.84127191082679
0.003695,12.567979224229996,12.964635291700214,13.37381016056673,33.84127191082679,35.75383629923332,37.77449067165226
0.003588,12.567979224229996,12.964635291700214,13.37381016056673,37.77449067165226,39.909343813081726,42.1648497509999
0.003397,12.567979224229996,12.964635291700214,13.37381016056673,42.1648497509999,44.547827266997885,47.06548051112691
0.003317,12.567979224229996,12.964635291700214,13.37381016056673,47.06548051112691,49.72542078128044,52.535689533454075
0.003172,12.567979224229996,12.964635291700214,13.37381016056673,52.535689533454075,55.504782692447314,58.641676336502556
0.003059,12.567979224229996,12.964635291700214,13.37381016056673,58.641676336502556,61.955853833530256,65.45733451095779
0.002407,12.567979224229996,12.964635291700214,13.37381016056673,65.45733451095779,69.15670394587609,73.06514596705614
5.4e-05,12.567979224229996,12.964635291700214,13.37381016056673,73.06514596705614,77.19447646558302,81.55717911632256
4.1e-05,12.567979224229996,12.964635291700214,13.37381016056673,81.55717911632256,86.16644311821332,91.03620306747894
5.4e-05,12.567979224229996,12.964635291700214,13.37381016056673,91.03620306747894,96.18118108430411,101.61693132033079
2.9e-05,12.567979224229996,12.964635291700214,13.37381016056673,101.61693132033079,107.35988698152859,113.42741000859688
3.6e-05,12.567979224229996,12.964635291700214,13.37381016056673,113.42741000859688,119.83784356509167,126.61056749195744
4.5e-05,12.567979224229996,12.964635291700214,13.37381016056673,126.61056749195744,133.76605689611287,141.32594405021308
4.4e-05,12.567979224229996,12.964635291700214,13.37381016056673,141.32594405021308,149.31308379072314,157.7516226120118
2.9e-05,12.567979224229996,12.964635291700214,13.37381016056673,157.7516226120118,166.66707166534817,176.08638388349098
4.2e-05,12.567979224229996,12.964635291700214,13.37381016056673,176.08638388349098,186.0380354640305,196.55211195782155
2.9e-05,12.567979224229996,12.964635291700214,13.37381016056673,196.55211195782155,207.66039922276806,219.39647951792662
3e-05,12.567979224229996,12.964635291700214,13.37381016056673,219.39647951792662,231.79583302844003,244.8959451282275
3.4e-05,12.567979224229996,12.964635291700214,13.37381016056673,244.8959451282275,258.73641970470345,273.35909888812694
2.6e-05,12.567979224229996,12.964635291700214,13.37381016056673,273.35909888812694,288.8081895475435,305.13039693573796
2.4e-05,12.567979224229996,12.964635291700214,13.37381016056673,305.13039693573796,322.37506588723016,340.5943299961796
2.3e-05,12.567979224229996,12.964635291700214,13.37381016056673,340.5943299961796,359.843269225189,380.18007642148444
1.7e-05,12.567979224229996,12.964635291700214,13.37381016056673,380.18007642148444,401.66623324388144,424.3666960323934
1.6e-05,12.567979224229996,12.964635291700214,13.37381016056673,424.3666960323934,448.35009218239543,473.6889276170203
2.6e-05,12.567979224229996,12.964635291700214,13.37381016056673,473.6889276170203,500.45980598500944,528.7436602466912
2.1e-05,12.567979224229996,12.964635291700214,13.37381016056673,528.7436602466912,558.6259973482117,590.1971567237096
2e-05,12.567979224229996,12.964635291700214,13.37381016056673,590.1971567237096,623.5525834069318,658.7931165779523
1.6e-05,12.567979224229996,12.964635291700214,13.37381016056673,658.7931165779523,696.0252944173212,735.3616761892738
1.7e-05,12.567979224229996,12.964635291700214,13.37381016056673,735.3616761892738,776.9211825277038,820.8294549536521
1.5e-05,12.567979224229996,12.964635291700214,13.37381016056673,820.8294549536521,867.2192357111913,916.2307690700113
1.4e-05,12.567979224229996,12.964635291700214,13.37381016056673,916.2307690700113,968.0122253079195,1022.7201486550255
7e-06,12.567979224229996,12.964635291700214,13.37381016056673,1022.7201486550255,1080.5199305538154,1141.5863096658716
8e-06,12.567979224229996,12.964635291700214,13.37381016056673,1141.5863096658716,1206.1039001368388,1274.2677497166753
9e-06,12.567979224229996,12.964635291700214,13.37381016056673,1274.2677497166753,1346.2839294224782,1422.370156526539
1.4e-05,12.567979224229996,12.964635291700214,13.37381016056673,1422.370156526539,1502.7564527530292,1587.68583967315
1.8e-05,12.567979224229996,12.964635291700214,13.37381016056673,1587.68583967315,1677.4150734010555,1772.2154208116622
2e-05,12.567979224229996,12.964635291700214,13.37381016056673,1772.2154208116622,1872.373479626966,1978.1920448501505
1e-05,12.567979224229996,12.964635291700214,13.37381016056673,1978.1920448501505,2089.991024166855,2208.1084050810155
1.2e-05,12.567979224229996,12.964635291700214,13.37381016056673,2208.1084050810155,2332.9012767091076,2464.7469093218283
1.4e-05,12.567979224229996,12.964635291700214,13.37381016056673,2464.7469093218283,2604.0438948968845,2751.213352130962
6e-06,12.567979224229996,12.964635291700214,13.37381016056673,2751.213352130962,2906.7001995538217,3070.9745005933823
1.9e-05,12.567979224229996,12.964635291700214,13.37381016056673,3070.9745005933823,3244.5328846581474,3427.9000485331494
7e-06,12.567979224229996,12.964635291700214,13.37381016056673,3427.9000485331494,3621.630342628391,3826.309446875285
9e-06,12.567979224229996,12.964635291700214,13.37381016056673,3826.309446875285,4042.556141337618,4271.024176889881
7e-06,12.567979224229996,12.964635291700214,13.37381016056673,4271.024176889881,4512.404251618383,4767.426098920123
0.003435,13.37381016056673,13.795898934803114,14.231309188198942,0.07999999999999999,0.08452125887808527,0.08929804002920383
0.003502,13.37381016056673,13.795898934803114,14.231309188198942,0.08929804002920383,0.09434478448267444,0.09967674941321612
0.003415,13.37381016056673,13.795898934803114,14.231309188198942,0.09967674941321612,0.10531005426600588,0.11126172948852864
0.003395,13.37381016056673,13.795898934803114,14.231309188198942,0.11126172948852864,0.11754976801654278,0.12419317966981348
0.003481,13.37381016056673,13.795898934803114,14.231309188198942,0.12419317966981348,0.13121204862206076,0.13862759411886386
0.003363,13.37381016056673,13.795898934803114,14.231309188198942,0.13862759411886386,0.14646223462708277,0.15473965560973155
0.003404,13.37381016056673,13.795898934803114,14.231309188198942,0.15473965560973155,0.1634848811311985,0.1727243495092878
0.00323,13.37381016056673,13.795898934803114,14.231309188198942,0.1727243495092878,0.1824859932427924,0.1927993234562322
0.003323,13.37381016056673,13.795898934803114,14.231309188198942,0.1927993234562322,0.20369551911704872,0.21520752129497553
0.003262,13.37381016056673,13.795898934803114,14.231309188198942,0.21520752129497553,0.22737013274854592,0.24022012313980576
0.003302,13.37381016056673,13.795898934803114,14.231309188198942,0.24022012313980576,0.25379634019531294,0.26813982714948303
0.003296,13.37381016056673,13.795898934803114,14.231309188198942,0.26813982714948303,0.28329394682533116,0.2993045127277292
0.003143,13.37381016056673,13.795898934803114,14.231309188198942,0.2993045127277292,0.31621992754549455,0.3340913294810264
0.003186,13.37381016056673,13.795898934803114,14.231309188198942,0.3340913294810264,0.3529727468498688,0.37292126141758264
0.003192,13.37381016056673,13.795898934803114,14.231309188198942,0.37292126141758264,0.3939971809677202,0.41626422162260607
0.003069,13.37381016056673,13.795898934803114,14.231309188198942,0.41626422162260607,0.4397897004681118,0.46464473906476067
0.003215,13.37381016056673,13.795898934803114,14.231309188198942,0.46464473906476067,0.4909044784604127,0.5186483063545496
0.00306,13.37381016056673,13.795898934803114,14.231309188198942,0.5186483063545496,0.547960097100917,0.5789284652740918
0.003123,13.37381016056673,13.795898934803114,14.231309188198942,0.5789284652740918,0.6116470335665513,0.6462147158261423
0.003076,13.37381016056673,13.795898934803114,14.231309188198942,0.6462147158261423,0.6827360160896209,0.7213213445162929
0.003066,13.37381016056673,13.795898934803114,14.231309188198942,0.7213213445162929,0.7620873511768764,0.805157278706688
0.002953,13.37381016056673,13.795898934803114,14.231309188198942,0.805157278706688,0.8506613348892827,0.8987370862969332
0.002878,13.37381016056673,13.795898934803114,14.231309188198942,0.8987370862969332,0.9495298741779894,1.0031932538484196
0.002661,13.37381016056673,13.795898934803114,14.231309188198942,1.0031932538484196,1.0598894589158872,1.1197898917397926
0.002603,13.37381016056673,13.795898934803114,14.231309188198942,1.1197898917397926,1.183075641610026,1.249938032210973
0.002476,13.37381016056673,13.795898934803114,14.231309188198942,1.249938032210973,1.3205792000258516,1.3952127054299968
0.002351,13.37381016056673,13.795898934803114,14.231309188198942,1.3952127054299968,1.4740641783205308,1.5573720002342704
0.002462,13.37381016056673,13.795898934803114,14.231309188198942,1.5573720002342704,1.6453880250160273,1.7383783402160131
0.00209,13.37381016056673,13.795898934803114,14.231309188198942,1.7383783402160131,1.8366240715181728,1.9404222326313807
0.003559,13.37381016056673,13.795898934803114,14.231309188198942,1.9404222326313807,2.050086623212864,2.1659487775384263
0.00456,13.37381016056673,13.795898934803114,14.231309188198942,2.1659487775384263,2.2883589667874706,2.417687257972894
0.004579,13.37381016056673,13.795898934803114,14.231309188198942,2.417687257972894,2.5543246327171887,2.6986841692569943
0.004256,13.37381016056673,13.795898934803114,14.231309188198942,2.6986841692569943,2.851202291249511,3.0123400871561223
0.004057,13.37381016056673,13.795898934803114,14.231309188198942,3.0123400871561223,3.1825847041919566,3.3624508210555346
0.003948,13.37381016056673,13.795898934803114,14.231309188198942,3.3624508210555346,3.552482203890815,3.7532533501855805
0.003815,13.37381016056673,13.795898934803114,14.231309188198942,3.7532533501855805,3.9653712255759532,4.189477098807692
0.003603,13.37381016056673,13.795898934803114,14.231309188198942,4.189477098807692,4.42624848040168,4.676401170884524
0.003557,13.37381016056673,13.795898934803114,14.231309188198942,4.676401170884524,4.940691424776398,5.219918236878273
0.003391,13.37381016056673,13.795898934803114,14.231309188198942,5.219918236878273,5.514925757770336,5.82660584582409
0.003265,13.37381016056673,13.795898934803114,14.231309188198942,5.82660584582409,6.155900763443285,6.5038060256849075
0.003231,13.37381016056673,13.795898934803114,14.231309188198942,6.5038060256849075,6.871373409872062,7.25971413529735
0.003138,13.37381016056673,13.795898934803114,14.231309188198942,7.25971413529735,7.670002222629526,8.103478043179491
0.003075,13.37381016056673,13.795898934803114,14.231309188198942,8.103478043179491,8.561452068755672,9.045308833445212
0.002876,13.37381016056673,13.795898934803114,14.231309188198942,9.045308833445212,9.556511119298175,10.096604378568765
0.002812,13.37381016056673,13.795898934803114,14.231309188198942,10.096604378568765,10.66722140588275,11.27008727445586
0.005896,13.37381016056673,13.795898934803114,14.231309188198942,11.27008727445586,11.907024551286224,12.579958807087245
0.005835,13.37381016056673,13.795898934803114,14.231309188198942,12.579958807087245,13.290924437618376,14.042070814012659
0.005552,13.37381016056673,13.795898934803114,14.231309188198942,14.042070814012659,14.835668780694615,15.67411752053271
0.005238,13.37381016056673,13.795898934803114,14.231309188198942,15.67411752053271,16.55995180798096,17.49584967213718
0.004988,13.37381016056673,13.795898934803114,14.231309188198942,17.49584967213718,18.484640492884626,19.529313554592992
0.004748,13.37381016056673,13.795898934803114,14.231309188198942,19.529313554592992,20.63302708323817,21.799117794261466
0.004615,13.37381016056673,13.795898934803114,14.231309188198942,21.799117794261466,23.03111098003311,24.332731167416135
0.004418,13.37381016056673,13.795898934803114,14.231309188198942,24.332731167416135,25.707913377650407,27.160815022597262
0.004168,13.37381016056673,13.795898934803114,14.231309188198942,27.160815022597262,28.695828473309135,30.317594338921154
0.003982,13.37381016056673,13.795898934803114,14.231309188198942,30.317594338921154,32.03101549600908,33.84127191082679
0.003807,13.37381016056673,13.795898934803114,14.231309188198942,33.84127191082679,35.75383629923332,37.77449067165226
0.003674,13.37381016056673,13.795898934803114,14.231309188198942,37.77449067165226,39.909343813081726,42.1648497509999
0.003567,13.37381016056673,13.795898934803114,14.231309188198942,42.1648497509999,44.547827266997885,47.06548051112691
0.003403,13.37381016056673,13.795898934803114,14.231309188198942,47.06548051112691,49.72542078128044,52.535689533454075
0.003235,13.37381016056673,13.795898934803114,14.231309188198942,52.535689533454075,55.504782692447314,58.641676336502556
0.003064,13.37381016056673,13.795898934803114,14.231309188198942,58.641676336502556,61.955853833530256,65.45733451095779
0.002483,13.37381016056673,13.795898934803114,14.231309188198942,65.45733451095779,69.15670394587609,73.06514596705614
4.7e-05,13.37381016056673,13.795898934803114,14.231309188198942,73.06514596705614,77.19447646558302,81.55717911632256
4.5e-05,13.37381016056673,13.795898934803114,14.231309188198942,81.55717911632256,86.16644311821332,91.03620306747894
3.9e-05,13.37381016056673,13.795898934803114,14.231309188198942,91.03620306747894,96.18118108430411,101.61693132033079
4.5e-05,13.37381016056673,13.795898934803114,14.231309188198942,101.61693132033079,107.35988698152859,113.42741000859688
2.9e-05,13.37381016056673,13.795898934803114,14.231309188198942,113.42741000859688,119.83784356509167,126.61056749195744
3.8e-05,13.37381016056673,13.795898934803114,14.231309188198942,126.61056749195744,133.76605689611287,141.32594405021308
3.7e-05,13.37381016056673,13.795898934803114,14.231309188198942,141.32594405021308,149.31308379072314,157.7516226120118
2.8e-05,13.37381016056673,13.795898934803114,14.231309188198942,157.7516226120118,166.66707166534817,176.08638388349098
2.4e-05,13.37381016056673,13.795898934803114,14.231309188198942,176.08638388349098,186.0380354640305,196.55211195782155
2.5e-05,13.37381016056673,13.795898934803114,14.231309188198942,196.55211195782155,207.66039922276806,219.39647951792662
3.6e-05,13.37381016056673,13.795898934803114,14.231309188198942,219.39647951792662,231.79583302844003,244.8959451282275
3.6e-05,13.37381016056673,13.795898934803114,14.231309188198942,244.8959451282275,258.73641970470345,273.35909888812694
2e-05,13.37381016056673,13.795898934803114,14.231309188198942,273.35909888812694,288.8081895475435,305.13039693573796
3.2e-05,13.37381016056673,13.795898934803114,14.231309188198942,305.13039693573796,322.37506588723016,340.5943299961796
2.2e-05,13.37381016056673,13.795898934803114,14.231309188198942,340.5943299961796,359.843269225189,380.18007642148444
2.3e-05,13.37381016056673,13.795898934803114,14.231309188198942,380.18007642148444,401.66623324388144,424.3666960323934
2.1e-05,13.37381016056673,13.795898934803114,14.231309188198942,424.3666960323934,448.35009218239543,473.6889276170203
1.7e-05,13.37381016056673,13.795898934803114,14.231309188198942,473.6889276170203,500.45980598500944,528.7436602466912
2.5e-05,13.37381016056673,13.795898934803114,14.231309188198942,528.7436602466912,558.6259973482117,590.1971567237096
1.2e-05,13.37381016056673,13.795898934803114,14.231309188198942,590.1971567237096,623.5525834069318,658.7931165779523
1.4e-05,13.37381016056673,13.795898934803114,14.231309188198942,658.7931165779523,696.0252944173212,735.3616761892738
1.6e-05,13.37381016056673,13.795898934803114,14.231309188198942,735.3616761892738,776.9211825277038,820.8294549536521
1.2e-05,13.37381016056673,13.795898934803114,14.231309188198942,820.8294549536521,867.2192357111913,916.2307690700113
1.3e-05,13.37381016056673,13.795898934803114,14.231309188198942,916.2307690700113,968.0122253079195,1022.7201486550255
1.5e-05,13.37381016056673,13.795898934803114,14.231309188198942,1022.7201486550255,1080.5199305538154,1141.5863096658716
1.6e-05,13.37381016056673,13.795898934803114,14.231309188198942,1141.5863096658716,1206.1039001368388,1274.2677497166753
9e-06,13.37381016056673,13.795898934803114,14.231309188198942,1274.2677497166753,1346.2839294224782,1422.370156526539
1.1e-05,13.37381016056673,13.795898934803114,14.231309188198942,1422.370156526539,1502.7564527530292,1587.68583967315
1.3e-05,13.37381016056673,13.795898934803114,14.231309188198942,1587.68583967315,1677.4150734010555,1772.2154208116622
7e-06,13.37381016056673,13.795898934803114,14.231309188198942,1772.2154208116622,1872.373479626966,1978.1920448501505
8e-06,13.37381016056673,13.795898934803114,14.231309188198942,1978.1920448501505,2089.991024166855,2208.1084050810155
8e-06,13.37381016056673,13.795898934803114,14.231309188198942,2208.1084050810155,2332.9012767091076,2464.7469093218283
4e-06,13.37381016056673,13.795898934803114,14.231309188198942,2464.7469093218283,2604.0438948968845,2751.213352130962
1.9e-05,13.37381016056673,13.795898934803114,14.231309188198942,2751.213352130962,2906.7001995538217,3070.9745005933823
7e-06,13.37381016056673,13.795898934803114,14.231309188198942,3070.9745005933823,3244.5328846581474,3427.9000485331494
7e-06,13.37381016056673,13.795898934803114,14.231309188198942,3427.9000485331494,3621.630342628391,3826.309446875285
8e-06,13.37381016056673,13.795898934803114,14.231309188198942,3826.309446875285,4042.556141337618,4271.024176889881
7e-06,13.37381016056673,13.795898934803114,14.231309188198942,4271.024176889881,4512.404251618383,4767.426098920123
0.003686,14.231309188198942,14.680461357917741,15.14378915047596,0.07999999999999999,0.08452125887808527,0.08929804002920383
0.003622,14.231309188198942,14.680461357917741,15.14378915047596,0.08929804002920383,0.09434478448267444,0.09967674941321612
0.003505,14.231309188198942,14.680461357917741,15.14378915047596,0.09967674941321612,0.10531005426600588,0.11126172948852864
0.003568,14.231309188198942,14.680461357917741,15.14378915047596,0.11126172948852864,0.11754976801654278,0.12419317966981348
0.003503,14.231309188198942,14.680461357917741,15.14378915047596,0.12419317966981348,0.13121204862206076,0.13862759411886386
0.003559,14.231309188198942,14.680461357917741,15.14378915047596,0.13862759411886386,0.14646223462708277,0.15473965560973155
0.003522,14.231309188198942,14.680461357917741,15.14378915047596,0.15473965560973155,0.1634848811311985,0.1727243495092878
0.003382,14.231309188198942,14.680461357917741,15.14378915047596,0.1727243495092878,0.1824859932427924,0.1927993234562322
0.003445,14.231309188198942,14.680461357917741,15.14378915047596,0.1927993234562322,0.20369551911704872,0.21520752129497553
0.003351,14.231309188198942,14.680461357917741,15.14378915047596,0.21520752129497553,0.22737013274854592,0.24022012313980576
0.003328,14.231309188198942,14.680461357917741,15.14378915047596,0.24022012313980576,0.25379634019531294,0.26813982714948303
0.003433,14.231309188198942,14.680461357917741,15.14378915047596,0.26813982714948303,0.28329394682533116,0.2993045127277292
0.003414,14.231309188198942,14.680461357917741,15.14378915047596,0.2993045127277292,0.31621992754549455,0.3340913294810264
0.00336,14.231309188198942,14.680461357917741,15.14378915047596,0.3340913294810264,0.3529727468498688,0.37292126141758264
0.003283,14.231309188198942,14.680461357917741,15.14378915047596,0.37292126141758264,0.3939971809677202,0.41626422162260607
0.003297,14.231309188198942,14.680461357917741,15.14378915047596,0.41626422162260607,0.4397897004681118,0.46464473906476067
0.003288,14.231309188198942,14.680461357917741,15.14378915047596,0.46464473906476067,0.4909044784604127,0.5186483063545496
0.003194,14.231309188198942,14.680461357917741,15.14378915047596,0.5186483063545496,0.547960097100917,0.5789284652740918
0.003204,14.231309188198942,14.680461357917741,15.14378915047596,0.5789284652740918,0.6116470335665513,0.6462147158261423
0.003198,14.231309188198942,14.680461357917741,15.14378915047596,0.6462147158261423,0.6827360160896209,0.7213213445162929
0.002998,14.231309188198942,14.680461357917741,15.14378915047596,0.7213213445162929,0.7620873511768764,0.805157278706688
0.002888,14.231309188198942,14.680461357917741,15.14378915047596,0.805157278706688,0.8506613348892827,0.8987370862969332
0.002799,14.231309188198942,14.680461357917741,15.14378915047596,0.8987370862969332,0.9495298741779894,1.0031932538484196
0.00261,14.231309188198942,14.680461357917741,15.14378915047596,1.0031932538484196,1.0598894589158872,1.1197898917397926
0.002562,14.231309188198942,14.680461357917741,15.14378915047596,1.1197898917397926,1.183075641610026,1.249938032210973
0.002337,14.231309188198942,14.680461357917741,15.14378915047596,1.249938032210973,1.3205792000258516,1.3952127054299968
0.002208,14.231309188198942,14.680461357917741,15.14378915047596,1.3952127054299968,1.4740641783205308,1.5573720002342704
0.002091,14.231309188198942,14.680461357917741,15.14378915047596,1.5573720002342704,1.6453880250160273,1.7383783402160131
0.002107,14.231309188198942,14.680461357917741,15.14378915047596,1.7383783402160131,1.8366240715181728,1.9404222326313807
0.00355,14.231309188198942,14.680461357917741,15.14378915047596,1.9404222326313807,2.050086623212864,2.1659487775384263
0.004384,14.231309188198942,14.680461357917741,15.14378915047596,2.1659487775384263,2.2883589667874706,2.417687257972894
0.004232,14.231309188198942,14.680461357917741,15.14378915047596,2.417687257972894,2.5543246327171887,2.6986841692569943
0.004206,14.231309188198942,14.680461357917741,15.14378915047596,2.6986841692569943,2.851202291249511,3.0123400871561223
0.004082,14.231309188198942,14.680461357917741,15.14378915047596,3.0123400871561223,3.1825847041919566,3.3624508210555346
0.003755,14.231309188198942,14.680461357917741,15.14378915047596,3.3624508210555346,3.552482203890815,3.7532533501855805
0.003677,14.231309188198942,14.680461357917741,15.14378915047596,3.7532533501855805,3.9653712255759532,4.189477098807692
0.003569,14.231309188198942,14.680461357917741,15.14378915047596,4.189477098807692,4.42624848040168,4.676401170884524
0.003333,14.231309188198942,14.680461357917741,15.14378915047596,4.676401170884524,4.940691424776398,5.219918236878273
0.003243,14.231309188198942,14.680461357917741,15.14378915047596,5.219918236878273,5.514925757770336,5.82660584582409
0.003311,14.231309188198942,14.680461357917741,15.14378915047596,5.82660584582409,6.155900763443285,6.5038060256849075
0.003119,14.231309188198942,14.680461357917741,15.14378915047596,6.5038060256849075,6.871373409872062,7.25971413529735
0.00299,14.231309188198942,14.680461357917741,15.14378915047596,7.25971413529735,7.670002222629526,8.103478043179491
0.003018,14.231309188198942,14.680461357917741,15.14378915047596,8.103478043179491,8.561452068755672,9.045308833445212
0.002843,14.231309188198942,14.680461357917741,15.14378915047596,9.045308833445212,9.556511119298175,10.096604378568765
0.002803,14.231309188198942,14.680461357917741,15.14378915047596,10.096604378568765,10.66722140588275,11.27008727445586
0.00568,14.231309188198942,14.680461357917741,15.14378915047596,11.27008727445586,11.907024551286224,12.579958807087245
0.006019,14.231309188198942,14.680461357917741,15.14378915047596,12.579958807087245,13.290924437618376,14.042070814012659
0.00582,14.231309188198942,14.680461357917741,15.14378915047596,14.042070814012659,14.835668780694615,15.67411752053271
0.005433,14.231309188198942,14.680461357917741,15.14378915047596,15.67411752053271,16.55995180798096,17.49584967213718
0.005157,14.231309188198942,14.680461357917741,15.14378915047596,17.49584967213718,18.484640492884626,19.529313554592992
0.004769,14.231309188198942,14.680461357917741,15.14378915047596,19.529313554592992,20.63302708323817,21.799117794261466
0.004556,14.231309188198942,14.680461357917741,15.14378915047596,21.799117794261466,23.03111098003311,24.332731167416135
0.004526,14.231309188198942,14.680461357917741,15.14378915047596,24.332731167416135,25.707913377650407,27.160815022597262
0.004282,14.231309188198942,14.680461357917741,15.14378915047596,27.160815022597262,28.695828473309135,30.317594338921154
0.004216,14.231309188198942,14.680461357917741,15.14378915047596,30.317594338921154,32.03101549600908,33.84127191082679
0.003936,14.231309188198942,14.680461357917741,15.14378915047596,33.84127191082679,35.75383629923332,37.77449067165226
0.003914,14.231309188198942,14.680461357917741,15.14378915047596,37.77449067165226,39.909343813081726,42.1648497509999
0.003742,14.231309188198942,14.680461357917741,15.14378915047596,42.1648497509999,44.547827266997885,47.06548051112691
0.003535,14.231309188198942,14.680461357917741,15.14378915047596,47.06548051112691,49.72542078128044,52.535689533454075
0.003387,14.231309188198942,14.680461357917741,15.14378915047596,52.535689533454075,55.504782692447314,58.641676336502556
0.003301,14.231309188198942,14.680461357917741,15.14378915047596,58.641676336502556,61.955853833530256,65.45733451095779
0.002634,14.231309188198942,14.680461357917741,15.14378915047596,65.45733451095779,69.15670394587609,73.06514596705614
3.7e-05,14.231309188198942,14.680461357917741,15.14378915047596,73.06514596705614,77.19447646558302,81.55717911632256
3.2e-05,14.231309188198942,14.680461357917741,15.14378915047596,81.55717911632256,86.16644311821332,91.03620306747894
2.7e-05,14.231309188198942,14.680461357917741,15.14378915047596,91.03620306747894,96.18118108430411,101.61693132033079
2.8e-05,14.231309188198942,14.680461357917741,15.14378915047596,101.61693132033079,107.35988698152859,113.42741000859688
2.9e-05,14.231309188198942,14.680461357917741,15.14378915047596,113.42741000859688,119.83784356509167,126.61056749195744
2.8e-05,14.231309188198942,14.680461357917741,15.14378915047596,126.61056749195744,133.76605689611287,141.32594405021308
3.6e-05,14.231309188198942,14.680461357917741,15.14378915047596,141.32594405021308,149.31308379072314,157.7516226120118
2.9e-05,14.231309188198942,14.680461357917741,15.14378915047596,157.7516226120118,166.66707166534817,176.08638388349098
2.7e-05,14.231309188198942,14.680461357917741,15.14378915047596,176.08638388349098,186.0380354640305,196.55211195782155
2e-05,14.231309188198942,14.680461357917741,15.14378915047596,196.55211195782155,207.66039922276806,219.39647951792662
2e-05,14.231309188198942,14.680461357917741,15.14378915047596,219.39647951792662,231.79583302844003,244.8959451282275
2.5e-05,14.231309188198942,14.680461357917741,15.14378915047596,244.8959451282275,258.73641970470345,273.35909888812694
1.3e-05,14.231309188198942,14.680461357917741,15.14378915047596,273.35909888812694,288.8081895475435,305.13039693573796
1.5e-05,14.231309188198942,14.680461357917741,15.14378915047596,305.13039693573796,322.37506588723016,340.5943299961796
1.3e-05,14.231309188198942,14.680461357917741,15.14378915047596,340.5943299961796,359.843269225189,380.18007642148444
1.3e-05,14.231309188198942,14.680461357917741,15.14378915047596,380.18007642148444,401.66623324388144,424.3666960323934
1.5e-05,14.231309188198942,14.680461357917741,15.14378915047596,424.3666960323934,448.35009218239543,473.6889276170203
1.5e-05,14.231309188198942,14.680461357917741,15.14378915047596,473.6889276170203,500.45980598500944,528.7436602466912
1.3e-05,14.231309188198942,14.680461357917741,15.14378915047596,528.7436602466912,558.6259973482117,590.1971567237096
4e-06,14.231309188198942,14.680461357917741,15.14378915047596,590.1971567237096,623.5525834069318,658.7931165779523
1.1e-05,14.231309188198942,14.680461357917741,15.14378915047596,658.7931165779523,696.0252944173212,735.3616761892738
1.2e-05,14.231309188198942,14.680461357917741,15.14378915047596,735.3616761892738,776.9211825277038,820.8294549536521
1e-05,14.231309188198942,14.680461357917741,15.14378915047596,820.8294549536521,867.2192357111913,916.2307690700113
6e-06,14.231309188198942,14.680461357917741,15.14378915047596,916.2307690700113,968.0122253079195,1022.7201486550255
1.1e-05,14.231309188198942,14.680461357917741,15.14378915047596,1022.7201486550255,1080.5199305538154,1141.5863096658716
1.2e-05,14.231309188198942,14.680461357917741,15.14378915047596,1141.5863096658716,1206.1039001368388,1274.2677497166753
1.4e-05,14.231309188198942,14.680461357917741,15.14378915047596,1274.2677497166753,1346.2839294224782,1422.370156526539
7e-06,14.231309188198942,14.680461357917741,15.14378915047596,1422.370156526539,1502.7564527530292,1587.68583967315
1e-05,14.231309188198942,14.680461357917741,15.14378915047596,1587.68583967315,1677.4150734010555,1772.2154208116622
1.5e-05,14.231309188198942,14.680461357917741,15.14378915047596,1772.2154208116622,1872.373479626966,1978.1920448501505
8e-06,14.231309188198942,14.680461357917741,15.14378915047596,1978.1920448501505,2089.991024166855,2208.1084050810155
9e-06,14.231309188198942,14.680461357917741,15.14378915047596,2208.1084050810155,2332.9012767091076,2464.7469093218283
1.1e-05,14.231309188198942,14.680461357917741,15.14378915047596,2464.7469093218283,2604.0438948968845,2751.213352130962
1.2e-05,14.231309188198942,14.680461357917741,15.14378915047596,2751.213352130962,2906.7001995538217,3070.9745005933823
1.2e-05,14.231309188198942,14.680461357917741,15.14378915047596,3070.9745005933823,3244.5328846581474,3427.9000485331494
5e-06,14.231309188198942,14.680461357917741,15.14378915047596,3427.9000485331494,3621.630342628391,3826.309446875285
6e-06,14.231309188198942,14.680461357917741,15.14378915047596,3826.309446875285,4042.556141337618,4271.024176889881
7e-06,14.231309188198942,14.680461357917741,15.14378915047596,4271.024176889881,4512.404251618383,4767.426098920123
0.003615,15.14378915047596,15.621739960534997,16.11477530291063,0.07999999999999999,0.08452125887808527,0.08929804002920383
0.003604,15.14378915047596,15.621739960534997,16.11477530291063,0.08929804002920383,0.09434478448267444,0.09967674941321612
0.003533,15.14378915047596,15.621739960534997,16.11477530291063,0.09967674941321612,0.10531005426600588,0.11126172948852864
0.003772,15.14378915047596,15.621739960534997,16.11477530291063,0.11126172948852864,0.11754976801654278,0.12419317966981348
0.003666,15.14378915047596,15.621739960534997,16.11477530291063,0.12419317966981348,0.13121204862206076,0.13862759411886386
0.003556,15.14378915047596,15.621739960534997,16.11477530291063,0.13862759411886386,0.14646223462708277,0.15473965560973155
0.003611,15.14378915047596,15.621739960534997,16.11477530291063,0.15473965560973155,0.1634848811311985,0.1727243495092878
0.003475,15.14378915047596,15.621739960534997,16.11477530291063,0.1727243495092878,0.1824859932427924,0.1927993234562322
0.003469,15.14378915047596,15.621739960534997,16.11477530291063,0.1927993234562322,0.20369551911704872,0.21520752129497553
0.003541,15.14378915047596,15.621739960534997,16.11477530291063,0.21520752129497553,0.22737013274854592,0.24022012313980576
0.00343,15.14378915047596,15.621739960534997,16.11477530291063,0.24022012313980576,0.25379634019531294,0.26813982714948303
0.003417,15.14378915047596,15.621739960534997,16.11477530291063,0.26813982714948303,0.28329394682533116,0.2993045127277292
0.003439,15.14378915047596,15.621739960534997,16.11477530291063,0.2993045127277292,0.31621992754549455,0.3340913294810264
0.00337,15.14378915047596,15.621739960534997,16.11477530291063,0.3340913294810264,0.3529727468498688,0.37292126141758264
0.003289,15.14378915047596,15.621739960534997,16.11477530291063,0.37292126141758264,0.3939971809677202,0.41626422162260607
0.003323,15.14378915047596,15.621739960534997,16.11477530291063,0.41626422162260607,0.4397897004681118,0.46464473906476067
0.00339,15.14378915047596,15.621739960534997,16.11477530291063,0.46464473906476067,0.4909044784604127,0.5186483063545496
0.003336,15.14378915047596,15.621739960534997,16.11477530291063,0.5186483063545496,0.547960097100917,0.5789284652740918
0.003156,15.14378915047596,15.621739960534997,16.11477530291063,0.5789284652740918,0.6116470335665513,0.6462147158261423
0.003047,15.14378915047596,15.621739960534997,16.11477530291063,0.6462147158261423,0.6827360160896209,0.7213213445162929
0.002837,15.14378915047596,15.621739960534997,16.11477530291063,0.7213213445162929,0.7620873511768764,0.805157278706688
0.002753,15.14378915047596,15.621739960534997,16.11477530291063,0.805157278706688,0.8506613348892827,0.8987370862969332
0.002694,15.14378915047596,15.621739960534997,16.11477530291063,0.8987370862969332,0.9495298741779894,1.0031932538484196
0.002565,15.14378915047596,15.621739960534997,16.11477530291063,1.0031932538484196,1.0598894589158872,1.1197898917397926
0.002432,15.14378915047596,15.621739960534997,16.11477530291063,1.1197898917397926,1.183075641610026,1.249938032210973
0.002325,15.14378915047596,15.621739960534997,16.11477530291063,1.249938032210973,1.3205792000258516,1.3952127054299968
0.002168,15.14378915047596,15.621739960534997,16.11477530291063,1.3952127054299968,1.4740641783205308,1.5573720002342704
0.002137,15.14378915047596,15.621739960534997,16.11477530291063,1.5573720002342704,1.6453880250160273,1.7383783402160131
0.002023,15.14378915047596,15.621739960534997,16.11477530291063,1.7383783402160131,1.8366240715181728,1.9404222326313807
0.003389,15.14378915047596,15.621739960534997,16.11477530291063,1.9404222326313807,2.050086623212864,2.1659487775384263
0.004392,15.14378915047596,15.621739960534997,16.11477530291063,2.1659487775384263,2.2883589667874706,2.417687257972894
0.004242,15.14378915047596,15.621739960534997,16.11477530291063,2.417687257972894,2.5543246327171887,2.6986841692569943
0.003991,15.14378915047596,15.621739960534997,16.11477530291063,2.6986841692569943,2.851202291249511,3.0123400871561223
0.003895,15.14378915047596,15.621739960534997,16.11477530291063,3.0123400871561223,3.1825847041919566,3.3624508210555346
0.003717,15.14378915047596,15.621739960534997,16.11477530291063,3.3624508210555346,3.552482203890815,3.7532533501855805
0.00357,15.14378915047596,15.621739960534997,16.11477530291063,3.7532533501855805,3.9653712255759532,4.189477098807692
0.00348,15.14378915047596,15.621739960534997,16.11477530291063,4.189477098807692,4.42624848040168,4.676401170884524
0.003349,15.14378915047596,15.621739960534997,16.11477530291063,4.676401170884524,4.940691424776398,5.219918236878273
0.003347,15.14378915047596,15.621739960534997,16.11477530291063,5.219918236878273,5.514925757770336,5.82660584582409
0.003097,15.14378915047596,15.621739960534997,16.11477530291063,5.82660584582409,6.155900763443285,6.5038060256849075
0.00294,15.14378915047596,15.621739960534997,16.11477530291063,6.5038060256849075,6.871373409872062,7.25971413529735
0.00296,15.14378915047596,15.621739960534997,16.11477530291063,7.25971413529735,7.670002222629526,8.103478043179491
0.002843,15.14378915047596,15.621739960534997,16.11477530291063,8.103478043179491,8.561452068755672,9.045308833445212
0.00276,15.14378915047596,15.621739960534997,16.11477530291063,9.045308833445212,9.556511119298175,10.096604378568765
0.002755,15.14378915047596,15.621739960534997,16.11477530291063,10.096604378568765,10.66722140588275,11.27008727445586
0.005729,15.14378915047596,15.621739960534997,16.11477530291063,11.27008727445586,11.907024551286224,12.579958807087245
0.006113,15.14378915047596,15.621739960534997,16.11477530291063,12.579958807087245,13.290924437618376,14.042070814012659
0.00569,15.14378915047596,15.621739960534997,16.11477530291063,14.042070814012659,14.835668780694615,15.67411752053271
0.005467,15.14378915047596,15.621739960534997,16.11477530291063,15.67411752053271,16.55995180798096,17.49584967213718
0.005175,15.14378915047596,15.621739960534997,16.11477530291063,17.49584967213718,18.484640492884626,19.529313554592992
0.005056,15.14378915047596,15.621739960534997,16.11477530291063,19.529313554592992,20.63302708323817,21.799117794261466
0.004726,15.14378915047596,15.621739960534997,16.11477530291063,21.799117794261466,23.03111098003311,24.332731167416135
0.004517,15.14378915047596,15.621739960534997,16.11477530291063,24.332731167416135,25.707913377650407,27.160815022597262
0.004451,15.14378915047596,15.621739960534997,16.11477530291063,27.160815022597262,28.695828473309135,30.317594338921154
0.004267,15.14378915047596,15.621739960534997,16.11477530291063,30.317594338921154,32.03101549600908,33.84127191082679
0.004112,15.14378915047596,15.621739960534997,16.11477530291063,33.84127191082679,35.75383629923332,37.77449067165226
0.004013,15.14378915047596,15.621739960534997,16.11477530291063,37.77449067165226,39.909343813081726,42.1648497509999
0.003741,15.14378915047596,15.621739960534997,16.11477530291063,42.1648497509999,44.547827266997885,47.06548051112691
0.003647,15.14378915047596,15.621739960534997,16.11477530291063,47.06548051112691,49.72542078128044,52.535689533454075
0.003584,15.14378915047596,15.621739960534997,16.11477530291063,52.535689533454075,55.504782692447314,58.641676336502556
0.003465,15.14378915047596,15.621739960534997,16.11477530291063,58.641676336502556,61.955853833530256,65.45733451095779
0.002718,15.14378915047596,15.621739960534997,16.11477530291063,65.45733451095779,69.15670394587609,73.06514596705614
3.6e-05,15.14378915047596,15.621739960534997,16.11477530291063,73.06514596705614,77.19447646558302,81.55717911632256
2.8e-05,15.14378915047596,15.621739960534997,16.11477530291063,81.55717911632256,86.16644311821332,91.03620306747894
2.9e-05,15.14378915047596,15.621739960534997,16.11477530291063,91.03620306747894,96.18118108430411,101.61693132033079
3.7e-05,15.14378915047596,15.621739960534997,16.11477530291063,101.61693132033079,107.35988698152859,113.42741000859688
2.1e-05,15.14378915047596,15.621739960534997,16.11477530291063,113.42741000859688,119.83784356509167,126.61056749195744
2.6e-05,15.14378915047596,15.621739960534997,16.11477530291063,126.61056749195744,133.76605689611287,141.32594405021308
2.3e-05,15.14378915047596,15.621739960534997,16.11477530291063,141.32594405021308,149.31308379072314,157.7516226120118
1.9e-05,15.14378915047596,15.621739960534997,16.11477530291063,157.7516226120118,166.66707166534817,176.08638388349098
3e-05,15.14378915047596,15.621739960534997,16.11477530291063,176.08638388349098,186.0380354640305,196.55211195782155
1.8e-05,15.14378915047596,15.621739960534997,16.11477530291063,196.55211195782155,207.66039922276806,219.39647951792662
2.2e-05,15.14378915047596,15.621739960534997,16.11477530291063,219.39647951792662,231.79583302844003,244.8959451282275
2.2e-05,15.14378915047596,15.621739960534997,16.11477530291063,244.8959451282275,258.73641970470345,273.35909888812694
1.6e-05,15.14378915047596,15.621739960534997,16.11477530291063,273.35909888812694,288.8081895475435,305.13039693573796
2.3e-05,15.14378915047596,15.621739960534997,16.11477530291063,305.13039693573796,322.37506588723016,340.5943299961796
9e-06,15.14378915047596,15.621739960534997,16.11477530291063,340.5943299961796,359.843269225189,380.18007642148444
1.6e-05,15.14378915047596,15.621739960534997,16.11477530291063,380.18007642148444,401.66623324388144,424.3666960323934
1.5e-05,15.14378915047596,15.621739960534997,16.11477530291063,424.3666960323934,448.35009218239543,473.6889276170203
1.2e-05,15.14378915047596,15.621739960534997,16.11477530291063,473.6889276170203,500.45980598500944,528.7436602466912
1e-05,15.14378915047596,15.621739960534997,16.11477530291063,528.7436602466912,558.6259973482117,590.1971567237096
1.3e-05,15.14378915047596,15.621739960534997,16.11477530291063,590.1971567237096,623.5525834069318,658.7931165779523
1.7e-05,15.14378915047596,15.621739960534997,16.11477530291063,658.7931165779523,696.0252944173212,735.3616761892738
9e-06,15.14378915047596,15.621739960534997,16.11477530291063,735.3616761892738,776.9211825277038,820.8294549536521
1.2e-05,15.14378915047596,15.621739960534997,16.11477530291063,820.8294549536521,867.2192357111913,916.2307690700113
1.3e-05,15.14378915047596,15.621739960534997,16.11477530291063,916.2307690700113,968.0122253079195,1022.7201486550255
1.2e-05,15.14378915047596,15.621739960534997,16.11477530291063,1022.7201486550255,1080.5199305538154,1141.5863096658716
1.3e-05,15.14378915047596,15.621739960534997,16.11477530291063,1141.5863096658716,1206.1039001368388,1274.2677497166753
1.3e-05,15.14378915047596,15.621739960534997,16.11477530291063,1274.2677497166753,1346.2839294224782,1422.370156526539
6e-06,15.14378915047596,15.621739960534997,16.11477530291063,1422.370156526539,1502.7564527530292,1587.68583967315
2e-06,15.14378915047596,15.621739960534997,16.11477530291063,1587.68583967315,1677.4150734010555,1772.2154208116622
4e-06,15.14378915047596,15.621739960534997,16.11477530291063,1772.2154208116622,1872.373479626966,1978.1920448501505
4e-06,15.14378915047596,15.621739960534997,16.11477530291063,1978.1920448501505,2089.991024166855,2208.1084050810155
4e-06,15.14378915047596,15.621739960534997,16.11477530291063,2208.1084050810155,2332.9012767091076,2464.7469093218283
9e-06,15.14378915047596,15.621739960534997,16.11477530291063,2464.7469093218283,2604.0438948968845,2751.213352130962
5e-06,15.14378915047596,15.621739960534997,16.11477530291063,2751.213352130962,2906.7001995538217,3070.9745005933823
6e-06,15.14378915047596,15.621739960534997,16.11477530291063,3070.9745005933823,3244.5328846581474,3427.9000485331494
4e-06,15.14378915047596,15.621739960534997,16.11477530291063,3427.9000485331494,3621.630342628391,3826.309446875285
4e-06,15.14378915047596,15.621739960534997,16.11477530291063,3826.309446875285,4042.556141337618,4271.024176889881
8e-06,15.14378915047596,15.621739960534997,16.11477530291063,4271.024176889881,4512.404251618383,4767.426098920123
0.003637,16.11477530291063,16.62337125821706,17.14801893257584,0.07999999999999999,0.08452125887808527,0.08929804002920383
0.003806,16.11477530291063,16.62337125821706,17.14801893257584,0.08929804002920383,0.09434478448267444,0.09967674941321612
0.003718,16.11477530291063,16.62337125821706,17.14801893257584,0.09967674941321612,0.10531005426600588,0.11126172948852864
0.003687,16.11477530291063,16.62337125821706,17.14801893257584,0.11126172948852864,0.11754976801654278,0.12419317966981348
0.003739,16.11477530291063,16.62337125821706,17.14801893257584,0.12419317966981348,0.13121204862206076,0.13862759411886386
0.003632,16.11477530291063,16.62337125821706,17.14801893257584,0.13862759411886386,0.14646223462708277,0.15473965560973155
0.003614,16.11477530291063,16.62337125821706,17.14801893257584,0.15473965560973155,0.1634848811311985,0.1727243495092878
0.003574,16.11477530291063,16.62337125821706,17.14801893257584,0.1727243495092878,0.1824859932427924,0.1927993234562322
0.003625,16.11477530291063,16.62337125821706,17.14801893257584,0.1927993234562322,0.20369551911704872,0.21520752129497553
0.003555,16.11477530291063,16.62337125821706,17.14801893257584,0.21520752129497553,0.22737013274854592,0.24022012313980576
0.00352,16.11477530291063,16.62337125821706,17.14801893257584,0.24022012313980576,0.25379634019531294,0.26813982714948303
0.003557,16.11477530291063,16.62337125821706,17.14801893257584,0.26813982714948303,0.28329394682533116,0.2993045127277292
0.003532,16.11477530291063,16.62337125821706,17.14801893257584,0.2993045127277292,0.31621992754549455,0.3340913294810264
0.003443,16.11477530291063,16.62337125821706,17.14801893257584,0.3340913294810264,0.3529727468498688,0.37292126141758264
0.003391,16.11477530291063,16.62337125821706,17.14801893257584,0.37292126141758264,0.3939971809677202,0.41626422162260607
0.00342,16.11477530291063,16.62337125821706,17.14801893257584,0.41626422162260607,0.4397897004681118,0.46464473906476067
0.003383,16.11477530291063,16.62337125821706,17.14801893257584,0.46464473906476067,0.4909044784604127,0.5186483063545496
0.003237,16.11477530291063,16.62337125821706,17.14801893257584,0.5186483063545496,0.547960097100917,0.5789284652740918
0.003094,16.11477530291063,16.62337125821706,17.14801893257584,0.5789284652740918,0.6116470335665513,0.6462147158261423
0.002904,16.11477530291063,16.62337125821706,17.14801893257584,0.6462147158261423,0.6827360160896209,0.7213213445162929
0.002847,16.11477530291063,16.62337125821706,17.14801893257584,0.7213213445162929,0.7620873511768764,0.805157278706688
0.002592,16.11477530291063,16.62337125821706,17.14801893257584,0.805157278706688,0.8506613348892827,0.8987370862969332
0.002522,16.11477530291063,16.62337125821706,17.14801893257584,0.8987370862969332,0.9495298741779894,1.0031932538484196
0.002515,16.11477530291063,16.62337125821706,17.14801893257584,1.0031932538484196,1.0598894589158872,1.1197898917397926
0.002406,16.11477530291063,16.62337125821706,17.14801893257584,1.1197898917397926,1.183075641610026,1.249938032210973
0.002304,16.11477530291063,16.62337125821706,17.14801893257584,1.249938032210973,1.3205792000258516,1.3952127054299968
0.00212,16.11477530291063,16.62337125821706,17.14801893257584,1.3952127054299968,1.4740641783205308,1.5573720002342704
0.002108,16.11477530291063,16.62337125821706,17.14801893257584,1.5573720002342704,1.6453880250160273,1.7383783402160131
0.001919,16.11477530291063,16.62337125821706,17.14801893257584,1.7383783402160131,1.8366240715181728,1.9404222326313807
0.003323,16.11477530291063,16.62337125821706,17.14801893257584,1.9404222326313807,2.050086623212864,2.1659487775384263
0.004319,16.11477530291063,16.62337125821706,17.14801893257584,2.1659487775384263,2.2883589667874706,2.417687257972894
0.004161,16.11477530291063,16.62337125821706,17.14801893257584,2.417687257972894,2.5543246327171887,2.6986841692569943
0.003969,16.11477530291063,16.62337125821706,17.14801893257584,2.6986841692569943,2.851202291249511,3.0123400871561223
0.003748,16.11477530291063,16.62337125821706,17.14801893257584,3.0123400871561223,3.1825847041919566,3.3624508210555346
0.003561,16.11477530291063,16.62337125821706,17.14801893257584,3.3624508210555346,3.552482203890815,3.7532533501855805
0.003533,16.11477530291063,16.62337125821706,17.14801893257584,3.7532533501855805,3.9653712255759532,4.189477098807692
0.003351,16.11477530291063,16.62337125821706,17.14801893257584,4.189477098807692,4.42624848040168,4.676401170884524
0.003355,16.11477530291063,16.62337125821706,17.14801893257584,4.676401170884524,4.940691424776398,5.219918236878273
0.00309,16.11477530291063,16.62337125821706,17.14801893257584,5.219918236878273,5.514925757770336,5.82660584582409
0.003016,16.11477530291063,16.62337125821706,17.14801893257584,5.82660584582409,6.155900763443285,6.5038060256849075
0.002992,16.11477530291063,16.62337125821706,17.14801893257584,6.5038060256849075,6.871373409872062,7.25971413529735
0.002847,16.11477530291063,16.62337125821706,17.14801893257584,7.25971413529735,7.670002222629526,8.103478043179491
0.002738,16.11477530291063,16.62337125821706,17.14801893257584,8.103478043179491,8.561452068755672,9.045308833445212
0.002672,16.11477530291063,16.62337125821706,17.14801893257584,9.045308833445212,9.556511119298175,10.096604378568765
0.002623,16.11477530291063,16.62337125821706,17.14801893257584,10.096604378568765,10.66722140588275,11.27008727445586
0.005734,16.11477530291063,16.62337125821706,17.14801893257584,11.27008727445586,11.907024551286224,12.579958807087245
0.005983,16.11477530291063,16.62337125821706,17.14801893257584,12.579958807087245,13.290924437618376,14.042070814012659
0.00589,16.11477530291063,16.62337125821706,17.14801893257584,14.042070814012659,14.835668780694615,15.67411752053271
0.00545,16.11477530291063,16.62337125821706,17.14801893257584,15.67411752053271,16.55995180798096,17.49584967213718
0.005383,16.11477530291063,16.62337125821706,17.14801893257584,17.49584967213718,18.484640492884626,19.529313554592992
0.005091,16.11477530291063,16.62337125821706,17.14801893257584,19.529313554592992,20.63302708323817,21.799117794261466
0.004951,16.11477530291063,16.62337125821706,17.14801893257584,21.799117794261466,23.03111098003311,24.332731167416135
0.004597,16.11477530291063,16.62337125821706,17.14801893257584,24.332731167416135,25.707913377650407,27.160815022597262
0.004604,16.11477530291063,16.62337125821706,17.14801893257584,27.160815022597262,28.695828473309135,30.317594338921154
0.004459,16.11477530291063,16.62337125821706,17.14801893257584,30.317594338921154,32.03101549600908,33.84127191082679
0.004155,16.11477530291063,16.62337125821706,17.14801893257584,33.84127191082679,35.75383629923332,37.77449067165226
0.004089,16.11477530291063,16.62337125821706,17.14801893257584,37.77449067165226,39.909343813081726,42.1648497509999
0.003959,16.11477530291063,16.62337125821706,17.14801893257584,42.1648497509999,44.547827266997885,47.06548051112691
0.003857,16.11477530291063,16.62337125821706,17.14801893257584,47.06548051112691,49.72542078128044,52.535689533454075
0.003713,16.11477530291063,16.62337125821706,17.14801893257584,52.535689533454075,55.504782692447314,58.641676336502556
0.003541,16.11477530291063,16.62337125821706,17.14801893257584,58.641676336502556,61.955853833530256,65.45733451095779
0.002762,16.11477530291063,16.62337125821706,17.14801893257584,65.45733451095779,69.15670394587609,73.06514596705614
2.9e-05,16.11477530291063,16.62337125821706,17.14801893257584,73.06514596705614,77.19447646558302,81.55717911632256
3.2e-05,16.11477530291063,16.62337125821706,17.14801893257584,81.55717911632256,86.16644311821332,91.03620306747894
3.6e-05,16.11477530291063,16.62337125821706,17.14801893257584,91.03620306747894,96.18118108430411,101.61693132033079
2.5e-05,16.11477530291063,16.62337125821706,17.14801893257584,101.61693132033079,107.35988698152859,113.42741000859688
3.4e-05,16.11477530291063,16.62337125821706,17.14801893257584,113.42741000859688,119.83784356509167,126.61056749195744
1.7e-05,16.11477530291063,16.62337125821706,17.14801893257584,126.61056749195744,133.76605689611287,141.32594405021308
1.9e-05,16.11477530291063,16.62337125821706,17.14801893257584,141.32594405021308,149.31308379072314,157.7516226120118
1.9e-05,16.11477530291063,16.62337125821706,17.14801893257584,157.7516226120118,166.66707166534817,176.08638388349098
2e-05,16.11477530291063,16.62337125821706,17.14801893257584,176.08638388349098,186.0380354640305,196.55211195782155
2.1e-05,16.11477530291063,16.62337125821706,17.14801893257584,196.55211195782155,207.66039922276806,219.39647951792662
1.5e-05,16.11477530291063,16.62337125821706,17.14801893257584,219.39647951792662,231.79583302844003,244.8959451282275
2.3e-05,16.11477530291063,16.62337125821706,17.14801893257584,244.8959451282275,258.73641970470345,273.35909888812694
1.9e-05,16.11477530291063,16.62337125821706,17.14801893257584,273.35909888812694,288.8081895475435,305.13039693573796
1.3e-05,16.11477530291063,16.62337125821706,17.14801893257584,305.13039693573796,322.37506588723016,340.5943299961796
1.9e-05,16.11477530291063,16.62337125821706,17.14801893257584,340.5943299961796,359.843269225189,380.18007642148444
1.3e-05,16.11477530291063,16.62337125821706,17.14801893257584,380.18007642148444,401.66623324388144,424.3666960323934
1e-05,16.11477530291063,16.62337125821706,17.14801893257584,424.3666960323934,448.35009218239543,473.6889276170203
1.5e-05,16.11477530291063,16.62337125821706,17.14801893257584,473.6889276170203,500.45980598500944,528.7436602466912
9e-06,16.11477530291063,16.62337125821706,17.14801893257584,528.7436602466912,558.6259973482117,590.1971567237096
1.7e-05,16.11477530291063,16.62337125821706,17.14801893257584,590.1971567237096,623.5525834069318,658.7931165779523
1.6e-05,16.11477530291063,16.62337125821706,17.14801893257584,658.7931165779523,696.0252944173212,735.3616761892738
9e-06,16.11477530291063,16.62337125821706,17.14801893257584,735.3616761892738,776.9211825277038,820.8294549536521
1.1e-05,16.11477530291063,16.62337125821706,17.14801893257584,820.8294549536521,867.2192357111913,916.2307690700113
8e-06,16.11477530291063,16.62337125821706,17.14801893257584,916.2307690700113,968.0122253079195,1022.7201486550255
1.1e-05,16.11477530291063,16.62337125821706,17.14801893257584,1022.7201486550255,1080.5199305538154,1141.5863096658716
6e-06,16.11477530291063,16.62337125821706,17.14801893257584,1141.5863096658716,1206.1039001368388,1274.2677497166753
8e-06,16.11477530291063,16.62337125821706,17.14801893257584,1274.2677497166753,1346.2839294224782,1422.370156526539
1.1e-05,16.11477530291063,16.62337125821706,17.14801893257584,1422.370156526539,1502.7564527530292,1587.68583967315
6e-06,16.11477530291063,16.62337125821706,17.14801893257584,1587.68583967315,1677.4150734010555,1772.2154208116622
1.2e-05,16.11477530291063,16.62337125821706,17.14801893257584,1772.2154208116622,1872.373479626966,1978.1920448501505
7e-06,16.11477530291063,16.62337125821706,17.14801893257584,1978.1920448501505,2089.991024166855,2208.1084050810155
8e-06,16.11477530291063,16.62337125821706,17.14801893257584,2208.1084050810155,2332.9012767091076,2464.7469093218283
6e-06,16.11477530291063,16.62337125821706,17.14801893257584,2464.7469093218283,2604.0438948968845,2751.213352130962
6e-06,16.11477530291063,16.62337125821706,17.14801893257584,2751.213352130962,2906.7001995538217,3070.9745005933823
7e-06,16.11477530291063,16.62337125821706,17.14801893257584,3070.9745005933823,3244.5328846581474,3427.9000485331494
6e-06,16.11477530291063,16.62337125821706,17.14801893257584,3427.9000485331494,3621.630342628391,3826.309446875285
3e-06,16.11477530291063,16.62337125821706,17.14801893257584,3826.309446875285,4042.556141337618,4271.024176889881
4e-06,16.11477530291063,16.62337125821706,17.14801893257584,4271.024176889881,4512.404251618383,4767.426098920123
0.003904,17.14801893257584,17.689224931833618,18.247511850746562,0.07999999999999999,0.08452125887808527,0.08929804002920383
0.003872,17.14801893257584,17.689224931833618,18.247511850746562,0.08929804002920383,0.09434478448267444,0.09967674941321612
0.003763,17.14801893257584,17.689224931833618,18.247511850746562,0.09967674941321612,0.10531005426600588,0.11126172948852864
0.003733,17.14801893257584,17.689224931833618,18.247511850746562,0.11126172948852864,0.11754976801654278,0.12419317966981348
0.003806,17.14801893257584,17.689224931833618,18.247511850746562,0.12419317966981348,0.13121204862206076,0.13862759411886386
0.003791,17.14801893257584,17.689224931833618,18.247511850746562,0.13862759411886386,0.14646223462708277,0.15473965560973155
0.003837,17.14801893257584,17.689224931833618,18.247511850746562,0.15473965560973155,0.1634848811311985,0.1727243495092878
0.003724,17.14801893257584,17.689224931833618,18.247511850746562,0.1727243495092878,0.1824859932427924,0.1927993234562322
0.003678,17.14801893257584,17.689224931833618,18.247511850746562,0.1927993234562322,0.20369551911704872,0.21520752129497553
0.00351,17.14801893257584,17.689224931833618,18.247511850746562,0.21520752129497553,0.22737013274854592,0.24022012313980576
0.003687,17.14801893257584,17.689224931833618,18.247511850746562,0.24022012313980576,0.25379634019531294,0.26813982714948303
0.003752,17.14801893257584,17.689224931833618,18.247511850746562,0.26813982714948303,0.28329394682533116,0.2993045127277292
0.003634,17.14801893257584,17.689224931833618,18.247511850746562,0.2993045127277292,0.31621992754549455,0.3340913294810264
0.003565,17.14801893257584,17.689224931833618,18.247511850746562,0.3340913294810264,0.3529727468498688,0.37292126141758264
0.003491,17.14801893257584,17.689224931833618,18.247511850746562,0.37292126141758264,0.3939971809677202,0.41626422162260607
0.003404,17.14801893257584,17.689224931833618,18.247511850746562,0.41626422162260607,0.4397897004681118,0.46464473906476067
0.003333,17.14801893257584,17.689224931833618,18.247511850746562,0.46464473906476067,0.4909044784604127,0.5186483063545496
0.003068,17.14801893257584,17.689224931833618,18.247511850746562,0.5186483063545496,0.547960097100917,0.5789284652740918
0.002939,17.14801893257584,17.689224931833618,18.247511850746562,0.5789284652740918,0.6116470335665513,0.6462147158261423
0.00283,17.14801893257584,17.689224931833618,18.247511850746562,0.6462147158261423,0.6827360160896209,0.7213213445162929
0.002757,17.14801893257584,17.689224931833618,18.247511850746562,0.7213213445162929,0.7620873511768764,0.805157278706688
0.002639,17.14801893257584,17.689224931833618,18.247511850746562,0.805157278706688,0.8506613348892827,0.8987370862969332
0.002455,17.14801893257584,17.689224931833618,18.247511850746562,0.8987370862969332,0.9495298741779894,1.0031932538484196
0.002376,17.14801893257584,17.689224931833618,18.247511850746562,1.0031932538484196,1.0598894589158872,1.1197898917397926
0.002321,17.14801893257584,17.689224931833618,18.247511850746562,1.1197898917397926,1.183075641610026,1.249938032210973
0.002159,17.14801893257584,17.689224931833618,18.247511850746562,1.249938032210973,1.3205792000258516,1.3952127054299968
0.002062,17.14801893257584,17.689224931833618,18.247511850746562,1.3952127054299968,1.4740641783205308,1.5573720002342704
0.002,17.14801893257584,17.689224931833618,18.247511850746562,1.5573720002342704,1.6453880250160273,1.7383783402160131
0.001934,17.14801893257584,17.689224931833618,18.247511850746562,1.7383783402160131,1.8366240715181728,1.9404222326313807
0.003127,17.14801893257584,17.689224931833618,18.247511850746562,1.9404222326313807,2.050086623212864,2.1659487775384263
0.004113,17.14801893257584,17.689224931833618,18.247511850746562,2.1659487775384263,2.2883589667874706,2.417687257972894
0.003812,17.14801893257584,17.689224931833618,18.247511850746562,2.417687257972894,2.5543246327171887,2.6986841692569943
0.003753,17.14801893257584,17.689224931833618,18.247511850746562,2.6986841692569943,2.851202291249511,3.0123400871561223
0.003573,17.14801893257584,17.689224931833618,18.247511850746562,3.0123400871561223,3.1825847041919566,3.3624508210555346
0.003539,17.14801893257584,17.689224931833618,18.247511850746562,3.3624508210555346,3.552482203890815,3.7532533501855805
0.003357,17.14801893257584,17.689224931833618,18.247511850746562,3.7532533501855805,3.9653712255759532,4.189477098807692
0.003276,17.14801893257584,17.689224931833618,18.247511850746562,4.189477098807692,4.42624848040168,4.676401170884524
0.003169,17.14801893257584,17.689224931833618,18.247511850746562,4.676401170884524,4.940691424776398,5.219918236878273
0.003038,17.14801893257584,17.689224931833618,18.247511850746562,5.219918236878273,5.514925757770336,5.82660584582409
0.002924,17.14801893257584,17.689224931833618,18.247511850746562,5.82660584582409,6.155900763443285,6.5038060256849075
0.002929,17.14801893257584,17.689224931833618,18.247511850746562,6.5038060256849075,6.871373409872062,7.25971413529735
0.002783,17.14801893257584,17.689224931833618,18.247511850746562,7.25971413529735,7.670002222629526,8.103478043179491
0.002677,17.14801893257584,17.689224931833618,18.247511850746562,8.103478043179491,8.561452068755672,9.045308833445212
0.002654,17.14801893257584,17.689224931833618,18.247511850746562,9.045308833445212,9.556511119298175,10.096604378568765
0.00259,17.14801893257584,17.689224931833618,18.247511850746562,10.096604378568765,10.66722140588275,11.27008727445586
0.005825,17.14801893257584,17.689224931833618,18.247511850746562,11.27008727445586,11.907024551286224,12.579958807087245
0.006184,17.14801893257584,17.689224931833618,18.247511850746562,12.579958807087245,13.290924437618376,14.042070814012659
0.005721,17.14801893257584,17.689224931833618,18.247511850746562,14.042070814012659,14.835668780694615,15.67411752053271
0.005567,17.14801893257584,17.689224931833618,18.247511850746562,15.67411752053271,16.55995180798096,17.49584967213718
0.00531,17.14801893257584,17.689224931833618,18.247511850746562,17.49584967213718,18.484640492884626,19.529313554592992
0.005079,17.14801893257584,17.689224931833618,18.247511850746562,19.529313554592992,20.63302708323817,21.799117794261466
0.005004,17.14801893257584,17.689224931833618,18.247511850746562,21.799117794261466,23.03111098003311,24.332731167416135
0.004775,17.14801893257584,17.689224931833618,18.247511850746562,24.332731167416135,25.707913377650407,27.160815022597262
0.004676,17.14801893257584,17.689224931833618,18.247511850746562,27.160815022597262,28.695828473309135,30.317594338921154
0.004458,17.14801893257584,17.689224931833618,18.247511850746562,30.317594338921154,32.03101549600908,33.84127191082679
0.004364,17.14801893257584,17.689224931833618,18.247511850746562,33.84127191082679,35.75383629923332,37.77449067165226
0.004315,17.14801893257584,17.689224931833618,18.247511850746562,37.77449067165226,39.909343813081726,42.1648497509999
0.004074,17.14801893257584,17.689224931833618,18.247511850746562,42.1648497509999,44.547827266997885,47.06548051112691
0.004018,17.14801893257584,17.689224931833618,18.247511850746562,47.06548051112691,49.72542078128044,52.535689533454075
0.003874,17.14801893257584,17.689224931833618,18.247511850746562,52.535689533454075,55.504782692447314,58.641676336502556
0.003818,17.14801893257584,17.689224931833618,18.247511850746562,58.641676336502556,61.955853833530256,65.45733451095779
0.003108,17.14801893257584,17.689224931833618,18.247511850746562,65.45733451095779,69.15670394587609,73.06514596705614
3.1e-05,17.14801893257584,17.689224931833618,18.247511850746562,73.06514596705614,77.19447646558302,81.55717911632256
1.9e-05,17.14801893257584,17.689224931833618,18.247511850746562,81.55717911632256,86.16644311821332,91.03620306747894
2.9e-05,17.14801893257584,17.689224931833618,18.247511850746562,91.03620306747894,96.18118108430411,101.61693132033079
1.3e-05,17.14801893257584,17.689224931833618,18.247511850746562,101.61693132033079,107.35988698152859,113.42741000859688
1.4e-05,17.14801893257584,17.689224931833618,18.247511850746562,113.42741000859688,119.83784356509167,126.61056749195744
2.2e-05,17.14801893257584,17.689224931833618,18.247511850746562,126.61056749195744,133.76605689611287,141.32594405021308
2e-05,17.14801893257584,17.689224931833618,18.247511850746562,141.32594405021308,149.31308379072314,157.7516226120118
2.2e-05,17.14801893257584,17.689224931833618,18.247511850746562,157.7516226120118,166.66707166534817,176.08638388349098
2.3e-05,17.14801893257584,17.689224931833618,18.247511850746562,176.08638388349098,186.0380354640305,196.55211195782155
1.3e-05,17.14801893257584,17.689224931833618,18.247511850746562,196.55211195782155,207.66039922276806,219.39647951792662
2.8e-05,17.14801893257584,17.689224931833618,18.247511850746562,219.39647951792662,231.79583302844003,244.8959451282275
2.1e-05,17.14801893257584,17.689224931833618,18.247511850746562,244.8959451282275,258.73641970470345,273.35909888812694
1.1e-05,17.14801893257584,17.689224931833618,18.247511850746562,273.35909888812694,288.8081895475435,305.13039693573796
1.7e-05,17.14801893257584,17.689224931833618,18.247511850746562,305.13039693573796,322.37506588723016,340.5943299961796
2.1e-05,17.14801893257584,17.689224931833618,18.247511850746562,340.5943299961796,359.843269225189,380.18007642148444
9e-06,17.14801893257584,17.689224931833618,18.247511850746562,380.18007642148444,401.66623324388144,424.3666960323934
1.2e-05,17.14801893257584,17.689224931833618,18.247511850746562,424.3666960323934,448.35009218239543,473.6889276170203
1.5e-05,17.14801893257584,17.689224931833618,18.247511850746562,473.6889276170203,500.45980598500944,528.7436602466912
1.4e-05,17.14801893257584,17.689224931833618,18.247511850746562,528.7436602466912,558.6259973482117,590.1971567237096
1.2e-05,17.14801893257584,17.689224931833618,18.247511850746562,590.1971567237096,623.5525834069318,658.7931165779523
8e-06,17.14801893257584,17.689224931833618,18.247511850746562,658.7931165779523,696.0252944173212,735.3616761892738
1.3e-05,17.14801893257584,17.689224931833618,18.247511850746562,735.3616761892738,776.9211825277038,820.8294549536521
5e-06,17.14801893257584,17.689224931833618,18.247511850746562,820.8294549536521,867.2192357111913,916.2307690700113
6e-06,17.14801893257584,17.689224931833618,18.247511850746562,916.2307690700113,968.0122253079195,1022.7201486550255
8e-06,17.14801893257584,17.689224931833618,18.247511850746562,1022.7201486550255,1080.5199305538154,1141.5863096658716
6e-06,17.14801893257584,17.689224931833618,18.247511850746562,1141.5863096658716,1206.1039001368388,1274.2677497166753
3e-06,17.14801893257584,17.689224931833618,18.247511850746562,1274.2677497166753,1346.2839294224782,1422.370156526539
9e-06,17.14801893257584,17.689224931833618,18.247511850746562,1422.370156526539,1502.7564527530292,1587.68583967315
5e-06,17.14801893257584,17.689224931833618,18.247511850746562,1587.68583967315,1677.4150734010555,1772.2154208116622
7e-06,17.14801893257584,17.689224931833618,18.247511850746562,1772.2154208116622,1872.373479626966,1978.1920448501505
9e-06,17.14801893257584,17.689224931833618,18.247511850746562,1978.1920448501505,2089.991024166855,2208.1084050810155
5e-06,17.14801893257584,17.689224931833618,18.247511850746562,2208.1084050810155,2332.9012767091076,2464.7469093218283
7e-06,17.14801893257584,17.689224931833618,18.247511850746562,2464.7469093218283,2604.0438948968845,2751.213352130962
4e-06,17.14801893257584,17.689224931833618,18.247511850746562,2751.213352130962,2906.7001995538217,3070.9745005933823
5e-06,17.14801893257584,17.689224931833618,18.247511850746562,3070.9745005933823,3244.5328846581474,3427.9000485331494
8e-06,17.14801893257584,17.689224931833618,18.247511850746562,3427.9000485331494,3621.630342628391,3826.309446875285
3e-06,17.14801893257584,17.689224931833618,18.247511850746562,3826.309446875285,4042.556141337618,4271.024176889881
8e-06,17.14801893257584,17.689224931833618,18.247511850746562,4271.024176889881,4512.404251618383,4767.426098920123
0.003889,18.247511850746562,18.823418777603905,19.417501814777825,0.07999999999999999,0.08452125887808527,0.08929804002920383
0.00396,18.247511850746562,18.823418777603905,19.417501814777825,0.08929804002920383,0.09434478448267444,0.09967674941321612
0.003892,18.247511850746562,18.823418777603905,19.417501814777825,0.09967674941321612,0.10531005426600588,0.11126172948852864
0.003868,18.247511850746562,18.823418777603905,19.417501814777825,0.11126172948852864,0.11754976801654278,0.12419317966981348
0.003908,18.247511850746562,18.823418777603905,19.417501814777825,0.12419317966981348,0.13121204862206076,0.13862759411886386
0.003886,18.247511850746562,18.823418777603905,19.417501814777825,0.13862759411886386,0.14646223462708277,0.15473965560973155
0.003837,18.247511850746562,18.823418777603905,19.417501814777825,0.15473965560973155,0.1634848811311985,0.1727243495092878
0.00383,18.247511850746562,18.823418777603905,19.417501814777825,0.1727243495092878,0.1824859932427924,0.1927993234562322
0.003826,18.247511850746562,18.823418777603905,19.417501814777825,0.1927993234562322,0.20369551911704872,0.21520752129497553
0.003704,18.247511850746562,18.823418777603905,19.417501814777825,0.21520752129497553,0.22737013274854592,0.24022012313980576
0.003786,18.247511850746562,18.823418777603905,19.417501814777825,0.24022012313980576,0.25379634019531294,0.26813982714948303
0.003772,18.247511850746562,18.823418777603905,19.417501814777825,0.26813982714948303,0.28329394682533116,0.2993045127277292
0.003627,18.247511850746562,18.823418777603905,19.417501814777825,0.2993045127277292,0.31621992754549455,0.3340913294810264
0.003552,18.247511850746562,18.823418777603905,19.417501814777825,0.3340913294810264,0.3529727468498688,0.37292126141758264
0.003451,18.247511850746562,18.823418777603905,19.417501814777825,0.37292126141758264,0.3939971809677202,0.41626422162260607
0.003274,18.247511850746562,18.823418777603905,19.417501814777825,0.41626422162260607,0.4397897004681118,0.46464473906476067
0.003123,18.247511850746562,18.823418777603905,19.417501814777825,0.46464473906476067,0.4909044784604127,0.5186483063545496
0.003073,18.247511850746562,18.823418777603905,19.417501814777825,0.5186483063545496,0.547960097100917,0.5789284652740918
0.002823,18.247511850746562,18.823418777603905,19.417501814777825,0.5789284652740918,0.6116470335665513,0.6462147158261423
0.00285,18.247511850746562,18.823418777603905,19.417501814777825,0.6462147158261423,0.6827360160896209,0.7213213445162929
0.002734,18.247511850746562,18.823418777603905,19.417501814777825,0.7213213445162929,0.7620873511768764,0.805157278706688
0.002501,18.247511850746562,18.823418777603905,19.417501814777825,0.805157278706688,0.8506613348892827,0.8987370862969332
0.002476,18.247511850746562,18.823418777603905,19.417501814777825,0.8987370862969332,0.9495298741779894,1.0031932538484196
0.002331,18.247511850746562,18.823418777603905,19.417501814777825,1.0031932538484196,1.0598894589158872,1.1197898917397926
0.002293,18.247511850746562,18.823418777603905,19.417501814777825,1.1197898917397926,1.183075641610026,1.249938032210973
0.002143,18.247511850746562,18.823418777603905,19.417501814777825,1.249938032210973,1.3205792000258516,1.3952127054299968
0.002148,18.247511850746562,18.823418777603905,19.417501814777825,1.3952127054299968,1.4740641783205308,1.5573720002342704
0.001959,18.247511850746562,18.823418777603905,19.417501814777825,1.5573720002342704,1.6453880250160273,1.7383783402160131
0.001846,18.247511850746562,18.823418777603905,19.417501814777825,1.7383783402160131,1.8366240715181728,1.9404222326313807
0.003158,18.247511850746562,18.823418777603905,19.417501814777825,1.9404222326313807,2.050086623212864,2.1659487775384263
0.004045,18.247511850746562,18.823418777603905,19.417501814777825,2.1659487775384263,2.2883589667874706,2.417687257972894
0.003737,18.247511850746562,18.823418777603905,19.417501814777825,2.417687257972894,2.5543246327171887,2.6986841692569943
0.003842,18.247511850746562,18.823418777603905,19.417501814777825,2.6986841692569943,2.851202291249511,3.0123400871561223
0.003644,18.247511850746562,18.823418777603905,19.417501814777825,3.0123400871561223,3.1825847041919566,3.3624508210555346
0.003422,18.247511850746562,18.823418777603905,19.417501814777825,3.3624508210555346,3.552482203890815,3.7532533501855805
0.003382,18.247511850746562,18.823418777603905,19.417501814777825,3.7532533501855805,3.9653712255759532,4.189477098807692
0.003106,18.247511850746562,18.823418777603905,19.417501814777825,4.189477098807692,4.42624848040168,4.676401170884524
0.003137,18.247511850746562,18.823418777603905,19.417501814777825,4.676401170884524,4.940691424776398,5.219918236878273
0.003067,18.247511850746562,18.823418777603905,19.417501814777825,5.219918236878273,5.514925757770336,5.82660584582409
0.002897,18.247511850746562,18.823418777603905,19.417501814777825,5.82660584582409,6.155900763443285,6.5038060256849075
0.002843,18.247511850746562,18.823418777603905,19.417501814777825,6.5038060256849075,6.871373409872062,7.25971413529735
0.002772,18.247511850746562,18.823418777603905,19.417501814777825,7.25971413529735,7.670002222629526,8.103478043179491
0.002585,18.247511850746562,18.823418777603905,19.417501814777825,8.103478043179491,8.561452068755672,9.045308833445212
0.002578,18.247511850746562,18.823418777603905,19.417501814777825,9.045308833445212,9.556511119298175,10.096604378568765
0.002541,18.247511850746562,18.823418777603905,19.417501814777825,10.096604378568765,10.66722140588275,11.27008727445586
0.005753,18.247511850746562,18.823418777603905,19.417501814777825,11.27008727445586,11.907024551286224,12.579958807087245
0.006017,18.247511850746562,18.823418777603905,19.417501814777825,12.579958807087245,13.290924437618376,14.042070814012659
0.005911,18.247511850746562,18.823418777603905,19.417501814777825,14.042070814012659,14.835668780694615,15.67411752053271
0.00558,18.247511850746562,18.823418777603905,19.417501814777825,15.67411752053271,16.55995180798096,17.49584967213718
0.005407,18.247511850746562,18.823418777603905,19.417501814777825,17.49584967213718,18.484640492884626,19.529313554592992
0.005265,18.247511850746562,18.823418777603905,19.417501814777825,19.529313554592992,20.63302708323817,21.799117794261466
0.00496,18.247511850746562,18.823418777603905,19.417501814777825,21.799117794261466,23.03111098003311,24.332731167416135
0.004929,18.247511850746562,18.823418777603905,19.417501814777825,24.332731167416135,25.707913377650407,27.160815022597262
0.004819,18.247511850746562,18.823418777603905,19.417501814777825,27.160815022597262,28.695828473309135,30.317594338921154
0.004662,18.247511850746562,18.823418777603905,19.417501814777825,30.317594338921154,32.03101549600908,33.84127191082679
0.004406,18.247511850746562,18.823418777603905,19.417501814777825,33.84127191082679,35.75383629923332,37.77449067165226
0.004369,18.247511850746562,18.823418777603905,19.417501814777825,37.77449067165226,39.909343813081726,42.1648497509999
0.00429,18.247511850746562,18.823418777603905,19.417501814777825,42.1648497509999,44.547827266997885,47.06548051112691
0.004261,18.247511850746562,18.823418777603905,19.417501814777825,47.06548051112691,49.72542078128044,52.535689533454075
0.004066,18.247511850746562,18.823418777603905,19.417501814777825,52.535689533454075,55.504782692447314,58.641676336502556
0.00396,18.247511850746562,18.823418777603905,19.417501814777825,58.641676336502556,61.955853833530256,65.45733451095779
0.003149,18.247511850746562,18.823418777603905,19.417501814777825,65.45733451095779,69.15670394587609,73.06514596705614
2.7e-05,18.247511850746562,18.823418777603905,19.417501814777825,73.06514596705614,77.19447646558302,81.55717911632256
2.6e-05,18.247511850746562,18.823418777603905,19.417501814777825,81.55717911632256,86.16644311821332,91.03620306747894
2.4e-05,18.247511850746562,18.823418777603905,19.417501814777825,91.03620306747894,96.18118108430411,101.61693132033079
1.5e-05,18.247511850746562,18.823418777603905,19.417501814777825,101.61693132033079,107.35988698152859,113.42741000859688
2.4e-05,18.247511850746562,18.823418777603905,19.417501814777825,113.42741000859688,119.83784356509167,126.61056749195744
2.2e-05,18.247511850746562,18.823418777603905,19.417501814777825,126.61056749195744,133.76605689611287,141.32594405021308
1.3e-05,18.247511850746562,18.823418777603905,19.417501814777825,141.32594405021308,149.31308379072314,157.7516226120118
2.5e-05,18.247511850746562,18.823418777603905,19.417501814777825,157.7516226120118,166.66707166534817,176.08638388349098
1.8e-05,18.247511850746562,18.823418777603905,19.417501814777825,176.08638388349098,186.0380354640305,196.55211195782155
2e-05,18.247511850746562,18.823418777603905,19.417501814777825,196.55211195782155,207.66039922276806,219.39647951792662
1.1e-05,18.247511850746562,18.823418777603905,19.417501814777825,219.39647951792662,231.79583302844003,244.8959451282275
1.3e-05,18.247511850746562,18.823418777603905,19.417501814777825,244.8959451282275,258.73641970470345,273.35909888812694
1.2e-05,18.247511850746562,18.823418777603905,19.417501814777825,273.35909888812694,288.8081895475435,305.13039693573796
1.4e-05,18.247511850746562,18.823418777603905,19.417501814777825,305.13039693573796,322.37506588723016,340.5943299961796
1e-05,18.247511850746562,18.823418777603905,19.417501814777825,340.5943299961796,359.843269225189,380.18007642148444
1.2e-05,18.247511850746562,18.823418777603905,19.417501814777825,380.18007642148444,401.66623324388144,424.3666960323934
1.3e-05,18.247511850746562,18.823418777603905,19.417501814777825,424.3666960323934,448.35009218239543,473.6889276170203
1e-05,18.247511850746562,18.823418777603905,19.417501814777825,473.6889276170203,500.45980598500944,528.7436602466912
1e-05,18.247511850746562,18.823418777603905,19.417501814777825,528.7436602466912,558.6259973482117,590.1971567237096
1.1e-05,18.247511850746562,18.823418777603905,19.417501814777825,590.1971567237096,623.5525834069318,658.7931165779523
1e-05,18.247511850746562,18.823418777603905,19.417501814777825,658.7931165779523,696.0252944173212,735.3616761892738
1.2e-05,18.247511850746562,18.823418777603905,19.417501814777825,735.3616761892738,776.9211825277038,820.8294549536521
1e-05,18.247511850746562,18.823418777603905,19.417501814777825,820.8294549536521,867.2192357111913,916.2307690700113
6e-06,18.247511850746562,18.823418777603905,19.417501814777825,916.2307690700113,968.0122253079195,1022.7201486550255
3e-06,18.247511850746562,18.823418777603905,19.417501814777825,1022.7201486550255,1080.5199305538154,1141.5863096658716
3e-06,18.247511850746562,18.823418777603905,19.417501814777825,1141.5863096658716,1206.1039001368388,1274.2677497166753
4e-06,18.247511850746562,18.823418777603905,19.417501814777825,1274.2677497166753,1346.2839294224782,1422.370156526539
9e-06,18.247511850746562,18.823418777603905,19.417501814777825,1422.370156526539,1502.7564527530292,1587.68583967315
5e-06,18.247511850746562,18.823418777603905,19.417501814777825,1587.68583967315,1677.4150734010555,1772.2154208116622
6e-06,18.247511850746562,18.823418777603905,19.417501814777825,1772.2154208116622,1872.373479626966,1978.1920448501505
3e-06,18.247511850746562,18.823418777603905,19.417501814777825,1978.1920448501505,2089.991024166855,2208.1084050810155
5e-06,18.247511850746562,18.823418777603905,19.417501814777825,2208.1084050810155,2332.9012767091076,2464.7469093218283
5e-06,18.247511850746562,18.823418777603905,19.417501814777825,2464.7469093218283,2604.0438948968845,2751.213352130962
3e-06,18.247511850746562,18.823418777603905,19.417501814777825,2751.213352130962,2906.7001995538217,3070.9745005933823
4e-06,18.247511850746562,18.823418777603905,19.417501814777825,3070.9745005933823,3244.5328846581474,3427.9000485331494
6e-06,18.247511850746562,18.823418777603905,19.417501814777825,3427.9000485331494,3621.630342628391,3826.309446875285
5e-06,18.247511850746562,18.823418777603905,19.417501814777825,3826.309446875285,4042.556141337618,4271.024176889881
5e-06,18.247511850746562,18.823418777603905,19.417501814777825,4271.024176889881,4512.404251618383,4767.426098920123
0.004086,19.417501814777825,20.0303346157023,20.662508938799476,0.07999999999999999,0.08452125887808527,0.08929804002920383
0.004005,19.417501814777825,20.0303346157023,20.662508938799476,0.08929804002920383,0.09434478448267444,0.09967674941321612
0.004012,19.417501814777825,20.0303346157023,20.662508938799476,0.09967674941321612,0.10531005426600588,0.11126172948852864
0.003954,19.417501814777825,20.0303346157023,20.662508938799476,0.11126172948852864,0.11754976801654278,0.12419317966981348
0.003822,19.417501814777825,20.0303346157023,20.662508938799476,0.12419317966981348,0.13121204862206076,0.13862759411886386
0.003821,19.417501814777825,20.0303346157023,20.662508938799476,0.13862759411886386,0.14646223462708277,0.15473965560973155
0.003934,19.417501814777825,20.0303346157023,20.662508938799476,0.15473965560973155,0.1634848811311985,0.1727243495092878
0.003807,19.417501814777825,20.0303346157023,20.662508938799476,0.1727243495092878,0.1824859932427924,0.1927993234562322
0.003818,19.417501814777825,20.0303346157023,20.662508938799476,0.1927993234562322,0.20369551911704872,0.21520752129497553
0.003855,19.417501814777825,20.0303346157023,20.662508938799476,0.21520752129497553,0.22737013274854592,0.24022012313980576
0.003913,19.417501814777825,20.0303346157023,20.662508938799476,0.24022012313980576,0.25379634019531294,0.26813982714948303
0.003754,19.417501814777825,20.0303346157023,20.662508938799476,0.26813982714948303,0.28329394682533116,0.2993045127277292
0.00361,19.417501814777825,20.0303346157023,20.662508938799476,0.2993045127277292,0.31621992754549455,0.3340913294810264
0.003494,19.417501814777825,20.0303346157023,20.662508938799476,0.3340913294810264,0.3529727468498688,0.37292126141758264
0.003294,19.417501814777825,20.0303346157023,20.662508938799476,0.37292126141758264,0.3939971809677202,0.41626422162260607
0.003231,19.417501814777825,20.0303346157023,20.662508938799476,0.41626422162260607,0.4397897004681118,0.46464473906476067
0.003075,19.417501814777825,20.0303346157023,20.662508938799476,0.46464473906476067,0.4909044784604127,0.5186483063545496
0.002877,19.417501814777825,20.0303346157023,20.662508938799476,0.5186483063545496,0.547960097100917,0.5789284652740918
0.002818,19.417501814777825,20.0303346157023,20.662508938799476,0.5789284652740918,0.6116470335665513,0.6462147158261423
0.002621,19.417501814777825,20.0303346157023,20.662508938799476,0.6462147158261423,0.6827360160896209,0.7213213445162929
0.002533,19.417501814777825,20.0303346157023,20.662508938799476,0.7213213445162929,0.7620873511768764,0.805157278706688
0.002397,19.417501814777825,20.0303346157023,20.662508938799476,0.805157278706688,0.8506613348892827,0.8987370862969332
0.002341,19.417501814777825,20.0303346157023,20.662508938799476,0.8987370862969332,0.9495298741779894,1.0031932538484196
0.002239,19.417501814777825,20.0303346157023,20.662508938799476,1.0031932538484196,1.0598894589158872,1.1197898917397926
0.002152,19.417501814777825,20.0303346157023,20.662508938799476,1.1197898917397926,1.183075641610026,1.249938032210973
0.002104,19.417501814777825,20.0303346157023,20.662508938799476,1.249938032210973,1.3205792000258516,1.3952127054299968
0.00205,19.417501814777825,20.0303346157023,20.662508938799476,1.3952127054299968,1.4740641783205308,1.5573720002342704
0.001819,19.417501814777825,20.0303346157023,20.662508938799476,1.5573720002342704,1.6453880250160273,1.7383783402160131
0.001873,19.417501814777825,20.0303346157023,20.662508938799476,1.7383783402160131,1.8366240715181728,1.9404222326313807
0.002946,19.417501814777825,20.0303346157023,20.662508938799476,1.9404222326313807,2.050086623212864,2.1659487775384263
0.003886,19.417501814777825,20.0303346157023,20.662508938799476,2.1659487775384263,2.2883589667874706,2.417687257972894
0.003689,19.417501814777825,20.0303346157023,20.662508938799476,2.417687257972894,2.5543246327171887,2.6986841692569943
0.003628,19.417501814777825,20.0303346157023,20.662508938799476,2.6986841692569943,2.851202291249511,3.0123400871561223
0.003608,19.417501814777825,20.0303346157023,20.662508938799476,3.0123400871561223,3.1825847041919566,3.3624508210555346
0.003391,19.417501814777825,20.0303346157023,20.662508938799476,3.3624508210555346,3.552482203890815,3.7532533501855805
0.00322,19.417501814777825,20.0303346157023,20.662508938799476,3.7532533501855805,3.9653712255759532,4.189477098807692
0.00305,19.417501814777825,20.0303346157023,20.662508938799476,4.189477098807692,4.42624848040168,4.676401170884524
0.00303,19.417501814777825,20.0303346157023,20.662508938799476,4.676401170884524,4.940691424776398,5.219918236878273
0.002938,19.417501814777825,20.0303346157023,20.662508938799476,5.219918236878273,5.514925757770336,5.82660584582409
0.002804,19.417501814777825,20.0303346157023,20.662508938799476,5.82660584582409,6.155900763443285,6.5038060256849075
0.00278,19.417501814777825,20.0303346157023,20.662508938799476,6.5038060256849075,6.871373409872062,7.25971413529735
0.002669,19.417501814777825,20.0303346157023,20.662508938799476,7.25971413529735,7.670002222629526,8.103478043179491
0.002561,19.417501814777825,20.0303346157023,20.662508938799476,8.103478043179491,8.561452068755672,9.045308833445212
0.002546,19.417501814777825,20.0303346157023,20.662508938799476,9.045308833445212,9.556511119298175,10.096604378568765
0.002475,19.417501814777825,20.0303346157023,20.662508938799476,10.096604378568765,10.66722140588275,11.27008727445586
0.0058,19.417501814777825,20.0303346157023,20.662508938799476,11.27008727445586,11.907024551286224,12.579958807087245
0.006082,19.417501814777825,20.0303346157023,20.662508938799476,12.579958807087245,13.290924437618376,14.042070814012659
0.005908,19.417501814777825,20.0303346157023,20.662508938799476,14.042070814012659,14.835668780694615,15.67411752053271
0.00562,19.417501814777825,20.0303346157023,20.662508938799476,15.67411752053271,16.55995180798096,17.49584967213718
0.005579,19.417501814777825,20.0303346157023,20.662508938799476,17.49584967213718,18.484640492884626,19.529313554592992
0.005336,19.417501814777825,20.0303346157023,20.662508938799476,19.529313554592992,20.63302708323817,21.799117794261466
0.005175,19.417501814777825,20.0303346157023,20.662508938799476,21.799117794261466,23.03111098003311,24.332731167416135
0.004995,19.417501814777825,20.0303346157023,20.662508938799476,24.332731167416135,25.707913377650407,27.160815022597262
0.004793,19.417501814777825,20.0303346157023,20.662508938799476,27.160815022597262,28.695828473309135,30.317594338921154
0.0047,19.417501814777825,20.0303346157023,20.662508938799476,30.317594338921154,32.03101549600908,33.84127191082679
0.004672,19.417501814777825,20.0303346157023,20.662508938799476,33.84127191082679,35.75383629923332,37.77449067165226
0.00448,19.417501814777825,20.0303346157023,20.662508938799476,37.77449067165226,39.909343813081726,42.1648497509999
0.004461,19.417501814777825,20.0303346157023,20.662508938799476,42.1648497509999,44.547827266997885,47.06548051112691
0.004389,19.417501814777825,20.0303346157023,20.662508938799476,47.06548051112691,49.72542078128044,52.535689533454075
0.004272,19.417501814777825,20.0303346157023,20.662508938799476,52.535689533454075,55.504782692447314,58.641676336502556
0.004233,19.417501814777825,20.0303346157023,20.662508938799476,58.641676336502556,61.955853833530256,65.45733451095779
0.003418,19.417501814777825,20.0303346157023,20.662508938799476,65.45733451095779,69.15670394587609,73.06514596705614
1.9e-05,19.417501814777825,20.0303346157023,20.662508938799476,73.06514596705614,77.19447646558302,81.55717911632256
2.5e-05,19.417501814777825,20.0303346157023,20.662508938799476,81.55717911632256,86.16644311821332,91.03620306747894
1.9e-05,19.417501814777825,20.0303346157023,20.662508938799476,91.03620306747894,96.18118108430411,101.61693132033079
2.2e-05,19.417501814777825,20.0303346157023,20.662508938799476,101.61693132033079,107.35988698152859,113.42741000859688
2e-05,19.417501814777825,20.0303346157023,20.662508938799476,113.42741000859688,119.83784356509167,126.61056749195744
2.2e-05,19.417501814777825,20.0303346157023,20.662508938799476,126.61056749195744,133.76605689611287,141.32594405021308
1.8e-05,19.417501814777825,20.0303346157023,20.662508938799476,141.32594405021308,149.31308379072314,157.7516226120118
1.7e-05,19.417501814777825,20.0303346157023,20.662508938799476,157.7516226120118,166.66707166534817,176.08638388349098
1.5e-05,19.417501814777825,20.0303346157023,20.662508938799476,176.08638388349098,186.0380354640305,196.55211195782155
1.3e-05,19.417501814777825,20.0303346157023,20.662508938799476,196.55211195782155,207.66039922276806,219.39647951792662
1.2e-05,19.417501814777825,20.0303346157023,20.662508938799476,219.39647951792662,231.79583302844003,244.8959451282275
1.2e-05,19.417501814777825,20.0303346157023,20.662508938799476,244.8959451282275,258.73641970470345,273.35909888812694
1.2e-05,19.417501814777825,20.0303346157023,20.662508938799476,273.35909888812694,288.8081895475435,305.13039693573796
7e-06,19.417501814777825,20.0303346157023,20.662508938799476,305.13039693573796,322.37506588723016,340.5943299961796
1.4e-05,19.417501814777825,20.0303346157023,20.662508938799476,340.5943299961796,359.843269225189,380.18007642148444
1.3e-05,19.417501814777825,20.0303346157023,20.662508938799476,380.18007642148444,401.66623324388144,424.3666960323934
1.2e-05,19.417501814777825,20.0303346157023,20.662508938799476,424.3666960323934,448.35009218239543,473.6889276170203
6e-06,19.417501814777825,20.0303346157023,20.662508938799476,473.6889276170203,500.45980598500944,528.7436602466912
1e-05,19.417501814777825,20.0303346157023,20.662508938799476,528.7436602466912,558.6259973482117,590.1971567237096
7e-06,19.417501814777825,20.0303346157023,20.662508938799476,590.1971567237096,623.5525834069318,658.7931165779523
9e-06,19.417501814777825,20.0303346157023,20.662508938799476,658.7931165779523,696.0252944173212,735.3616761892738
6e-06,19.417501814777825,20.0303346157023,20.662508938799476,735.3616761892738,776.9211825277038,820.8294549536521
7e-06,19.417501814777825,20.0303346157023,20.662508938799476,820.8294549536521,867.2192357111913,916.2307690700113
1e-05,19.417501814777825,20.0303346157023,20.662508938799476,916.2307690700113,968.0122253079195,1022.7201486550255
1.1e-05,19.417501814777825,20.0303346157023,20.662508938799476,1022.7201486550255,1080.5199305538154,1141.5863096658716
6e-06,19.417501814777825,20.0303346157023,20.662508938799476,1141.5863096658716,1206.1039001368388,1274.2677497166753
6e-06,19.417501814777825,20.0303346157023,20.662508938799476,1274.2677497166753,1346.2839294224782,1422.370156526539
7e-06,19.417501814777825,20.0303346157023,20.662508938799476,1422.370156526539,1502.7564527530292,1587.68583967315
8e-06,19.417501814777825,20.0303346157023,20.662508938799476,1587.68583967315,1677.4150734010555,1772.2154208116622
4e-06,19.417501814777825,20.0303346157023,20.662508938799476,1772.2154208116622,1872.373479626966,1978.1920448501505
5e-06,19.417501814777825,20.0303346157023,20.662508938799476,1978.1920448501505,2089.991024166855,2208.1084050810155
4e-06,19.417501814777825,20.0303346157023,20.662508938799476,2208.1084050810155,2332.9012767091076,2464.7469093218283
0.0,19.417501814777825,20.0303346157023,20.662508938799476,2464.7469093218283,2604.0438948968845,2751.213352130962
5e-06,19.417501814777825,20.0303346157023,20.662508938799476,2751.213352130962,2906.7001995538217,3070.9745005933823
2e-06,19.417501814777825,20.0303346157023,20.662508938799476,3070.9745005933823,3244.5328846581474,3427.9000485331494
4e-06,19.417501814777825,20.0303346157023,20.662508938799476,3427.9000485331494,3621.630342628391,3826.309446875285
4e-06,19.417501814777825,20.0303346157023,20.662508938799476,3826.309446875285,4042.556141337618,4271.024176889881
4e-06,19.417501814777825,20.0303346157023,20.662508938799476,4271.024176889881,4512.404251618383,4767.426098920123
0.004105,20.662508938799476,21.314635218888423,21.98734315662806,0.07999999999999999,0.08452125887808527,0.08929804002920383
0.004059,20.662508938799476,21.314635218888423,21.98734315662806,0.08929804002920383,0.09434478448267444,0.09967674941321612
0.004218,20.662508938799476,21.314635218888423,21.98734315662806,0.09967674941321612,0.10531005426600588,0.11126172948852864
0.0041,20.662508938799476,21.314635218888423,21.98734315662806,0.11126172948852864,0.11754976801654278,0.12419317966981348
0.004132,20.662508938799476,21.314635218888423,21.98734315662806,0.12419317966981348,0.13121204862206076,0.13862759411886386
0.003983,20.662508938799476,21.314635218888423,21.98734315662806,0.13862759411886386,0.14646223462708277,0.15473965560973155
0.004033,20.662508938799476,21.314635218888423,21.98734315662806,0.15473965560973155,0.1634848811311985,0.1727243495092878
0.003897,20.662508938799476,21.314635218888423,21.98734315662806,0.1727243495092878,0.1824859932427924,0.1927993234562322
0.003983,20.662508938799476,21.314635218888423,21.98734315662806,0.1927993234562322,0.20369551911704872,0.21520752129497553
0.003926,20.662508938799476,21.314635218888423,21.98734315662806,0.21520752129497553,0.22737013274854592,0.24022012313980576
0.003831,20.662508938799476,21.314635218888423,21.98734315662806,0.24022012313980576,0.25379634019531294,0.26813982714948303
0.003753,20.662508938799476,21.314635218888423,21.98734315662806,0.26813982714948303,0.28329394682533116,0.2993045127277292
0.003455,20.662508938799476,21.314635218888423,21.98734315662806,0.2993045127277292,0.31621992754549455,0.3340913294810264
0.00342,20.662508938799476,21.314635218888423,21.98734315662806,0.3340913294810264,0.3529727468498688,0.37292126141758264
0.003244,20.662508938799476,21.314635218888423,21.98734315662806,0.37292126141758264,0.3939971809677202,0.41626422162260607
0.003077,20.662508938799476,21.314635218888423,21.98734315662806,0.41626422162260607,0.4397897004681118,0.46464473906476067
0.002989,20.662508938799476,21.314635218888423,21.98734315662806,0.46464473906476067,0.4909044784604127,0.5186483063545496
0.002905,20.662508938799476,21.314635218888423,21.98734315662806,0.5186483063545496,0.547960097100917,0.5789284652740918
0.00276,20.662508938799476,21.314635218888423,21.98734315662806,0.5789284652740918,0.6116470335665513,0.6462147158261423
0.002649,20.662508938799476,21.314635218888423,21.98734315662806,0.6462147158261423,0.6827360160896209,0.7213213445162929
0.002588,20.662508938799476,21.314635218888423,21.98734315662806,0.7213213445162929,0.7620873511768764,0.805157278706688
0.002352,20.662508938799476,21.314635218888423,21.98734315662806,0.805157278706688,0.8506613348892827,0.8987370862969332
0.002351,20.662508938799476,21.314635218888423,21.98734315662806,0.8987370862969332,0.9495298741779894,1.0031932538484196
0.002308,20.662508938799476,21.314635218888423,21.98734315662806,1.0031932538484196,1.0598894589158872,1.1197898917397926
0.002136,20.662508938799476,21.314635218888423,21.98734315662806,1.1197898917397926,1.183075641610026,1.249938032210973
0.002032,20.662508938799476,21.314635218888423,21.98734315662806,1.249938032210973,1.3205792000258516,1.3952127054299968
0.001991,20.662508938799476,21.314635218888423,21.98734315662806,1.3952127054299968,1.4740641783205308,1.5573720002342704
0.001822,20.662508938799476,21.314635218888423,21.98734315662806,1.5573720002342704,1.6453880250160273,1.7383783402160131
0.001778,20.662508938799476,21.314635218888423,21.98734315662806,1.7383783402160131,1.8366240715181728,1.9404222326313807
0.002915,20.662508938799476,21.314635218888423,21.98734315662806,1.9404222326313807,2.050086623212864,2.1659487775384263
0.003791,20.662508938799476,21.314635218888423,21.98734315662806,2.1659487775384263,2.2883589667874706,2.417687257972894
0.003704,20.662508938799476,21.314635218888423,21.98734315662806,2.417687257972894,2.5543246327171887,2.6986841692569943
0.003557,20.662508938799476,21.314635218888423,21.98734315662806,2.6986841692569943,2.851202291249511,3.0123400871561223
0.003416,20.662508938799476,21.314635218888423,21.98734315662806,3.0123400871561223,3.1825847041919566,3.3624508210555346
0.003249,20.662508938799476,21.314635218888423,21.98734315662806,3.3624508210555346,3.552482203890815,3.7532533501855805
0.003141,20.662508938799476,21.314635218888423,21.98734315662806,3.7532533501855805,3.9653712255759532,4.189477098807692
0.00313,20.662508938799476,21.314635218888423,21.98734315662806,4.189477098807692,4.42624848040168,4.676401170884524
0.002919,20.662508938799476,21.314635218888423,21.98734315662806,4.676401170884524,4.940691424776398,5.219918236878273
0.002809,20.662508938799476,21.314635218888423,21.98734315662806,5.219918236878273,5.514925757770336,5.82660584582409
0.002793,20.662508938799476,21.314635218888423,21.98734315662806,5.82660584582409,6.155900763443285,6.5038060256849075
0.002654,20.662508938799476,21.314635218888423,21.98734315662806,6.5038060256849075,6.871373409872062,7.25971413529735
0.002585,20.662508938799476,21.314635218888423,21.98734315662806,7.25971413529735,7.670002222629526,8.103478043179491
0.002553,20.662508938799476,21.314635218888423,21.98734315662806,8.103478043179491,8.561452068755672,9.045308833445212
0.00246,20.662508938799476,21.314635218888423,21.98734315662806,9.045308833445212,9.556511119298175,10.096604378568765
0.002349,20.662508938799476,21.314635218888423,21.98734315662806,10.096604378568765,10.66722140588275,11.27008727445586
0.005749,20.662508938799476,21.314635218888423,21.98734315662806,11.27008727445586,11.907024551286224,12.579958807087245
0.006174,20.662508938799476,21.314635218888423,21.98734315662806,12.579958807087245,13.290924437618376,14.042070814012659
0.006005,20.662508938799476,21.314635218888423,21.98734315662806,14.042070814012659,14.835668780694615,15.67411752053271
0.005593,20.662508938799476,21.314635218888423,21.98734315662806,15.67411752053271,16.55995180798096,17.49584967213718
0.005476,20.662508938799476,21.314635218888423,21.98734315662806,17.49584967213718,18.484640492884626,19.529313554592992
0.00515,20.662508938799476,21.314635218888423,21.98734315662806,19.529313554592992,20.63302708323817,21.799117794261466
0.005207,20.662508938799476,21.314635218888423,21.98734315662806,21.799117794261466,23.03111098003311,24.332731167416135
0.004975,20.662508938799476,21.314635218888423,21.98734315662806,24.332731167416135,25.707913377650407,27.160815022597262
0.004892,20.662508938799476,21.314635218888423,21.98734315662806,27.160815022597262,28.695828473309135,30.317594338921154
0.004797,20.662508938799476,21.314635218888423,21.98734315662806,30.317594338921154,32.03101549600908,33.84127191082679
0.004547,20.662508938799476,21.314635218888423,21.98734315662806,33.84127191082679,35.75383629923332,37.77449067165226
0.004486,20.662508938799476,21.314635218888423,21.98734315662806,37.77449067165226,39.909343813081726,42.1648497509999
0.004503,20.662508938799476,21.314635218888423,21.98734315662806,42.1648497509999,44.547827266997885,47.06548051112691
0.004587,20.662508938799476,21.314635218888423,21.98734315662806,47.06548051112691,49.72542078128044,52.535689533454075
0.004538,20.662508938799476,21.314635218888423,21.98734315662806,52.535689533454075,55.504782692447314,58.641676336502556
0.004381,20.662508938799476,21.314635218888423,21.98734315662806,58.641676336502556,61.955853833530256,65.45733451095779
0.003579,20.662508938799476,21.314635218888423,21.98734315662806,65.45733451095779,69.15670394587609,73.06514596705614
1.6e-05,20.662508938799476,21.314635218888423,21.98734315662806,73.06514596705614,77.19447646558302,81.55717911632256
2.1e-05,20.662508938799476,21.314635218888423,21.98734315662806,81.55717911632256,86.16644311821332,91.03620306747894
2.3e-05,20.662508938799476,21.314635218888423,21.98734315662806,91.03620306747894,96.18118108430411,101.61693132033079
9e-06,20.662508938799476,21.314635218888423,21.98734315662806,101.61693132033079,107.35988698152859,113.42741000859688
1.9e-05,20.662508938799476,21.314635218888423,21.98734315662806,113.42741000859688,119.83784356509167,126.61056749195744
1.6e-05,20.662508938799476,21.314635218888423,21.98734315662806,126.61056749195744,133.76605689611287,141.32594405021308
1.7e-05,20.662508938799476,21.314635218888423,21.98734315662806,141.32594405021308,149.31308379072314,157.7516226120118
1.3e-05,20.662508938799476,21.314635218888423,21.98734315662806,157.7516226120118,166.66707166534817,176.08638388349098
1.4e-05,20.662508938799476,21.314635218888423,21.98734315662806,176.08638388349098,186.0380354640305,196.55211195782155
1.2e-05,20.662508938799476,21.314635218888423,21.98734315662806,196.55211195782155,207.66039922276806,219.39647951792662
1.1e-05,20.662508938799476,21.314635218888423,21.98734315662806,219.39647951792662,231.79583302844003,244.8959451282275
1.4e-05,20.662508938799476,21.314635218888423,21.98734315662806,244.8959451282275,258.73641970470345,273.35909888812694
1.2e-05,20.662508938799476,21.314635218888423,21.98734315662806,273.35909888812694,288.8081895475435,305.13039693573796
8e-06,20.662508938799476,21.314635218888423,21.98734315662806,305.13039693573796,322.37506588723016,340.5943299961796
1.2e-05,20.662508938799476,21.314635218888423,21.98734315662806,340.5943299961796,359.843269225189,380.18007642148444
9e-06,20.662508938799476,21.314635218888423,21.98734315662806,380.18007642148444,401.66623324388144,424.3666960323934
1e-05,20.662508938799476,21.314635218888423,21.98734315662806,424.3666960323934,448.35009218239543,473.6889276170203
8e-06,20.662508938799476,21.314635218888423,21.98734315662806,473.6889276170203,500.45980598500944,528.7436602466912
1.4e-05,20.662508938799476,21.314635218888423,21.98734315662806,528.7436602466912,558.6259973482117,590.1971567237096
1.4e-05,20.662508938799476,21.314635218888423,21.98734315662806,590.1971567237096,623.5525834069318,658.7931165779523
5e-06,20.662508938799476,21.314635218888423,21.98734315662806,658.7931165779523,696.0252944173212,735.3616761892738
8e-06,20.662508938799476,21.314635218888423,21.98734315662806,735.3616761892738,776.9211825277038,820.8294549536521
4e-06,20.662508938799476,21.314635218888423,21.98734315662806,820.8294549536521,867.2192357111913,916.2307690700113
5e-06,20.662508938799476,21.314635218888423,21.98734315662806,916.2307690700113,968.0122253079195,1022.7201486550255
6e-06,20.662508938799476,21.314635218888423,21.98734315662806,1022.7201486550255,1080.5199305538154,1141.5863096658716
3e-06,20.662508938799476,21.314635218888423,21.98734315662806,1141.5863096658716,1206.1039001368388,1274.2677497166753
4e-06,20.662508938799476,21.314635218888423,21.98734315662806,1274.2677497166753,1346.2839294224782,1422.370156526539
4e-06,20.662508938799476,21.314635218888423,21.98734315662806,1422.370156526539,1502.7564527530292,1587.68583967315
4e-06,20.662508938799476,21.314635218888423,21.98734315662806,1587.68583967315,1677.4150734010555,1772.2154208116622
4e-06,20.662508938799476,21.314635218888423,21.98734315662806,1772.2154208116622,1872.373479626966,1978.1920448501505
3e-06,20.662508938799476,21.314635218888423,21.98734315662806,1978.1920448501505,2089.991024166855,2208.1084050810155
2e-06,20.662508938799476,21.314635218888423,21.98734315662806,2208.1084050810155,2332.9012767091076,2464.7469093218283
3e-06,20.662508938799476,21.314635218888423,21.98734315662806,2464.7469093218283,2604.0438948968845,2751.213352130962
4e-06,20.662508938799476,21.314635218888423,21.98734315662806,2751.213352130962,2906.7001995538217,3070.9745005933823
3e-06,20.662508938799476,21.314635218888423,21.98734315662806,3070.9745005933823,3244.5328846581474,3427.9000485331494
3e-06,20.662508938799476,21.314635218888423,21.98734315662806,3427.9000485331494,3621.630342628391,3826.309446875285
1e-06,20.662508938799476,21.314635218888423,21.98734315662806,3826.309446875285,4042.556141337618,4271.024176889881
3e-06,20.662508938799476,21.314635218888423,21.98734315662806,4271.024176889881,4512.404251618383,4767.426098920123
0.004223,21.98734315662806,22.681282326563366,23.397122804362024,0.07999999999999999,0.08452125887808527,0.08929804002920383
0.004191,21.98734315662806,22.681282326563366,23.397122804362024,0.08929804002920383,0.09434478448267444,0.09967674941321612
0.004117,21.98734315662806,22.681282326563366,23.397122804362024,0.09967674941321612,0.10531005426600588,0.11126172948852864
0.004099,21.98734315662806,22.681282326563366,23.397122804362024,0.11126172948852864,0.11754976801654278,0.12419317966981348
0.004202,21.98734315662806,22.681282326563366,23.397122804362024,0.12419317966981348,0.13121204862206076,0.13862759411886386
0.004084,21.98734315662806,22.681282326563366,23.397122804362024,0.13862759411886386,0.14646223462708277,0.15473965560973155
0.004135,21.98734315662806,22.681282326563366,23.397122804362024,0.15473965560973155,0.1634848811311985,0.1727243495092878
0.004167,21.98734315662806,22.681282326563366,23.397122804362024,0.1727243495092878,0.1824859932427924,0.1927993234562322
0.00409,21.98734315662806,22.681282326563366,23.397122804362024,0.1927993234562322,0.20369551911704872,0.21520752129497553
0.00393,21.98734315662806,22.681282326563366,23.397122804362024,0.21520752129497553,0.22737013274854592,0.24022012313980576
0.003732,21.98734315662806,22.681282326563366,23.397122804362024,0.24022012313980576,0.25379634019531294,0.26813982714948303
0.003623,21.98734315662806,22.681282326563366,23.397122804362024,0.26813982714948303,0.28329394682533116,0.2993045127277292
0.003366,21.98734315662806,22.681282326563366,23.397122804362024,0.2993045127277292,0.31621992754549455,0.3340913294810264
0.00332,21.98734315662806,22.681282326563366,23.397122804362024,0.3340913294810264,0.3529727468498688,0.37292126141758264
0.0032,21.98734315662806,22.681282326563366,23.397122804362024,0.37292126141758264,0.3939971809677202,0.41626422162260607
0.003028,21.98734315662806,22.681282326563366,23.397122804362024,0.41626422162260607,0.4397897004681118,0.46464473906476067
0.002901,21.98734315662806,22.681282326563366,23.397122804362024,0.46464473906476067,0.4909044784604127,0.5186483063545496
0.002732,21.98734315662806,22.681282326563366,23.397122804362024,0.5186483063545496,0.547960097100917,0.5789284652740918
0.002683,21.98734315662806,22.681282326563366,23.397122804362024,0.5789284652740918,0.6116470335665513,0.6462147158261423
0.002633,21.98734315662806,22.681282326563366,23.397122804362024,0.6462147158261423,0.6827360160896209,0.7213213445162929
0.002353,21.98734315662806,22.681282326563366,23.397122804362024,0.7213213445162929,0.7620873511768764,0.805157278706688
0.002356,21.98734315662806,22.681282326563366,23.397122804362024,0.805157278706688,0.8506613348892827,0.8987370862969332
0.002284,21.98734315662806,22.681282326563366,23.397122804362024,0.8987370862969332,0.9495298741779894,1.0031932538484196
0.002128,21.98734315662806,22.681282326563366,23.397122804362024,1.0031932538484196,1.0598894589158872,1.1197898917397926
0.001981,21.98734315662806,22.681282326563366,23.397122804362024,1.1197898917397926,1.183075641610026,1.249938032210973
0.001969,21.98734315662806,22.681282326563366,23.397122804362024,1.249938032210973,1.3205792000258516,1.3952127054299968
0.001911,21.98734315662806,22.681282326563366,23.397122804362024,1.3952127054299968,1.4740641783205308,1.5573720002342704
0.001845,21.98734315662806,22.681282326563366,23.397122804362024,1.5573720002342704,1.6453880250160273,1.7383783402160131
0.001769,21.98734315662806,22.681282326563366,23.397122804362024,1.7383783402160131,1.8366240715181728,1.9404222326313807
0.00289,21.98734315662806,22.681282326563366,23.397122804362024,1.9404222326313807,2.050086623212864,2.1659487775384263
0.003745,21.98734315662806,22.681282326563366,23.397122804362024,2.1659487775384263,2.2883589667874706,2.417687257972894
0.003439,21.98734315662806,22.681282326563366,23.397122804362024,2.417687257972894,2.5543246327171887,2.6986841692569943
0.003345,21.98734315662806,22.681282326563366,23.397122804362024,2.6986841692569943,2.851202291249511,3.0123400871561223
0.0033,21.98734315662806,22.681282326563366,23.397122804362024,3.0123400871561223,3.1825847041919566,3.3624508210555346
0.003111,21.98734315662806,22.681282326563366,23.397122804362024,3.3624508210555346,3.552482203890815,3.7532533501855805
0.002958,21.98734315662806,22.681282326563366,23.397122804362024,3.7532533501855805,3.9653712255759532,4.189477098807692
0.00283,21.98734315662806,22.681282326563366,23.397122804362024,4.189477098807692,4.42624848040168,4.676401170884524
0.002787,21.98734315662806,22.681282326563366,23.397122804362024,4.676401170884524,4.940691424776398,5.219918236878273
0.002701,21.98734315662806,22.681282326563366,23.397122804362024,5.219918236878273,5.514925757770336,5.82660584582409
0.002595,21.98734315662806,22.681282326563366,23.397122804362024,5.82660584582409,6.155900763443285,6.5038060256849075
0.002517,21.98734315662806,22.681282326563366,23.397122804362024,6.5038060256849075,6.871373409872062,7.25971413529735
0.002388,21.98734315662806,22.681282326563366,23.397122804362024,7.25971413529735,7.670002222629526,8.103478043179491
0.002321,21.98734315662806,22.681282326563366,23.397122804362024,8.103478043179491,8.561452068755672,9.045308833445212
0.002338,21.98734315662806,22.681282326563366,23.397122804362024,9.045308833445212,9.556511119298175,10.096604378568765
0.002178,21.98734315662806,22.681282326563366,23.397122804362024,10.096604378568765,10.66722140588275,11.27008727445586
0.005553,21.98734315662806,22.681282326563366,23.397122804362024,11.27008727445586,11.907024551286224,12.579958807087245
0.005765,21.98734315662806,22.681282326563366,23.397122804362024,12.579958807087245,13.290924437618376,14.042070814012659
0.005672,21.98734315662806,22.681282326563366,23.397122804362024,14.042070814012659,14.835668780694615,15.67411752053271
0.005616,21.98734315662806,22.681282326563366,23.397122804362024,15.67411752053271,16.55995180798096,17.49584967213718
0.00528,21.98734315662806,22.681282326563366,23.397122804362024,17.49584967213718,18.484640492884626,19.529313554592992
0.00524,21.98734315662806,22.681282326563366,23.397122804362024,19.529313554592992,20.63302708323817,21.799117794261466
0.004951,21.98734315662806,22.681282326563366,23.397122804362024,21.799117794261466,23.03111098003311,24.332731167416135
0.005015,21.98734315662806,22.681282326563366,23.397122804362024,24.332731167416135,25.707913377650407,27.160815022597262
0.004876,21.98734315662806,22.681282326563366,23.397122804362024,27.160815022597262,28.695828473309135,30.317594338921154
0.004852,21.98734315662806,22.681282326563366,23.397122804362024,30.317594338921154,32.03101549600908,33.84127191082679
0.004698,21.98734315662806,22.681282326563366,23.397122804362024,33.84127191082679,35.75383629923332,37.77449067165226
0.004698,21.98734315662806,22.681282326563366,23.397122804362024,37.77449067165226,39.909343813081726,42.1648497509999
0.004785,21.98734315662806,22.681282326563366,23.397122804362024,42.1648497509999,44.547827266997885,47.06548051112691
0.004653,21.98734315662806,22.681282326563366,23.397122804362024,47.06548051112691,49.72542078128044,52.535689533454075
0.004703,21.98734315662806,22.681282326563366,23.397122804362024,52.535689533454075,55.504782692447314,58.641676336502556
0.00461,21.98734315662806,22.681282326563366,23.397122804362024,58.641676336502556,61.955853833530256,65.45733451095779
0.003855,21.98734315662806,22.681282326563366,23.397122804362024,65.45733451095779,69.15670394587609,73.06514596705614
1.6e-05,21.98734315662806,22.681282326563366,23.397122804362024,73.06514596705614,77.19447646558302,81.55717911632256
1.8e-05,21.98734315662806,22.681282326563366,23.397122804362024,81.55717911632256,86.16644311821332,91.03620306747894
1.4e-05,21.98734315662806,22.681282326563366,23.397122804362024,91.03620306747894,96.18118108430411,101.61693132033079
1.6e-05,21.98734315662806,22.681282326563366,23.397122804362024,101.61693132033079,107.35988698152859,113.42741000859688
1.8e-05,21.98734315662806,22.681282326563366,23.397122804362024,113.42741000859688,119.83784356509167,126.61056749195744
5e-06,21.98734315662806,22.681282326563366,23.397122804362024,126.61056749195744,133.76605689611287,141.32594405021308
1.2e-05,21.98734315662806,22.681282326563366,23.397122804362024,141.32594405021308,149.31308379072314,157.7516226120118
6e-06,21.98734315662806,22.681282326563366,23.397122804362024,157.7516226120118,166.66707166534817,176.08638388349098
3e-06,21.98734315662806,22.681282326563366,23.397122804362024,176.08638388349098,186.0380354640305,196.55211195782155
1.2e-05,21.98734315662806,22.681282326563366,23.397122804362024,196.55211195782155,207.66039922276806,219.39647951792662
9e-06,21.98734315662806,22.681282326563366,23.397122804362024,219.39647951792662,231.79583302844003,244.8959451282275
1.1e-05,21.98734315662806,22.681282326563366,23.397122804362024,244.8959451282275,258.73641970470345,273.35909888812694
1.3e-05,21.98734315662806,22.681282326563366,23.397122804362024,273.35909888812694,288.8081895475435,305.13039693573796
4e-06,21.98734315662806,22.681282326563366,23.397122804362024,305.13039693573796,322.37506588723016,340.5943299961796
1e-05,21.98734315662806,22.681282326563366,23.397122804362024,340.5943299961796,359.843269225189,380.18007642148444
9e-06,21.98734315662806,22.681282326563366,23.397122804362024,380.18007642148444,401.66623324388144,424.3666960323934
4e-06,21.98734315662806,22.681282326563366,23.397122804362024,424.3666960323934,448.35009218239543,473.6889276170203
5e-06,21.98734315662806,22.681282326563366,23.397122804362024,473.6889276170203,500.45980598500944,528.7436602466912
6e-06,21.98734315662806,22.681282326563366,23.397122804362024,528.7436602466912,558.6259973482117,590.1971567237096
3e-06,21.98734315662806,22.681282326563366,23.397122804362024,590.1971567237096,623.5525834069318,658.7931165779523
8e-06,21.98734315662806,22.681282326563366,23.397122804362024,658.7931165779523,696.0252944173212,735.3616761892738
6e-06,21.98734315662806,22.681282326563366,23.397122804362024,735.3616761892738,776.9211825277038,820.8294549536521
7e-06,21.98734315662806,22.681282326563366,23.397122804362024,820.8294549536521,867.2192357111913,916.2307690700113
6e-06,21.98734315662806,22.681282326563366,23.397122804362024,916.2307690700113,968.0122253079195,1022.7201486550255
6e-06,21.98734315662806,22.681282326563366,23.397122804362024,1022.7201486550255,1080.5199305538154,1141.5863096658716
4e-06,21.98734315662806,22.681282326563366,23.397122804362024,1141.5863096658716,1206.1039001368388,1274.2677497166753
5e-06,21.98734315662806,22.681282326563366,23.397122804362024,1274.2677497166753,1346.2839294224782,1422.370156526539
3e-06,21.98734315662806,22.681282326563366,23.397122804362024,1422.370156526539,1502.7564527530292,1587.68583967315
3e-06,21.98734315662806,22.681282326563366,23.397122804362024,1587.68583967315,1677.4150734010555,1772.2154208116622
4e-06,21.98734315662806,22.681282326563366,23.397122804362024,1772.2154208116622,1872.373479626966,1978.1920448501505
0.0,21.98734315662806,22.681282326563366,23.397122804362024,1978.1920448501505,2089.991024166855,2208.1084050810155
4e-06,21.98734315662806,22.681282326563366,23.397122804362024,2208.1084050810155,2332.9012767091076,2464.7469093218283
3e-06,21.98734315662806,22.681282326563366,23.397122804362024,2464.7469093218283,2604.0438948968845,2751.213352130962
3e-06,21.98734315662806,22.681282326563366,23.397122804362024,2751.213352130962,2906.7001995538217,3070.9745005933823
2e-06,21.98734315662806,22.681282326563366,23.397122804362024,3070.9745005933823,3244.5328846581474,3427.9000485331494
4e-06,21.98734315662806,22.681282326563366,23.397122804362024,3427.9000485331494,3621.630342628391,3826.309446875285
0.0,21.98734315662806,22.681282326563366,23.397122804362024,3826.309446875285,4042.556141337618,4271.024176889881
3e-06,21.98734315662806,22.681282326563366,23.397122804362024,4271.024176889881,4512.404251618383,4767.426098920123
0.004364,23.397122804362024,24.13555581384724,24.897294394451475,0.07999999999999999,0.08452125887808527,0.08929804002920383
0.004313,23.397122804362024,24.13555581384724,24.897294394451475,0.08929804002920383,0.09434478448267444,0.09967674941321612
0.004329,23.397122804362024,24.13555581384724,24.897294394451475,0.09967674941321612,0.10531005426600588,0.11126172948852864
0.004322,23.397122804362024,24.13555581384724,24.897294394451475,0.11126172948852864,0.11754976801654278,0.12419317966981348
0.004283,23.397122804362024,24.13555581384724,24.897294394451475,0.12419317966981348,0.13121204862206076,0.13862759411886386
0.00418,23.397122804362024,24.13555581384724,24.897294394451475,0.13862759411886386,0.14646223462708277,0.15473965560973155
0.004164,23.397122804362024,24.13555581384724,24.897294394451475,0.15473965560973155,0.1634848811311985,0.1727243495092878
0.003886,23.397122804362024,24.13555581384724,24.897294394451475,0.1727243495092878,0.1824859932427924,0.1927993234562322
0.003758,23.397122804362024,24.13555581384724,24.897294394451475,0.1927993234562322,0.20369551911704872,0.21520752129497553
0.003613,23.397122804362024,24.13555581384724,24.897294394451475,0.21520752129497553,0.22737013274854592,0.24022012313980576
0.003527,23.397122804362024,24.13555581384724,24.897294394451475,0.24022012313980576,0.25379634019531294,0.26813982714948303
0.003392,23.397122804362024,24.13555581384724,24.897294394451475,0.26813982714948303,0.28329394682533116,0.2993045127277292
0.003208,23.397122804362024,24.13555581384724,24.897294394451475,0.2993045127277292,0.31621992754549455,0.3340913294810264
0.003005,23.397122804362024,24.13555581384724,24.897294394451475,0.3340913294810264,0.3529727468498688,0.37292126141758264
0.002875,23.397122804362024,24.13555581384724,24.897294394451475,0.37292126141758264,0.3939971809677202,0.41626422162260607
0.002831,23.397122804362024,24.13555581384724,24.897294394451475,0.41626422162260607,0.4397897004681118,0.46464473906476067
0.002759,23.397122804362024,24.13555581384724,24.897294394451475,0.46464473906476067,0.4909044784604127,0.5186483063545496
0.002679,23.397122804362024,24.13555581384724,24.897294394451475,0.5186483063545496,0.547960097100917,0.5789284652740918
0.002506,23.397122804362024,24.13555581384724,24.897294394451475,0.5789284652740918,0.6116470335665513,0.6462147158261423
0.002495,23.397122804362024,24.13555581384724,24.897294394451475,0.6462147158261423,0.6827360160896209,0.7213213445162929
0.00225,23.397122804362024,24.13555581384724,24.897294394451475,0.7213213445162929,0.7620873511768764,0.805157278706688
0.002148,23.397122804362024,24.13555581384724,24.897294394451475,0.805157278706688,0.8506613348892827,0.8987370862969332
0.001953,23.397122804362024,24.13555581384724,24.897294394451475,0.8987370862969332,0.9495298741779894,1.0031932538484196
0.002,23.397122804362024,24.13555581384724,24.897294394451475,1.0031932538484196,1.0598894589158872,1.1197898917397926
0.001977,23.397122804362024,24.13555581384724,24.897294394451475,1.1197898917397926,1.183075641610026,1.249938032210973
0.001816,23.397122804362024,24.13555581384724,24.897294394451475,1.249938032210973,1.3205792000258516,1.3952127054299968
0.001727,23.397122804362024,24.13555581384724,24.897294394451475,1.3952127054299968,1.4740641783205308,1.5573720002342704
0.001672,23.397122804362024,24.13555581384724,24.897294394451475,1.5573720002342704,1.6453880250160273,1.7383783402160131
0.001628,23.397122804362024,24.13555581384724,24.897294394451475,1.7383783402160131,1.8366240715181728,1.9404222326313807
0.002525,23.397122804362024,24.13555581384724,24.897294394451475,1.9404222326313807,2.050086623212864,2.1659487775384263
0.003463,23.397122804362024,24.13555581384724,24.897294394451475,2.1659487775384263,2.2883589667874706,2.417687257972894
0.003295,23.397122804362024,24.13555581384724,24.897294394451475,2.417687257972894,2.5543246327171887,2.6986841692569943
0.003126,23.397122804362024,24.13555581384724,24.897294394451475,2.6986841692569943,2.851202291249511,3.0123400871561223
0.002919,23.397122804362024,24.13555581384724,24.897294394451475,3.0123400871561223,3.1825847041919566,3.3624508210555346
0.002872,23.397122804362024,24.13555581384724,24.897294394451475,3.3624508210555346,3.552482203890815,3.7532533501855805
0.00267,23.397122804362024,24.13555581384724,24.897294394451475,3.7532533501855805,3.9653712255759532,4.189477098807692
0.002675,23.397122804362024,24.13555581384724,24.897294394451475,4.189477098807692,4.42624848040168,4.676401170884524
0.002482,23.397122804362024,24.13555581384724,24.897294394451475,4.676401170884524,4.940691424776398,5.219918236878273
0.002456,23.397122804362024,24.13555581384724,24.897294394451475,5.219918236878273,5.514925757770336,5.82660584582409
0.002258,23.397122804362024,24.13555581384724,24.897294394451475,5.82660584582409,6.155900763443285,6.5038060256849075
0.002262,23.397122804362024,24.13555581384724,24.897294394451475,6.5038060256849075,6.871373409872062,7.25971413529735
0.002098,23.397122804362024,24.13555581384724,24.897294394451475,7.25971413529735,7.670002222629526,8.103478043179491
0.002121,23.397122804362024,24.13555581384724,24.897294394451475,8.103478043179491,8.561452068755672,9.045308833445212
0.002025,23.397122804362024,24.13555581384724,24.897294394451475,9.045308833445212,9.556511119298175,10.096604378568765
0.00195,23.397122804362024,24.13555581384724,24.897294394451475,10.096604378568765,10.66722140588275,11.27008727445586
0.005029,23.397122804362024,24.13555581384724,24.897294394451475,11.27008727445586,11.907024551286224,12.579958807087245
0.005293,23.397122804362024,24.13555581384724,24.897294394451475,12.579958807087245,13.290924437618376,14.042070814012659
0.005157,23.397122804362024,24.13555581384724,24.897294394451475,14.042070814012659,14.835668780694615,15.67411752053271
0.005096,23.397122804362024,24.13555581384724,24.897294394451475,15.67411752053271,16.55995180798096,17.49584967213718
0.00505,23.397122804362024,24.13555581384724,24.897294394451475,17.49584967213718,18.484640492884626,19.529313554592992
0.005049,23.397122804362024,24.13555581384724,24.897294394451475,19.529313554592992,20.63302708323817,21.799117794261466
0.004804,23.397122804362024,24.13555581384724,24.897294394451475,21.799117794261466,23.03111098003311,24.332731167416135
0.004832,23.397122804362024,24.13555581384724,24.897294394451475,24.332731167416135,25.707913377650407,27.160815022597262
0.004856,23.397122804362024,24.13555581384724,24.897294394451475,27.160815022597262,28.695828473309135,30.317594338921154
0.005071,23.397122804362024,24.13555581384724,24.897294394451475,30.317594338921154,32.03101549600908,33.84127191082679
0.005006,23.397122804362024,24.13555581384724,24.897294394451475,33.84127191082679,35.75383629923332,37.77449067165226
0.004994,23.397122804362024,24.13555581384724,24.897294394451475,37.77449067165226,39.909343813081726,42.1648497509999
0.005054,23.397122804362024,24.13555581384724,24.897294394451475,42.1648497509999,44.547827266997885,47.06548051112691
0.004925,23.397122804362024,24.13555581384724,24.897294394451475,47.06548051112691,49.72542078128044,52.535689533454075
0.004899,23.397122804362024,24.13555581384724,24.897294394451475,52.535689533454075,55.504782692447314,58.641676336502556
0.004961,23.397122804362024,24.13555581384724,24.897294394451475,58.641676336502556,61.955853833530256,65.45733451095779
0.00406,23.397122804362024,24.13555581384724,24.897294394451475,65.45733451095779,69.15670394587609,73.06514596705614
1e-05,23.397122804362024,24.13555581384724,24.897294394451475,73.06514596705614,77.19447646558302,81.55717911632256
1.1e-05,23.397122804362024,24.13555581384724,24.897294394451475,81.55717911632256,86.16644311821332,91.03620306747894
1.8e-05,23.397122804362024,24.13555581384724,24.897294394451475,91.03620306747894,96.18118108430411,101.61693132033079
1.4e-05,23.397122804362024,24.13555581384724,24.897294394451475,101.61693132033079,107.35988698152859,113.42741000859688
9e-06,23.397122804362024,24.13555581384724,24.897294394451475,113.42741000859688,119.83784356509167,126.61056749195744
1.5e-05,23.397122804362024,24.13555581384724,24.897294394451475,126.61056749195744,133.76605689611287,141.32594405021308
1.1e-05,23.397122804362024,24.13555581384724,24.897294394451475,141.32594405021308,149.31308379072314,157.7516226120118
7e-06,23.397122804362024,24.13555581384724,24.897294394451475,157.7516226120118,166.66707166534817,176.08638388349098
1e-05,23.397122804362024,24.13555581384724,24.897294394451475,176.08638388349098,186.0380354640305,196.55211195782155
1e-05,23.397122804362024,24.13555581384724,24.897294394451475,196.55211195782155,207.66039922276806,219.39647951792662
8e-06,23.397122804362024,24.13555581384724,24.897294394451475,219.39647951792662,231.79583302844003,244.8959451282275
7e-06,23.397122804362024,24.13555581384724,24.897294394451475,244.8959451282275,258.73641970470345,273.35909888812694
9e-06,23.397122804362024,24.13555581384724,24.897294394451475,273.35909888812694,288.8081895475435,305.13039693573796
8e-06,23.397122804362024,24.13555581384724,24.897294394451475,305.13039693573796,322.37506588723016,340.5943299961796
5e-06,23.397122804362024,24.13555581384724,24.897294394451475,340.5943299961796,359.843269225189,380.18007642148444
4e-06,23.397122804362024,24.13555581384724,24.897294394451475,380.18007642148444,401.66623324388144,424.3666960323934
9e-06,23.397122804362024,24.13555581384724,24.897294394451475,424.3666960323934,448.35009218239543,473.6889276170203
7e-06,23.397122804362024,24.13555581384724,24.897294394451475,473.6889276170203,500.45980598500944,528.7436602466912
3e-06,23.397122804362024,24.13555581384724,24.897294394451475,528.7436602466912,558.6259973482117,590.1971567237096
7e-06,23.397122804362024,24.13555581384724,24.897294394451475,590.1971567237096,623.5525834069318,658.7931165779523
5e-06,23.397122804362024,24.13555581384724,24.897294394451475,658.7931165779523,696.0252944173212,735.3616761892738
5e-06,23.397122804362024,24.13555581384724,24.897294394451475,735.3616761892738,776.9211825277038,820.8294549536521
8e-06,23.397122804362024,24.13555581384724,24.897294394451475,820.8294549536521,867.2192357111913,916.2307690700113
4e-06,23.397122804362024,24.13555581384724,24.897294394451475,916.2307690700113,968.0122253079195,1022.7201486550255
8e-06,23.397122804362024,24.13555581384724,24.897294394451475,1022.7201486550255,1080.5199305538154,1141.5863096658716
5e-06,23.397122804362024,24.13555581384724,24.897294394451475,1141.5863096658716,1206.1039001368388,1274.2677497166753
5e-06,23.397122804362024,24.13555581384724,24.897294394451475,1274.2677497166753,1346.2839294224782,1422.370156526539
3e-06,23.397122804362024,24.13555581384724,24.897294394451475,1422.370156526539,1502.7564527530292,1587.68583967315
4e-06,23.397122804362024,24.13555581384724,24.897294394451475,1587.68583967315,1677.4150734010555,1772.2154208116622
4e-06,23.397122804362024,24.13555581384724,24.897294394451475,1772.2154208116622,1872.373479626966,1978.1920448501505
4e-06,23.397122804362024,24.13555581384724,24.897294394451475,1978.1920448501505,2089.991024166855,2208.1084050810155
2e-06,23.397122804362024,24.13555581384724,24.897294394451475,2208.1084050810155,2332.9012767091076,2464.7469093218283
5e-06,23.397122804362024,24.13555581384724,24.897294394451475,2464.7469093218283,2604.0438948968845,2751.213352130962
2e-06,23.397122804362024,24.13555581384724,24.897294394451475,2751.213352130962,2906.7001995538217,3070.9745005933823
6e-06,23.397122804362024,24.13555581384724,24.897294394451475,3070.9745005933823,3244.5328846581474,3427.9000485331494
3e-06,23.397122804362024,24.13555581384724,24.897294394451475,3427.9000485331494,3621.630342628391,3826.309446875285
2e-06,23.397122804362024,24.13555581384724,24.897294394451475,3826.309446875285,4042.556141337618,4271.024176889881
1e-06,23.397122804362024,24.13555581384724,24.897294394451475,4271.024176889881,4512.404251618383,4767.426098920123
0.004379,24.897294394451475,25.683074089735488,26.493653657637722,0.07999999999999999,0.08452125887808527,0.08929804002920383
0.004274,24.897294394451475,25.683074089735488,26.493653657637722,0.08929804002920383,0.09434478448267444,0.09967674941321612
0.004307,24.897294394451475,25.683074089735488,26.493653657637722,0.09967674941321612,0.10531005426600588,0.11126172948852864
0.004101,24.897294394451475,25.683074089735488,26.493653657637722,0.11126172948852864,0.11754976801654278,0.12419317966981348
0.003881,24.897294394451475,25.683074089735488,26.493653657637722,0.12419317966981348,0.13121204862206076,0.13862759411886386
0.003768,24.897294394451475,25.683074089735488,26.493653657637722,0.13862759411886386,0.14646223462708277,0.15473965560973155
0.003649,24.897294394451475,25.683074089735488,26.493653657637722,0.15473965560973155,0.1634848811311985,0.1727243495092878
0.003546,24.897294394451475,25.683074089735488,26.493653657637722,0.1727243495092878,0.1824859932427924,0.1927993234562322
0.003394,24.897294394451475,25.683074089735488,26.493653657637722,0.1927993234562322,0.20369551911704872,0.21520752129497553
0.003242,24.897294394451475,25.683074089735488,26.493653657637722,0.21520752129497553,0.22737013274854592,0.24022012313980576
0.003076,24.897294394451475,25.683074089735488,26.493653657637722,0.24022012313980576,0.25379634019531294,0.26813982714948303
0.002965,24.897294394451475,25.683074089735488,26.493653657637722,0.26813982714948303,0.28329394682533116,0.2993045127277292
0.002948,24.897294394451475,25.683074089735488,26.493653657637722,0.2993045127277292,0.31621992754549455,0.3340913294810264
0.002697,24.897294394451475,25.683074089735488,26.493653657637722,0.3340913294810264,0.3529727468498688,0.37292126141758264
0.002691,24.897294394451475,25.683074089735488,26.493653657637722,0.37292126141758264,0.3939971809677202,0.41626422162260607
0.002632,24.897294394451475,25.683074089735488,26.493653657637722,0.41626422162260607,0.4397897004681118,0.46464473906476067
0.0024,24.897294394451475,25.683074089735488,26.493653657637722,0.46464473906476067,0.4909044784604127,0.5186483063545496
0.002348,24.897294394451475,25.683074089735488,26.493653657637722,0.5186483063545496,0.547960097100917,0.5789284652740918
0.002185,24.897294394451475,25.683074089735488,26.493653657637722,0.5789284652740918,0.6116470335665513,0.6462147158261423
0.002152,24.897294394451475,25.683074089735488,26.493653657637722,0.6462147158261423,0.6827360160896209,0.7213213445162929
0.002031,24.897294394451475,25.683074089735488,26.493653657637722,0.7213213445162929,0.7620873511768764,0.805157278706688
0.001928,24.897294394451475,25.683074089735488,26.493653657637722,0.805157278706688,0.8506613348892827,0.8987370862969332
0.001824,24.897294394451475,25.683074089735488,26.493653657637722,0.8987370862969332,0.9495298741779894,1.0031932538484196
0.001713,24.897294394451475,25.683074089735488,26.493653657637722,1.0031932538484196,1.0598894589158872,1.1197898917397926
0.00168,24.897294394451475,25.683074089735488,26.493653657637722,1.1197898917397926,1.183075641610026,1.249938032210973
0.001534,24.897294394451475,25.683074089735488,26.493653657637722,1.249938032210973,1.3205792000258516,1.3952127054299968
0.001452,24.897294394451475,25.683074089735488,26.493653657637722,1.3952127054299968,1.4740641783205308,1.5573720002342704
0.001481,24.897294394451475,25.683074089735488,26.493653657637722,1.5573720002342704,1.6453880250160273,1.7383783402160131
0.001371,24.897294394451475,25.683074089735488,26.493653657637722,1.7383783402160131,1.8366240715181728,1.9404222326313807
0.002295,24.897294394451475,25.683074089735488,26.493653657637722,1.9404222326313807,2.050086623212864,2.1659487775384263
0.002902,24.897294394451475,25.683074089735488,26.493653657637722,2.1659487775384263,2.2883589667874706,2.417687257972894
0.002718,24.897294394451475,25.683074089735488,26.493653657637722,2.417687257972894,2.5543246327171887,2.6986841692569943
0.002632,24.897294394451475,25.683074089735488,26.493653657637722,2.6986841692569943,2.851202291249511,3.0123400871561223
0.002559,24.897294394451475,25.683074089735488,26.493653657637722,3.0123400871561223,3.1825847041919566,3.3624508210555346
0.002497,24.897294394451475,25.683074089735488,26.493653657637722,3.3624508210555346,3.552482203890815,3.7532533501855805
0.002236,24.897294394451475,25.683074089735488,26.493653657637722,3.7532533501855805,3.9653712255759532,4.189477098807692
0.002129,24.897294394451475,25.683074089735488,26.493653657637722,4.189477098807692,4.42624848040168,4.676401170884524
0.002188,24.897294394451475,25.683074089735488,26.493653657637722,4.676401170884524,4.940691424776398,5.219918236878273
0.00203,24.897294394451475,25.683074089735488,26.493653657637722,5.219918236878273,5.514925757770336,5.82660584582409
0.001957,24.897294394451475,25.683074089735488,26.493653657637722,5.82660584582409,6.155900763443285,6.5038060256849075
0.001849,24.897294394451475,25.683074089735488,26.493653657637722,6.5038060256849075,6.871373409872062,7.25971413529735
0.001789,24.897294394451475,25.683074089735488,26.493653657637722,7.25971413529735,7.670002222629526,8.103478043179491
0.001757,24.897294394451475,25.683074089735488,26.493653657637722,8.103478043179491,8.561452068755672,9.045308833445212
0.001718,24.897294394451475,25.683074089735488,26.493653657637722,9.045308833445212,9.556511119298175,10.096604378568765
0.001703,24.897294394451475,25.683074089735488,26.493653657637722,10.096604378568765,10.66722140588275,11.27008727445586
0.00447,24.897294394451475,25.683074089735488,26.493653657637722,11.27008727445586,11.907024551286224,12.579958807087245
0.004922,24.897294394451475,25.683074089735488,26.493653657637722,12.579958807087245,13.290924437618376,14.042070814012659
0.00497,24.897294394451475,25.683074089735488,26.493653657637722,14.042070814012659,14.835668780694615,15.67411752053271
0.005029,24.897294394451475,25.683074089735488,26.493653657637722,15.67411752053271,16.55995180798096,17.49584967213718
0.005022,24.897294394451475,25.683074089735488,26.493653657637722,17.49584967213718,18.484640492884626,19.529313554592992
0.005066,24.897294394451475,25.683074089735488,26.493653657637722,19.529313554592992,20.63302708323817,21.799117794261466
0.005107,24.897294394451475,25.683074089735488,26.493653657637722,21.799117794261466,23.03111098003311,24.332731167416135
0.005285,24.897294394451475,25.683074089735488,26.493653657637722,24.332731167416135,25.707913377650407,27.160815022597262
0.005255,24.897294394451475,25.683074089735488,26.493653657637722,27.160815022597262,28.695828473309135,30.317594338921154
0.005408,24.897294394451475,25.683074089735488,26.493653657637722,30.317594338921154,32.03101549600908,33.84127191082679
0.005392,24.897294394451475,25.683074089735488,26.493653657637722,33.84127191082679,35.75383629923332,37.77449067165226
0.005319,24.897294394451475,25.683074089735488,26.493653657637722,37.77449067165226,39.909343813081726,42.1648497509999
0.00544,24.897294394451475,25.683074089735488,26.493653657637722,42.1648497509999,44.547827266997885,47.06548051112691
0.005375,24.897294394451475,25.683074089735488,26.493653657637722,47.06548051112691,49.72542078128044,52.535689533454075
0.005346,24.897294394451475,25.683074089735488,26.493653657637722,52.535689533454075,55.504782692447314,58.641676336502556
0.005381,24.897294394451475,25.683074089735488,26.493653657637722,58.641676336502556,61.955853833530256,65.45733451095779
0.004207,24.897294394451475,25.683074089735488,26.493653657637722,65.45733451095779,69.15670394587609,73.06514596705614
2.1e-05,24.897294394451475,25.683074089735488,26.493653657637722,73.06514596705614,77.19447646558302,81.55717911632256
6e-06,24.897294394451475,25.683074089735488,26.493653657637722,81.55717911632256,86.16644311821332,91.03620306747894
1e-05,24.897294394451475,25.683074089735488,26.493653657637722,91.03620306747894,96.18118108430411,101.61693132033079
1.2e-05,24.897294394451475,25.683074089735488,26.493653657637722,101.61693132033079,107.35988698152859,113.42741000859688
1.1e-05,24.897294394451475,25.683074089735488,26.493653657637722,113.42741000859688,119.83784356509167,126.61056749195744
1e-05,24.897294394451475,25.683074089735488,26.493653657637722,126.61056749195744,133.76605689611287,141.32594405021308
6e-06,24.897294394451475,25.683074089735488,26.493653657637722,141.32594405021308,149.31308379072314,157.7516226120118
7e-06,24.897294394451475,25.683074089735488,26.493653657637722,157.7516226120118,166.66707166534817,176.08638388349098
1.4e-05,24.897294394451475,25.683074089735488,26.493653657637722,176.08638388349098,186.0380354640305,196.55211195782155
7e-06,24.897294394451475,25.683074089735488,26.493653657637722,196.55211195782155,207.66039922276806,219.39647951792662
1.2e-05,24.897294394451475,25.683074089735488,26.493653657637722,219.39647951792662,231.79583302844003,244.8959451282275
7e-06,24.897294394451475,25.683074089735488,26.493653657637722,244.8959451282275,258.73641970470345,273.35909888812694
8e-06,24.897294394451475,25.683074089735488,26.493653657637722,273.35909888812694,288.8081895475435,305.13039693573796
2e-06,24.897294394451475,25.683074089735488,26.493653657637722,305.13039693573796,322.37506588723016,340.5943299961796
6e-06,24.897294394451475,25.683074089735488,26.493653657637722,340.5943299961796,359.843269225189,380.18007642148444
6e-06,24.897294394451475,25.683074089735488,26.493653657637722,380.18007642148444,401.66623324388144,424.3666960323934
9e-06,24.897294394451475,25.683074089735488,26.493653657637722,424.3666960323934,448.35009218239543,473.6889276170203
7e-06,24.897294394451475,25.683074089735488,26.493653657637722,473.6889276170203,500.45980598500944,528.7436602466912
4e-06,24.897294394451475,25.683074089735488,26.493653657637722,528.7436602466912,558.6259973482117,590.1971567237096
6e-06,24.897294394451475,25.683074089735488,26.493653657637722,590.1971567237096,623.5525834069318,658.7931165779523
2e-06,24.897294394451475,25.683074089735488,26.493653657637722,658.7931165779523,696.0252944173212,735.3616761892738
8e-06,24.897294394451475,25.683074089735488,26.493653657637722,735.3616761892738,776.9211825277038,820.8294549536521
5e-06,24.897294394451475,25.683074089735488,26.493653657637722,820.8294549536521,867.2192357111913,916.2307690700113
1e-05,24.897294394451475,25.683074089735488,26.493653657637722,916.2307690700113,968.0122253079195,1022.7201486550255
5e-06,24.897294394451475,25.683074089735488,26.493653657637722,1022.7201486550255,1080.5199305538154,1141.5863096658716
3e-06,24.897294394451475,25.683074089735488,26.493653657637722,1141.5863096658716,1206.1039001368388,1274.2677497166753
4e-06,24.897294394451475,25.683074089735488,26.493653657637722,1274.2677497166753,1346.2839294224782,1422.370156526539
1e-06,24.897294394451475,25.683074089735488,26.493653657637722,1422.370156526539,1502.7564527530292,1587.68583967315
4e-06,24.897294394451475,25.683074089735488,26.493653657637722,1587.68583967315,1677.4150734010555,1772.2154208116622
3e-06,24.897294394451475,25.683074089735488,26.493653657637722,1772.2154208116622,1872.373479626966,1978.1920448501505
3e-06,24.897294394451475,25.683074089735488,26.493653657637722,1978.1920448501505,2089.991024166855,2208.1084050810155
1e-06,24.897294394451475,25.683074089735488,26.493653657637722,2208.1084050810155,2332.9012767091076,2464.7469093218283
1e-06,24.897294394451475,25.683074089735488,26.493653657637722,2464.7469093218283,2604.0438948968845,2751.213352130962
4e-06,24.897294394451475,25.683074089735488,26.493653657637722,2751.213352130962,2906.7001995538217,3070.9745005933823
1e-06,24.897294394451475,25.683074089735488,26.493653657637722,3070.9745005933823,3244.5328846581474,3427.9000485331494
2e-06,24.897294394451475,25.683074089735488,26.493653657637722,3427.9000485331494,3621.630342628391,3826.309446875285
1e-06,24.897294394451475,25.683074089735488,26.493653657637722,3826.309446875285,4042.556141337618,4271.024176889881
1e-06,24.897294394451475,25.683074089735488,26.493653657637722,4271.024176889881,4512.404251618383,4767.426098920123
0.003903,26.493653657637722,27.329815803139695,28.19236793405498,0.07999999999999999,0.08452125887808527,0.08929804002920383
0.003676,26.493653657637722,27.329815803139695,28.19236793405498,0.08929804002920383,0.09434478448267444,0.09967674941321612
0.003627,26.493653657637722,27.329815803139695,28.19236793405498,0.09967674941321612,0.10531005426600588,0.11126172948852864
0.003605,26.493653657637722,27.329815803139695,28.19236793405498,0.11126172948852864,0.11754976801654278,0.12419317966981348
0.003475,26.493653657637722,27.329815803139695,28.19236793405498,0.12419317966981348,0.13121204862206076,0.13862759411886386
0.0033,26.493653657637722,27.329815803139695,28.19236793405498,0.13862759411886386,0.14646223462708277,0.15473965560973155
0.003071,26.493653657637722,27.329815803139695,28.19236793405498,0.15473965560973155,0.1634848811311985,0.1727243495092878
0.003094,26.493653657637722,27.329815803139695,28.19236793405498,0.1727243495092878,0.1824859932427924,0.1927993234562322
0.002906,26.493653657637722,27.329815803139695,28.19236793405498,0.1927993234562322,0.20369551911704872,0.21520752129497553
0.002735,26.493653657637722,27.329815803139695,28.19236793405498,0.21520752129497553,0.22737013274854592,0.24022012313980576
0.002627,26.493653657637722,27.329815803139695,28.19236793405498,0.24022012313980576,0.25379634019531294,0.26813982714948303
0.002553,26.493653657637722,27.329815803139695,28.19236793405498,0.26813982714948303,0.28329394682533116,0.2993045127277292
0.002358,26.493653657637722,27.329815803139695,28.19236793405498,0.2993045127277292,0.31621992754549455,0.3340913294810264
0.002236,26.493653657637722,27.329815803139695,28.19236793405498,0.3340913294810264,0.3529727468498688,0.37292126141758264
0.002208,26.493653657637722,27.329815803139695,28.19236793405498,0.37292126141758264,0.3939971809677202,0.41626422162260607
0.002149,26.493653657637722,27.329815803139695,28.19236793405498,0.41626422162260607,0.4397897004681118,0.46464473906476067
0.001955,26.493653657637722,27.329815803139695,28.19236793405498,0.46464473906476067,0.4909044784604127,0.5186483063545496
0.00183,26.493653657637722,27.329815803139695,28.19236793405498,0.5186483063545496,0.547960097100917,0.5789284652740918
0.00173,26.493653657637722,27.329815803139695,28.19236793405498,0.5789284652740918,0.6116470335665513,0.6462147158261423
0.001721,26.493653657637722,27.329815803139695,28.19236793405498,0.6462147158261423,0.6827360160896209,0.7213213445162929
0.001589,26.493653657637722,27.329815803139695,28.19236793405498,0.7213213445162929,0.7620873511768764,0.805157278706688
0.00157,26.493653657637722,27.329815803139695,28.19236793405498,0.805157278706688,0.8506613348892827,0.8987370862969332
0.001438,26.493653657637722,27.329815803139695,28.19236793405498,0.8987370862969332,0.9495298741779894,1.0031932538484196
0.001377,26.493653657637722,27.329815803139695,28.19236793405498,1.0031932538484196,1.0598894589158872,1.1197898917397926
0.00138,26.493653657637722,27.329815803139695,28.19236793405498,1.1197898917397926,1.183075641610026,1.249938032210973
0.001285,26.493653657637722,27.329815803139695,28.19236793405498,1.249938032210973,1.3205792000258516,1.3952127054299968
0.001223,26.493653657637722,27.329815803139695,28.19236793405498,1.3952127054299968,1.4740641783205308,1.5573720002342704
0.001137,26.493653657637722,27.329815803139695,28.19236793405498,1.5573720002342704,1.6453880250160273,1.7383783402160131
0.001103,26.493653657637722,27.329815803139695,28.19236793405498,1.7383783402160131,1.8366240715181728,1.9404222326313807
0.001822,26.493653657637722,27.329815803139695,28.19236793405498,1.9404222326313807,2.050086623212864,2.1659487775384263
0.002375,26.493653657637722,27.329815803139695,28.19236793405498,2.1659487775384263,2.2883589667874706,2.417687257972894
0.002237,26.493653657637722,27.329815803139695,28.19236793405498,2.417687257972894,2.5543246327171887,2.6986841692569943
0.002214,26.493653657637722,27.329815803139695,28.19236793405498,2.6986841692569943,2.851202291249511,3.0123400871561223
0.002021,26.493653657637722,27.329815803139695,28.19236793405498,3.0123400871561223,3.1825847041919566,3.3624508210555346
0.002057,26.493653657637722,27.329815803139695,28.19236793405498,3.3624508210555346,3.552482203890815,3.7532533501855805
0.001888,26.493653657637722,27.329815803139695,28.19236793405498,3.7532533501855805,3.9653712255759532,4.189477098807692
0.001882,26.493653657637722,27.329815803139695,28.19236793405498,4.189477098807692,4.42624848040168,4.676401170884524
0.00181,26.493653657637722,27.329815803139695,28.19236793405498,4.676401170884524,4.940691424776398,5.219918236878273
0.00179,26.493653657637722,27.329815803139695,28.19236793405498,5.219918236878273,5.514925757770336,5.82660584582409
0.001822,26.493653657637722,27.329815803139695,28.19236793405498,5.82660584582409,6.155900763443285,6.5038060256849075
0.001732,26.493653657637722,27.329815803139695,28.19236793405498,6.5038060256849075,6.871373409872062,7.25971413529735
0.001678,26.493653657637722,27.329815803139695,28.19236793405498,7.25971413529735,7.670002222629526,8.103478043179491
0.001682,26.493653657637722,27.329815803139695,28.19236793405498,8.103478043179491,8.561452068755672,9.045308833445212
0.001628,26.493653657637722,27.329815803139695,28.19236793405498,9.045308833445212,9.556511119298175,10.096604378568765
0.001639,26.493653657637722,27.329815803139695,28.19236793405498,10.096604378568765,10.66722140588275,11.27008727445586
0.0046,26.493653657637722,27.329815803139695,28.19236793405498,11.27008727445586,11.907024551286224,12.579958807087245
0.005224,26.493653657637722,27.329815803139695,28.19236793405498,12.579958807087245,13.290924437618376,14.042070814012659
0.005478,26.493653657637722,27.329815803139695,28.19236793405498,14.042070814012659,14.835668780694615,15.67411752053271
0.005595,26.493653657637722,27.329815803139695,28.19236793405498,15.67411752053271,16.55995180798096,17.49584967213718
0.005621,26.493653657637722,27.329815803139695,28.19236793405498,17.49584967213718,18.484640492884626,19.529313554592992
0.005737,26.493653657637722,27.329815803139695,28.19236793405498,19.529313554592992,20.63302708323817,21.799117794261466
0.005744,26.493653657637722,27.329815803139695,28.19236793405498,21.799117794261466,23.03111098003311,24.332731167416135
0.005738,26.493653657637722,27.329815803139695,28.19236793405498,24.332731167416135,25.707913377650407,27.160815022597262
0.00573,26.493653657637722,27.329815803139695,28.19236793405498,27.160815022597262,28.695828473309135,30.317594338921154
0.005967,26.493653657637722,27.329815803139695,28.19236793405498,30.317594338921154,32.03101549600908,33.84127191082679
0.005926,26.493653657637722,27.329815803139695,28.19236793405498,33.84127191082679,35.75383629923332,37.77449067165226
0.006023,26.493653657637722,27.329815803139695,28.19236793405498,37.77449067165226,39.909343813081726,42.1648497509999
0.005886,26.493653657637722,27.329815803139695,28.19236793405498,42.1648497509999,44.547827266997885,47.06548051112691
0.005716,26.493653657637722,27.329815803139695,28.19236793405498,47.06548051112691,49.72542078128044,52.535689533454075
0.005558,26.493653657637722,27.329815803139695,28.19236793405498,52.535689533454075,55.504782692447314,58.641676336502556
0.005652,26.493653657637722,27.329815803139695,28.19236793405498,58.641676336502556,61.955853833530256,65.45733451095779
0.004453,26.493653657637722,27.329815803139695,28.19236793405498,65.45733451095779,69.15670394587609,73.06514596705614
1.1e-05,26.493653657637722,27.329815803139695,28.19236793405498,73.06514596705614,77.19447646558302,81.55717911632256
9e-06,26.493653657637722,27.329815803139695,28.19236793405498,81.55717911632256,86.16644311821332,91.03620306747894
6e-06,26.493653657637722,27.329815803139695,28.19236793405498,91.03620306747894,96.18118108430411,101.61693132033079
1.2e-05,26.493653657637722,27.329815803139695,28.19236793405498,101.61693132033079,107.35988698152859,113.42741000859688
8e-06,26.493653657637722,27.329815803139695,28.19236793405498,113.42741000859688,119.83784356509167,126.61056749195744
1e-05,26.493653657637722,27.329815803139695,28.19236793405498,126.61056749195744,133.76605689611287,141.32594405021308
1.2e-05,26.493653657637722,27.329815803139695,28.19236793405498,141.32594405021308,149.31308379072314,157.7516226120118
8e-06,26.493653657637722,27.329815803139695,28.19236793405498,157.7516226120118,166.66707166534817,176.08638388349098
1.2e-05,26.493653657637722,27.329815803139695,28.19236793405498,176.08638388349098,186.0380354640305,196.55211195782155
1.2e-05,26.493653657637722,27.329815803139695,28.19236793405498,196.55211195782155,207.66039922276806,219.39647951792662
4e-06,26.493653657637722,27.329815803139695,28.19236793405498,219.39647951792662,231.79583302844003,244.8959451282275
1.3e-05,26.493653657637722,27.329815803139695,28.19236793405498,244.8959451282275,258.73641970470345,273.35909888812694
1.1e-05,26.493653657637722,27.329815803139695,28.19236793405498,273.35909888812694,288.8081895475435,305.13039693573796
9e-06,26.493653657637722,27.329815803139695,28.19236793405498,305.13039693573796,322.37506588723016,340.5943299961796
1e-05,26.493653657637722,27.329815803139695,28.19236793405498,340.5943299961796,359.843269225189,380.18007642148444
9e-06,26.493653657637722,27.329815803139695,28.19236793405498,380.18007642148444,401.66623324388144,424.3666960323934
3e-06,26.493653657637722,27.329815803139695,28.19236793405498,424.3666960323934,448.35009218239543,473.6889276170203
5e-06,26.493653657637722,27.329815803139695,28.19236793405498,473.6889276170203,500.45980598500944,528.7436602466912
4e-06,26.493653657637722,27.329815803139695,28.19236793405498,528.7436602466912,558.6259973482117,590.1971567237096
4e-06,26.493653657637722,27.329815803139695,28.19236793405498,590.1971567237096,623.5525834069318,658.7931165779523
6e-06,26.493653657637722,27.329815803139695,28.19236793405498,658.7931165779523,696.0252944173212,735.3616761892738
3e-06,26.493653657637722,27.329815803139695,28.19236793405498,735.3616761892738,776.9211825277038,820.8294549536521
7e-06,26.493653657637722,27.329815803139695,28.19236793405498,820.8294549536521,867.2192357111913,916.2307690700113
4e-06,26.493653657637722,27.329815803139695,28.19236793405498,916.2307690700113,968.0122253079195,1022.7201486550255
6e-06,26.493653657637722,27.329815803139695,28.19236793405498,1022.7201486550255,1080.5199305538154,1141.5863096658716
7e-06,26.493653657637722,27.329815803139695,28.19236793405498,1141.5863096658716,1206.1039001368388,1274.2677497166753
7e-06,26.493653657637722,27.329815803139695,28.19236793405498,1274.2677497166753,1346.2839294224782,1422.370156526539
4e-06,26.493653657637722,27.329815803139695,28.19236793405498,1422.370156526539,1502.7564527530292,1587.68583967315
3e-06,26.493653657637722,27.329815803139695,28.19236793405498,1587.68583967315,1677.4150734010555,1772.2154208116622
4e-06,26.493653657637722,27.329815803139695,28.19236793405498,1772.2154208116622,1872.373479626966,1978.1920448501505
6e-06,26.493653657637722,27.329815803139695,28.19236793405498,1978.1920448501505,2089.991024166855,2208.1084050810155
0.0,26.493653657637722,27.329815803139695,28.19236793405498,2208.1084050810155,2332.9012767091076,2464.7469093218283
2e-06,26.493653657637722,27.329815803139695,28.19236793405498,2464.7469093218283,2604.0438948968845,2751.213352130962
5e-06,26.493653657637722,27.329815803139695,28.19236793405498,2751.213352130962,2906.7001995538217,3070.9745005933823
8e-06,26.493653657637722,27.329815803139695,28.19236793405498,3070.9745005933823,3244.5328846581474,3427.9000485331494
3e-06,26.493653657637722,27.329815803139695,28.19236793405498,3427.9000485331494,3621.630342628391,3826.309446875285
2e-06,26.493653657637722,27.329815803139695,28.19236793405498,3826.309446875285,4042.556141337618,4271.024176889881
1e-06,26.493653657637722,27.329815803139695,28.19236793405498,4271.024176889881,4512.404251618383,4767.426098920123
0.0038,28.19236793405498,29.082142940671503,29.999999999999996,0.07999999999999999,0.08452125887808527,0.08929804002920383
0.003608,28.19236793405498,29.082142940671503,29.999999999999996,0.08929804002920383,0.09434478448267444,0.09967674941321612
0.00347,28.19236793405498,29.082142940671503,29.999999999999996,0.09967674941321612,0.10531005426600588,0.11126172948852864
0.003312,28.19236793405498,29.082142940671503,29.999999999999996,0.11126172948852864,0.11754976801654278,0.12419317966981348
0.003131,28.19236793405498,29.082142940671503,29.999999999999996,0.12419317966981348,0.13121204862206076,0.13862759411886386
0.002989,28.19236793405498,29.082142940671503,29.999999999999996,0.13862759411886386,0.14646223462708277,0.15473965560973155
0.002918,28.19236793405498,29.082142940671503,29.999999999999996,0.15473965560973155,0.1634848811311985,0.1727243495092878
0.002672,28.19236793405498,29.082142940671503,29.999999999999996,0.1727243495092878,0.1824859932427924,0.1927993234562322
0.002659,28.19236793405498,29.082142940671503,29.999999999999996,0.1927993234562322,0.20369551911704872,0.21520752129497553
0.00256,28.19236793405498,29.082142940671503,29.999999999999996,0.21520752129497553,0.22737013274854592,0.24022012313980576
0.002427,28.19236793405498,29.082142940671503,29.999999999999996,0.24022012313980576,0.25379634019531294,0.26813982714948303
0.002341,28.19236793405498,29.082142940671503,29.999999999999996,0.26813982714948303,0.28329394682533116,0.2993045127277292
0.002181,28.19236793405498,29.082142940671503,29.999999999999996,0.2993045127277292,0.31621992754549455,0.3340913294810264
0.002091,28.19236793405498,29.082142940671503,29.999999999999996,0.3340913294810264,0.3529727468498688,0.37292126141758264
0.001972,28.19236793405498,29.082142940671503,29.999999999999996,0.37292126141758264,0.3939971809677202,0.41626422162260607
0.001828,28.19236793405498,29.082142940671503,29.999999999999996,0.41626422162260607,0.4397897004681118,0.46464473906476067
0.001815,28.19236793405498,29.082142940671503,29.999999999999996,0.46464473906476067,0.4909044784604127,0.5186483063545496
0.001761,28.19236793405498,29.082142940671503,29.999999999999996,0.5186483063545496,0.547960097100917,0.5789284652740918
0.00158,28.19236793405498,29.082142940671503,29.999999999999996,0.5789284652740918,0.6116470335665513,0.6462147158261423
0.001554,28.19236793405498,29.082142940671503,29.999999999999996,0.6462147158261423,0.6827360160896209,0.7213213445162929
0.001536,28.19236793405498,29.082142940671503,29.999999999999996,0.7213213445162929,0.7620873511768764,0.805157278706688
0.001451,28.19236793405498,29.082142940671503,29.999999999999996,0.805157278706688,0.8506613348892827,0.8987370862969332
0.001335,28.19236793405498,29.082142940671503,29.999999999999996,0.8987370862969332,0.9495298741779894,1.0031932538484196
0.001339,28.19236793405498,29.082142940671503,29.999999999999996,1.0031932538484196,1.0598894589158872,1.1197898917397926
0.001232,28.19236793405498,29.082142940671503,29.999999999999996,1.1197898917397926,1.183075641610026,1.249938032210973
0.001186,28.19236793405498,29.082142940671503,29.999999999999996,1.249938032210973,1.3205792000258516,1.3952127054299968
0.001096,28.19236793405498,29.082142940671503,29.999999999999996,1.3952127054299968,1.4740641783205308,1.5573720002342704
0.001055,28.19236793405498,29.082142940671503,29.999999999999996,1.5573720002342704,1.6453880250160273,1.7383783402160131
0.001037,28.19236793405498,29.082142940671503,29.999999999999996,1.7383783402160131,1.8366240715181728,1.9404222326313807
0.001672,28.19236793405498,29.082142940671503,29.999999999999996,1.9404222326313807,2.050086623212864,2.1659487775384263
0.002203,28.19236793405498,29.082142940671503,29.999999999999996,2.1659487775384263,2.2883589667874706,2.417687257972894
0.002151,28.19236793405498,29.082142940671503,29.999999999999996,2.417687257972894,2.5543246327171887,2.6986841692569943
0.002044,28.19236793405498,29.082142940671503,29.999999999999996,2.6986841692569943,2.851202291249511,3.0123400871561223
0.002061,28.19236793405498,29.082142940671503,29.999999999999996,3.0123400871561223,3.1825847041919566,3.3624508210555346
0.001953,28.19236793405498,29.082142940671503,29.999999999999996,3.3624508210555346,3.552482203890815,3.7532533501855805
0.001932,28.19236793405498,29.082142940671503,29.999999999999996,3.7532533501855805,3.9653712255759532,4.189477098807692
0.001921,28.19236793405498,29.082142940671503,29.999999999999996,4.189477098807692,4.42624848040168,4.676401170884524
0.00185,28.19236793405498,29.082142940671503,29.999999999999996,4.676401170884524,4.940691424776398,5.219918236878273
0.001945,28.19236793405498,29.082142940671503,29.999999999999996,5.219918236878273,5.514925757770336,5.82660584582409
0.001914,28.19236793405498,29.082142940671503,29.999999999999996,5.82660584582409,6.155900763443285,6.5038060256849075
0.001906,28.19236793405498,29.082142940671503,29.999999999999996,6.5038060256849075,6.871373409872062,7.25971413529735
0.001889,28.19236793405498,29.082142940671503,29.999999999999996,7.25971413529735,7.670002222629526,8.103478043179491
0.001878,28.19236793405498,29.082142940671503,29.999999999999996,8.103478043179491,8.561452068755672,9.045308833445212
0.001963,28.19236793405498,29.082142940671503,29.999999999999996,9.045308833445212,9.556511119298175,10.096604378568765
0.001913,28.19236793405498,29.082142940671503,29.999999999999996,10.096604378568765,10.66722140588275,11.27008727445586
0.005771,28.19236793405498,29.082142940671503,29.999999999999996,11.27008727445586,11.907024551286224,12.579958807087245
0.006598,28.19236793405498,29.082142940671503,29.999999999999996,12.579958807087245,13.290924437618376,14.042070814012659
0.006586,28.19236793405498,29.082142940671503,29.999999999999996,14.042070814012659,14.835668780694615,15.67411752053271
0.006721,28.19236793405498,29.082142940671503,29.999999999999996,15.67411752053271,16.55995180798096,17.49584967213718
0.006705,28.19236793405498,29.082142940671503,29.999999999999996,17.49584967213718,18.484640492884626,19.529313554592992
0.006792,28.19236793405498,29.082142940671503,29.999999999999996,19.529313554592992,20.63302708323817,21.799117794261466
0.006815,28.19236793405498,29.082142940671503,29.999999999999996,21.799117794261466,23.03111098003311,24.332731167416135
0.006734,28.19236793405498,29.082142940671503,29.999999999999996,24.332731167416135,25.707913377650407,27.160815022597262
0.006559,28.19236793405498,29.082142940671503,29.999999999999996,27.160815022597262,28.695828473309135,30.317594338921154
0.006703,28.19236793405498,29.082142940671503,29.999999999999996,30.317594338921154,32.03101549600908,33.84127191082679
0.006694,28.19236793405498,29.082142940671503,29.999999999999996,33.84127191082679,35.75383629923332,37.77449067165226
0.006447,28.19236793405498,29.082142940671503,29.999999999999996,37.77449067165226,39.909343813081726,42.1648497509999
0.006289,28.19236793405498,29.082142940671503,29.999999999999996,42.1648497509999,44.547827266997885,47.06548051112691
0.006268,28.19236793405498,29.082142940671503,29.999999999999996,47.06548051112691,49.72542078128044,52.535689533454075
0.006166,28.19236793405498,29.082142940671503,29.999999999999996,52.535689533454075,55.504782692447314,58.641676336502556
0.006118,28.19236793405498,29.082142940671503,29.999999999999996,58.641676336502556,61.955853833530256,65.45733451095779
0.004689,28.19236793405498,29.082142940671503,29.999999999999996,65.45733451095779,69.15670394587609,73.06514596705614
1.5e-05,28.19236793405498,29.082142940671503,29.999999999999996,73.06514596705614,77.19447646558302,81.55717911632256
8e-06,28.19236793405498,29.082142940671503,29.999999999999996,81.55717911632256,86.16644311821332,91.03620306747894
8e-06,28.19236793405498,29.082142940671503,29.999999999999996,91.03620306747894,96.18118108430411,101.61693132033079
1.3e-05,28.19236793405498,29.082142940671503,29.999999999999996,101.61693132033079,107.35988698152859,113.42741000859688
6e-06,28.19236793405498,29.082142940671503,29.999999999999996,113.42741000859688,119.83784356509167,126.61056749195744
1.2e-05,28.19236793405498,29.082142940671503,29.999999999999996,126.61056749195744,133.76605689611287,141.32594405021308
1.3e-05,28.19236793405498,29.082142940671503,29.999999999999996,141.32594405021308,149.31308379072314,157.7516226120118
7e-06,28.19236793405498,29.082142940671503,29.999999999999996,157.7516226120118,166.66707166534817,176.08638388349098
1.2e-05,28.19236793405498,29.082142940671503,29.999999999999996,176.08638388349098,186.0380354640305,196.55211195782155
5e-06,28.19236793405498,29.082142940671503,29.999999999999996,196.55211195782155,207.66039922276806,219.39647951792662
2e-06,28.19236793405498,29.082142940671503,29.999999999999996,219.39647951792662,231.79583302844003,244.8959451282275
1e-05,28.19236793405498,29.082142940671503,29.999999999999996,244.8959451282275,258.73641970470345,273.35909888812694
5e-06,28.19236793405498,29.082142940671503,29.999999999999996,273.35909888812694,288.8081895475435,305.13039693573796
1e-05,28.19236793405498,29.082142940671503,29.999999999999996,305.13039693573796,322.37506588723016,340.5943299961796
6e-06,28.19236793405498,29.082142940671503,29.999999999999996,340.5943299961796,359.843269225189,380.18007642148444
9e-06,28.19236793405498,29.082142940671503,29.999999999999996,380.18007642148444,401.66623324388144,424.3666960323934
8e-06,28.19236793405498,29.082142940671503,29.999999999999996,424.3666960323934,448.35009218239543,473.6889276170203
2e-06,28.19236793405498,29.082142940671503,29.999999999999996,473.6889276170203,500.45980598500944,528.7436602466912
3e-06,28.19236793405498,29.082142940671503,29.999999999999996,528.7436602466912,558.6259973482117,590.1971567237096
4e-06,28.19236793405498,29.082142940671503,29.999999999999996,590.1971567237096,623.5525834069318,658.7931165779523
2e-06,28.19236793405498,29.082142940671503,29.999999999999996,658.7931165779523,696.0252944173212,735.3616761892738
3e-06,28.19236793405498,29.082142940671503,29.999999999999996,735.3616761892738,776.9211825277038,820.8294549536521
2e-06,28.19236793405498,29.082142940671503,29.999999999999996,820.8294549536521,867.2192357111913,916.2307690700113
3e-06,28.19236793405498,29.082142940671503,29.999999999999996,916.2307690700113,968.0122253079195,1022.7201486550255
7e-06,28.19236793405498,29.082142940671503,29.999999999999996,1022.7201486550255,1080.5199305538154,1141.5863096658716
4e-06,28.19236793405498,29.082142940671503,29.999999999999996,1141.5863096658716,1206.1039001368388,1274.2677497166753
1e-06,28.19236793405498,29.082142940671503,29.999999999999996,1274.2677497166753,1346.2839294224782,1422.370156526539
1e-06,28.19236793405498,29.082142940671503,29.999999999999996,1422.370156526539,1502.7564527530292,1587.68583967315
2e-06,28.19236793405498,29.082142940671503,29.999999999999996,1587.68583967315,1677.4150734010555,1772.2154208116622
4e-06,28.19236793405498,29.082142940671503,29.999999999999996,1772.2154208116622,1872.373479626966,1978.1920448501505
2e-06,28.19236793405498,29.082142940671503,29.999999999999996,1978.1920448501505,2089.991024166855,2208.1084050810155
0.0,28.19236793405498,29.082142940671503,29.999999999999996,2208.1084050810155,2332.9012767091076,2464.7469093218283
1e-06,28.19236793405498,29.082142940671503,29.999999999999996,2464.7469093218283,2604.0438948968845,2751.213352130962
2e-06,28.19236793405498,29.082142940671503,29.999999999999996,2751.213352130962,2906.7001995538217,3070.9745005933823
5e-06,28.19236793405498,29.082142940671503,29.999999999999996,3070.9745005933823,3244.5328846581474,3427.9000485331494
3e-06,28.19236793405498,29.082142940671503,29.999999999999996,3427.9000485331494,3621.630342628391,3826.309446875285
2e-06,28.19236793405498,29.082142940671503,29.999999999999996,3826.309446875285,4042.556141337618,4271.024176889881
1e-06,28.19236793405498,29.082142940671503,29.999999999999996,4271.024176889881,4512.404251618383,4767.426098920123
